-2.67114493
-2.65817798
-2.66026155
-2.62236353
-2.60924245
-2.70694052
-3.58627336
-2.95975782
-2.99972962
-2.62594425
-3.10395686
-2.76197892
-3.04921286
-2.83968240
-3.71765467
-2.77753137
-3.01596625
-3.27983118
-2.97779911
-3.83022953
-3.06187423
-3.40316905
-3.08412713
-3.03226025
-3.07074747
-3.61517327
-3.14429761
-2.83821859
-3.87167374
-3.04862402
-2.87162636
-3.03842449
-2.85031146
-3.08679653
-3.17212992
-3.78413076
-2.87073703
-3.11934178
-3.07344256
-3.15227101
-2.87960061
-2.79535405
-3.06979724
-4.34420713
-3.10053480
-3.10570832
-2.77832925
-3.10150897
-3.04601871
-3.12883776
-2.60593470
-3.14347915
-2.49082533
-3.16656971
-3.45450851
-4.10857779
-2.76840224
-3.42221180
-2.66937392
-2.48864489
-3.16466533
-2.74286559
-3.75463638
-3.02195868
-2.73084052
-3.36786757
-2.97740596
-2.98252417
-3.75262148
-2.82213788
-3.01015796
-2.99371404
-3.09057086
-3.75391772
-3.11627512
-3.28078333
-2.82197037
-3.06347002
-3.14655437
-3.14666100
-3.77906958
-3.11125879
-3.13374625
-3.08284504
-3.03679291
-3.96233843
-3.13101117
-3.93113290
-3.05433888
-2.68765223
-2.73219443
-3.03252443
-2.82819435
-3.02862849
-2.83132978
-2.80668028
-3.09550097
-3.02670665
-2.97093217
-2.71209780
0.75783067
1.32690824
0.50540682
1.57288930
0.31575769
0.63109202
2.24766231
0.48014578
0.15728094
1.30858691
0.43455494
0.86884152
0.20194575
0.67668175
1.85131733
1.80241135
1.11913189
1.80469517
0.99934422
2.67150152
1.22131718
2.53089569
2.65780714
1.49318282
1.38185902
1.05582364
1.69741766
1.21549057
1.65355312
0.97001351
1.14775214
0.99041132
1.97356633
2.09488875
2.09830450
0.39110135
-0.87803313
1.91673388
1.57911887
0.85051292
1.56840338
-0.59796148
2.27969431
1.07441474
1.20491842
2.58761347
0.78851577
1.38651545
1.75142841
1.15062883
2.03333985
0.54441923
0.80123222
2.33887570
1.49376987
1.50654878
0.53122724
-1.54189754
1.04715005
2.08125783
2.23237700
0.99117608
1.22225706
0.52036826
0.08714182
1.42796864
1.65936561
0.69541737
0.69484046
1.64691016
0.74223552
0.73419748
1.66658482
0.60875010
2.01359140
1.19736406
2.38814391
2.12826031
0.81774957
0.86496652
1.42517399
2.72335609
2.44671782
2.69220844
2.52670264
2.92451800
1.42926932
2.82163963
1.86092726
2.65253208
2.60055862
0.90275866
1.07926017
1.79750358
-0.67111584
2.02921768
1.67636703
2.16267699
0.70563216
0.54769325
-0.89405664
0.35986507
-0.77888869
-2.12160883
0.13602699
-0.46570978
-3.21912740
-0.44234411
0.40473021
-2.03122987
-1.63279682
0.28025542
-1.04124465
-0.29615944
0.28271875
-0.42258940
-0.51887127
-2.82092224
0.07058481
0.02714070
0.11338898
-0.79818334
0.16808064
-0.79789384
-0.91896694
-0.19068519
-0.14901683
-1.16044394
-1.12250756
-0.81312504
-2.25272667
1.10531029
-1.82634993
-0.03145441
-1.43848133
1.03696743
-0.17741566
-0.63747304
0.09604124
0.06186387
1.44281728
1.22231513
-0.14633451
0.30131732
0.26075115
1.40888105
-1.21986670
1.24374323
1.17298906
-3.25517776
-1.11849053
-1.35885559
-0.50683926
-2.15696452
-0.92433448
-0.34574328
-0.56112428
-0.94134099
-1.70946626
-0.68936952
-0.93519496
0.20735471
0.01281632
-0.51202910
-1.97095454
-0.63092174
-0.71040274
0.56072366
0.34256370
0.66472718
-0.80233956
-0.79364362
-0.83937715
-0.39163394
-1.27496673
-2.62917185
0.72815132
0.43231814
-2.00104711
-0.49140859
-1.10523374
-1.47439475
1.40785551
1.08928612
-1.10185085
-0.10097901
-1.15856736
1.50783210
0.18366576
-0.28113654
-0.65185030
-0.17501301
-0.11834470
-0.68106176
1.42694099
-0.19015904
0.11562967
1.71153503
2.43343972
-0.27026393
15.74417001
12.99052881
14.02988842
13.86544301
14.07391373
14.70050750
13.98414953
17.63323596
14.32757803
17.18839435
14.23481227
13.51202416
12.14348003
14.24587488
13.73206225
15.58471873
12.54947921
17.10036603
12.64396202
14.13641236
13.33596457
14.29270863
15.87767153
14.03125822
14.49877103
12.46902654
15.88689505
13.79361960
13.90060796
13.67211182
12.91437916
12.01005958
11.79675572
14.33947920
14.63206550
13.94159504
13.08384127
12.57110697
13.92990179
12.28569618
13.52126020
14.25024005
12.80082202
14.58488550
13.89192252
14.89269219
13.99723762
13.98127838
11.29273586
12.57587968
11.20173468
14.23643403
11.71214053
13.35665555
13.47306515
13.80190969
13.56910573
13.82401929
13.46511253
13.75654883
13.87174230
16.54275504
14.10623778
13.77764254
13.85125398
13.62301789
15.89244887
15.01521162
12.00366986
14.18346600
16.09325061
13.86500047
14.23134878
12.99840778
13.20168672
13.39258724
12.89760432
13.21263696
14.26448639
14.25187427
11.78642253
14.38068293
13.12608750
14.88273257
11.91456785
12.92075758
13.86932945
13.21451549
14.58805726
14.37720902
13.38795844
12.66843175
12.48517132
13.00927887
14.29749636
15.03411209
13.40108312
11.60359049
13.96400203
12.61147917
-5.90351423
-5.16181432
-5.11341399
-4.96339418
-5.03722780
-4.80402326
-5.09706133
-5.15104069
-5.19554640
-6.30971345
-6.45475823
-6.47231523
-6.29542262
-6.35500421
-6.51889940
-6.34453832
-6.71923054
-7.00309136
-6.68696496
-6.77330649
-6.66812412
-6.71874648
-6.69465825
-6.65319334
-6.38629540
-6.38037443
-6.67746922
-6.09029834
-6.05030247
-5.99598121
-4.99607399
-4.88110142
-5.44155395
-6.73879096
-6.82205849
-6.88520472
-6.78086149
-6.80088895
-5.93215256
-6.31676723
-6.87360890
-6.79165276
-6.79914070
-4.52715602
-4.79519419
-4.89115275
-4.99089501
-4.98335713
-5.91744548
-4.84373181
-4.69709795
-5.32123504
-4.56999563
-5.43298570
-4.86048370
-4.99986228
-4.86186067
-5.63897205
-4.85456174
-4.57609720
-6.62721319
-6.56945622
-6.08129482
-6.49622298
-6.68033597
-5.83541639
-6.67503618
-6.21716643
-6.34249769
-5.42521027
-6.25408973
-5.77754177
-6.35138946
-6.56951948
-5.78342710
-5.80793444
-6.23770487
-5.09227381
-4.94918609
-5.01062046
-4.86477934
-5.07931815
-0.76404523
-4.08299634
-4.50890056
-3.88466199
-4.56553300
-4.63040755
-5.20980991
-4.78061492
-6.83614070
-5.93442665
-6.41331023
-6.44107878
-5.81765228
-5.82783640
-6.82132167
-6.76751924
-6.75998945
-4.89677291
0.96194084
1.94114272
1.42958142
1.53260900
1.05808748
1.23956062
1.22407146
2.21503391
1.13614889
1.10684274
1.14551132
1.51733219
2.33934493
1.08386543
1.90457185
1.67815163
1.76643058
2.15607948
1.96789974
2.79875779
2.82941073
1.72006185
2.23968158
3.75159537
3.86506684
3.95389489
4.34032196
2.70040686
3.76630819
2.54315285
1.64996138
2.40427588
1.35764485
1.62466315
1.00569954
1.72894261
2.40399577
1.30467073
2.16974841
2.53442142
2.78208625
1.65566774
1.62475404
1.24847190
0.93517958
1.89270821
1.33440172
3.17820839
2.18173647
2.10752118
2.02497939
2.19279401
1.24230451
2.13628253
2.32174655
1.03647875
3.28869089
2.14561139
2.54310374
0.76358357
1.45902489
2.03605497
3.45302763
1.86559928
1.56044377
1.36184157
2.46804730
2.35499222
2.28787065
1.39111292
1.91524778
1.59087365
4.89353293
4.75889760
3.98191139
4.09374292
4.79192745
4.87392494
4.59384395
4.60849070
4.50433276
4.11931381
1.52479294
1.21895876
1.27670526
0.85151183
3.33376135
1.12487300
1.15245376
1.59726343
1.37510845
2.28053551
1.33220389
2.40016181
0.97800346
2.39365769
1.70623771
1.54303747
0.84459519
1.65149437
4.94644518
3.81531356
3.64037317
1.25155394
4.88086671
3.13983214
3.65874380
5.40849426
5.31253149
3.46843780
3.55068990
2.57428799
-1.23441970
4.29695258
3.84119432
4.05006361
2.67505582
3.24832502
5.00019821
3.80140373
3.46694597
4.33154336
5.32264601
5.10274930
8.07498934
8.21947663
8.31070189
8.27185625
8.92666744
7.80806843
8.29891230
8.35203381
8.43262490
8.39922311
2.66506135
3.77112918
2.97142190
4.46367289
5.83992951
5.62503800
3.19049428
7.43314183
7.91907815
7.60579686
6.63276860
2.37504498
4.56898494
3.57903079
3.91250621
3.50538030
4.83304601
4.45200471
4.38060220
4.12478441
4.34173939
4.00916824
3.84024328
4.28053993
3.80695190
3.42058967
4.26730416
3.53858698
4.34365822
1.45714191
3.85801892
3.57085261
3.44094674
4.95512669
3.81755502
4.61443386
3.39927625
3.14932610
3.50932790
3.19813150
4.10372319
3.66045872
4.47393225
2.49370713
4.86600257
2.77146884
8.73431543
8.87619363
9.04701123
8.34290847
9.16985890
8.71850355
8.65790395
9.08245777
8.50247535
7.53591900
8.52899401
8.00221130
8.66216407
8.00406677
7.68522685
7.69514080
8.32390003
8.30155543
7.97424194
7.29869625
9.43163244
7.30657597
9.22026544
7.13756935
7.39591174
8.69548697
7.62665825
7.16379961
7.31351463
6.65693282
7.15281246
6.47563126
9.44163320
10.80109333
10.15404302
10.14679646
9.29064145
12.44168860
8.65751928
9.33420826
7.44582770
11.02307266
10.49515806
5.16713276
7.58781841
7.34225837
7.64228231
8.76980252
7.08325411
7.92867242
8.01434809
7.26322122
7.93001993
5.97526237
8.07204049
8.37588159
8.25688373
8.34879723
7.48211567
7.24891869
7.31578054
9.19673585
7.46140163
7.01782580
7.99458084
7.80662213
7.39130271
7.65579990
7.18403491
7.65228358
7.47173872
6.81913069
7.25542818
7.33080579
7.41550844
8.74000262
7.71384580
6.93467325
6.52391629
7.05910821
7.48303935
7.39834513
6.62072199
7.18040844
9.29141543
8.95045201
9.22500685
8.79079803
9.14056747
9.74519080
9.09209208
9.77451539
8.66846294
6.82704772
7.61617690
7.42407109
7.34519613
8.79597959
9.33798127
8.22722047
7.84219915
8.47989509
7.69974310
9.19598956
8.40530245
8.25589697
8.42188100
7.49358367
9.07506386
7.80990467
7.42254137
6.97142423
9.45413409
8.74518436
7.41534961
8.51548223
6.02177949
7.30524406
7.25649495
9.86577491
6.47528891
5.65481872
5.52747819
6.51975720
6.39832915
5.85961103
6.40827277
6.11748865
6.45945988
6.29922360
5.22279435
6.18029147
5.93162487
6.14746316
6.00405785
6.16966897
5.30758252
5.53015060
3.85398128
6.99476110
3.83711771
2.39507478
6.17375468
4.73209836
5.57206012
5.61431474
6.83578819
6.46163867
5.45610039
6.10956356
3.55207010
5.71311395
5.56204216
4.09091474
5.13184931
5.63188737
5.83058467
5.75469696
5.71729136
6.43396952
5.77252067
4.79466622
6.84383263
6.07530233
6.24543379
5.40701632
6.52644857
7.11584186
6.40980227
6.73980936
6.73403214
6.19380792
6.95688074
6.41946267
6.24295067
4.57918383
6.99307942
5.68977027
6.25424444
5.40681407
6.09735673
6.30257750
5.41943655
6.58372999
4.03668771
5.62978752
4.40170846
5.97127708
3.74590693
6.15268361
6.02369850
5.53718960
5.56824689
5.76580878
6.49783768
2.70258343
6.21164354
6.03656936
6.35690529
6.86094500
3.60136580
4.22173453
6.51363461
6.81851379
5.29342351
5.15297946
6.66503555
5.51670751
6.01342457
4.83259547
6.20812260
6.16117664
9.62698049
6.44573637
4.85678340
5.80220465
6.54919196
5.93688173
7.45532162
6.37595812
2.34741169
-0.06177376
0.30137947
1.13816055
-1.25307725
1.92815007
1.88270815
2.35968047
-0.39834084
0.23080285
2.10040310
0.66225957
0.18484907
0.86948570
1.98790696
0.80350630
0.35391904
1.93127302
-1.90276137
0.15876063
-0.26283791
1.70969843
0.79965032
0.79329035
2.16937003
1.18620842
1.12903271
0.80058181
0.71404173
1.03446744
0.08370223
1.50912631
1.01974735
-0.44362082
0.98399321
0.79003569
0.47376108
1.41759806
2.12722620
1.33758219
1.32147179
0.81790788
1.58168680
1.18095581
0.24908673
0.86634914
1.30719757
-1.35874690
0.02382914
-1.14298688
1.02514339
-0.27464746
0.09872388
1.15070466
0.06895100
0.67481031
1.81744058
1.78766117
1.30543323
0.78832535
1.11605272
-0.60580148
-2.02709181
-0.47017206
1.02867474
0.95602575
1.11204725
1.61813091
0.31417646
1.15665096
2.25892406
1.08515585
1.28240716
1.55827463
2.44112982
1.56854908
1.82168182
-0.00394668
2.36312913
1.26297060
1.09853673
2.66553610
1.82326916
1.34260541
2.48672165
1.30704771
1.73800991
0.99773066
2.11114236
1.78164081
0.80839126
-0.45773800
-0.39924411
-1.08539438
-0.27836913
-1.90442711
-1.29543411
1.52143606
0.81299585
0.56590950
-1.44845671
1.39480863
-0.96934444
-0.54366281
-1.31309102
-1.46849445
1.40126987
1.34940764
-0.52005680
1.30691292
-1.19868356
0.85339855
1.37957827
-0.89112121
-0.85044684
-0.54651155
-0.58360981
1.04801925
-0.41696579
-1.56122431
2.33137645
0.82915936
0.14748290
-0.98174075
1.84402885
1.74001809
1.23322165
0.82035228
-0.76209191
2.32071373
1.25075044
1.10407962
0.93400565
2.69754678
1.31198470
-1.20904226
1.19071432
1.71632786
2.75205323
1.92858998
2.27148883
2.34197612
2.31707139
2.14039387
1.55594723
-1.72911616
1.44476060
1.20315589
0.68566408
1.02014677
2.48985513
-2.05145505
-1.47175219
-1.07435909
-1.61107975
-1.06272762
0.72071949
-1.17562224
-1.39331504
2.13772364
1.84268855
2.11269515
2.11486858
2.01321251
2.11913306
0.89541974
2.19000305
1.98812785
2.12157110
1.95551921
1.97105421
1.87296082
2.28762827
1.79970049
2.21302325
2.15916596
-0.64887613
-0.66365636
1.40370807
1.62078360
1.08290966
2.40475998
2.01902564
2.16177320
2.28638198
2.09375911
2.58648753
2.02962595
2.08801597
1.31348681
1.13984944
-1.39098773
-1.58697729
1.39044067
-0.67932529
-1.64813418
1.32835348
0.77088469
-1.05696536
2.48382783
1.98547350
1.51553272
2.71293035
2.26090123
1.69134557
2.46247432
2.34891084
0.85021072
2.67094011
2.46014105
3.17608719
3.11059546
1.81796073
1.63247045
2.75571478
2.94213856
2.89794525
3.04804034
2.80493973
2.40545545
2.45452879
2.05470704
1.79122055
2.16164552
3.15842040
2.62265627
2.97469060
3.02865662
2.09396027
2.73056125
2.07732906
3.01747924
2.52586015
2.73252982
1.85007811
2.63309401
2.52010436
1.76551909
2.62244962
1.48702925
1.60352023
2.01036994
2.94449401
3.45261235
2.68426907
2.75429531
2.94949039
1.35220028
2.81214993
1.92008901
2.48491773
3.04574962
2.20953158
2.15229682
2.22109055
2.20758307
2.94852526
3.04619450
3.08044915
2.15645909
3.08056761
2.23858424
3.31765074
3.02178944
2.74673589
1.97218886
3.31491295
2.87901906
2.35418760
3.10602750
1.81006038
3.29766866
2.45902845
2.77566252
2.12516854
2.47201024
3.20640414
2.00470039
2.11762540
2.25236926
2.59612747
2.42649970
2.05459551
2.23923008
1.72567248
3.15777513
1.90393122
2.78412152
2.68501433
2.42809089
2.71162850
2.91766599
2.75478298
3.24570775
2.83740419
2.53456150
2.92027178
2.06209035
2.30149912
3.19120417
-0.61679741
-1.05085248
-0.80545356
-1.23446995
-1.47647336
-0.78620440
-0.15188190
0.21194802
-0.70271330
-0.07685584
-1.12893973
-0.54238940
0.25358886
0.04062872
0.07313425
0.58100482
-0.06980731
-1.72333592
-0.97019522
-0.27073098
-0.75027097
0.02587960
-0.03030062
1.12368226
0.42724823
-0.28938729
0.59262821
0.23620076
0.10588460
0.13104667
0.06537341
0.67080126
0.21606238
0.16680702
2.24351223
2.31428790
0.20952847
0.93945846
2.74064210
2.91133495
1.21090385
2.14042321
0.15933907
1.95499712
-0.66102718
0.37496831
0.16675392
0.16026006
0.21816648
0.38537473
-1.46922302
0.27042594
0.24327120
0.26844498
0.12623270
-0.47935152
0.09005744
0.44860415
0.52452403
-0.02326784
-1.72700395
0.59545605
0.46829184
0.04290262
0.29124533
0.44611536
1.23138422
0.04894511
0.85315372
0.08724349
0.15752779
0.14967795
0.92312261
0.43084058
0.11944648
-0.93954365
0.74055980
0.51237937
0.47809595
0.04871240
1.55634640
1.10500095
0.65545213
0.76398430
1.29102141
-1.10214098
-0.05993905
0.41128512
-1.89124682
-0.55891064
-0.67939570
-0.18356605
0.34222899
0.33474859
0.34500420
-1.51183501
0.39955931
-0.18148913
0.41179568
-0.63676872
6.63144161
4.21484899
5.71163596
6.74418646
3.21721079
3.26587109
5.08273447
5.32791523
4.56378130
5.43174309
4.38778150
4.44056501
5.38832050
4.32590989
5.13678752
3.48301654
4.28111581
3.33587257
5.38513766
5.52932515
3.81611721
4.34772850
5.80145550
6.52365397
4.28327705
4.38077047
5.03255815
4.94903526
4.95170093
4.23518316
5.30891906
3.74341319
5.07408219
3.76272081
4.57831572
5.51048147
6.84736563
4.73939363
6.05279237
5.21353695
5.65222114
4.43147981
4.71264995
2.80918905
5.13454205
5.42743122
5.72900941
5.73123864
5.75737127
5.72654817
6.58642493
5.77949165
4.84084873
5.93905246
5.53781571
5.65122940
4.08205893
4.78158995
4.46397558
3.74943727
3.93667177
6.20671669
3.66733196
5.79321761
4.73433831
3.34473196
4.09827151
3.15610883
5.45912929
5.81612520
5.52058914
3.48398004
5.36333344
4.23199960
5.04088628
5.61114135
4.17320931
4.96322040
4.24913337
4.49522300
4.57300761
4.46469948
4.35721956
5.19027860
5.43725896
5.38983857
5.39293616
4.42062177
6.40694504
5.35287796
5.71250845
7.66622934
5.43934924
4.84610568
6.31431922
5.99773954
8.03263907
6.52461252
5.43876437
4.65503412
9.71733623
10.20135393
7.26870481
7.86996727
7.25729079
5.35350471
7.49775332
9.22915545
7.54142813
5.51815942
9.06271531
8.05371846
8.11664752
9.56491433
8.17370546
6.66685470
8.41122153
8.80390775
6.94814892
5.03362725
6.52328716
7.75250507
7.89107558
7.48900404
7.46083029
6.93364986
6.49278009
7.34110597
6.35263023
6.64491822
7.10252636
8.56057833
7.34330469
9.27732225
7.21320000
7.00658888
6.49415909
7.92741027
8.55558190
10.24408441
9.72880531
10.14443992
8.73559217
8.31573451
9.22416975
8.42441032
10.35091122
9.66658829
8.91831907
7.74993543
5.34495632
8.88864856
7.76297266
7.03015620
7.63485938
8.61023039
7.64666747
7.95245332
8.73409034
8.06461678
6.89497717
9.30798640
7.12871949
8.33722544
6.68768280
6.81164783
6.62819212
8.13825773
6.98842858
8.94603183
6.79708347
6.72109294
6.89358532
7.10165481
7.41566824
7.24659402
8.68732682
7.74432109
7.10680249
6.62915137
6.91885147
7.22595259
6.84093457
7.08923629
8.07648272
6.84782945
6.72729477
6.84888289
8.81019621
9.40074251
8.45800257
6.50625512
6.42791444
6.77825280
7.51503986
6.97503097
6.79127192
7.69885532
8.55221636
7.11840971
-2.04863106
-0.76397792
-2.53305578
-1.09280211
-0.43900723
-1.02791647
-5.48572603
-0.67565225
-2.18129568
-1.54254847
-0.24036306
-1.84436976
-1.72993002
-0.15096024
-0.84564783
-0.21102701
-2.51840194
-1.60420016
-1.05286387
-0.96588045
-0.17801833
-2.09274917
-0.40140694
-4.13133030
-1.70922614
-1.99267126
-0.89498125
-1.05441658
-1.77275543
-1.13286386
-1.13235435
-1.32495142
-3.14194210
-0.71748572
-1.97860725
-1.54038140
-1.50607418
-3.85557497
-1.54139088
-4.39707672
-0.88317690
-0.38046624
-0.67787224
0.07447393
-3.91341007
0.49638034
-0.46025515
-0.65057043
-0.49039831
-0.34790433
-1.07734152
-1.25688622
-0.69729295
-1.76939580
-2.50527588
2.73257447
-3.35540691
-4.64542970
-2.25004802
-2.52186901
-4.51739621
0.91293692
-3.58302504
-1.20865732
-1.03558497
-0.68810283
-0.83797425
-1.26199062
-1.03714242
-1.76075588
0.61638236
-4.07880808
-1.29868452
-0.02847525
-0.76719590
-2.25280576
-2.34238269
-2.02874825
-1.28590731
-1.53541330
-1.14652485
-1.33444474
-0.52580852
-2.32771635
-0.75289319
1.01875977
-2.18736191
-0.90141280
-1.94880681
-0.87552716
-2.48246988
0.30090188
-0.99220280
-0.89561115
-0.83487557
-0.36959102
-1.22182479
-3.76390953
-0.79297891
-1.13368457
-4.36376560
-1.15761694
-1.11348419
-0.98895271
-1.53362694
-2.37250218
-0.88655294
-1.97990739
-1.47736522
-2.96827244
-2.35283391
-3.50639064
-2.78620022
-3.27450796
-2.63664428
-1.62976562
-4.35152101
0.35536134
-1.48177533
-2.73558876
0.57364653
-1.81115082
-2.92846225
-2.61247291
-1.23595960
-2.22252380
-1.47144692
-2.37276664
-1.85505286
-2.10334995
-1.88969180
-1.22256856
-4.56249343
-2.90524640
-1.93843046
-2.43361782
-1.69327111
-2.16348439
-1.29230479
-1.04856909
-2.92214277
-3.28480908
-1.42503550
-3.43558478
-1.36186976
-2.10948208
-1.58051443
-1.69696447
-1.86816089
-2.09437893
-1.98153331
-1.90260003
-2.47421883
-1.82894890
-2.12153483
-2.43499890
-2.29407228
-3.16406661
-2.70307793
-1.97457909
-1.76532006
-2.10041630
-2.34323185
-1.94747101
-1.32822867
-0.68053828
-2.04534927
-2.12012346
-2.99415101
-4.12681308
-4.50648060
-4.09044918
-2.61925109
-0.77269772
-4.41297443
-4.06172602
-1.80615619
-2.77574546
-3.41804139
-1.66922509
-1.73998773
-1.83329365
-3.08587744
-2.05195220
-2.58610760
-2.20064132
-2.15917093
-0.25807619
-1.64163740
-1.04951699
-2.09296561
-2.49620820
-2.99943434
-3.13341044
-2.52543576
-1.80471697
-2.00963806
-2.74988684
-1.02292312
-2.09874292
-0.71738714
1.41448974
-0.77436286
1.22826989
1.23973261
-4.09840465
-3.50040698
-3.54654313
-3.26375482
-3.77500693
-1.14732852
-3.62817317
-3.47793158
-3.17130059
0.60648382
-4.20120939
-1.93463959
-3.04442556
0.38110825
-0.13163548
-3.90842680
-3.47477670
-3.48274599
-3.00347297
-0.76562399
1.28026015
1.18465135
0.80858526
0.17919474
1.33259863
0.34561234
-1.29257880
-0.65598591
2.51192273
-1.29187855
-4.02661850
3.01023621
0.74230424
1.42966127
-3.87503170
-0.51119937
-3.64462520
-1.28945670
1.10326985
1.22871085
2.62399125
-4.08890776
-2.12784099
-1.15821865
-0.36441186
-4.14087474
-3.60603671
-3.73718260
-1.40902474
0.52289722
-1.92367331
-3.50933504
0.05016321
-3.58710430
-0.51954087
-4.44600924
-4.02906820
0.62049429
-3.60752373
-4.34645953
-1.58464835
-3.87385743
-3.48408641
-1.84844567
-4.00571228
-3.91290649
-1.88327914
1.02394017
-3.93343130
0.58425658
-4.19254237
-4.04893256
-3.94132042
-4.02015318
-4.02782927
-3.97107767
0.17307759
-0.00499971
-0.02974725
2.25885444
-3.64076945
-3.46174316
0.83542222
1.53473891
2.70122810
-4.30231965
-4.61234668
-3.20241907
-0.64228639
-4.02303748
-1.67681149
-3.16685798
-4.12620825
-3.30017681
-0.05663402
-0.34793122
0.92352421
-1.48292084
-1.55849219
0.21121105
-1.03228679
-0.91110123
-0.41401097
-1.70594742
-1.06245580
1.36090266
1.06016987
-0.44286111
0.35157925
2.52058619
0.66800028
0.16877260
-2.26560442
1.67981598
1.23867490
-0.85079333
-2.32666654
1.75107594
2.44623359
-1.80276794
0.87591918
-1.26717537
-1.33659515
1.60222352
1.09442560
2.09075337
1.65870123
0.89533829
2.17531824
2.37293172
2.71338562
0.40958333
1.06227025
1.98692544
1.26766226
0.94131576
0.77100102
1.66684228
-1.79648785
-1.31761461
-0.56485435
-1.29573334
-2.45018061
-1.29555430
-0.10296790
-1.53317098
-1.59217920
-1.52315803
-0.74245361
0.67265193
0.62374228
-0.24483030
0.54286446
-1.03629258
-1.25662998
1.55634069
-0.74810288
-1.06399912
-0.77241317
0.99869797
0.98040123
2.96329520
-1.59814151
-1.35061678
-0.02450291
-1.52451537
0.17958562
0.71022026
2.21959210
1.40203312
-0.72844033
1.05345705
1.94947989
0.82278296
1.39799781
-1.08231581
0.51155475
2.45752142
2.60884108
1.56925143
2.53807233
0.20412466
1.73918487
1.08736836
1.64038533
2.34305954
-1.11190233
-0.76751299
-1.58885540
0.73728552
0.05834500
-1.37869564
0.18513919
0.99080493
-1.77037716
-4.99670449
-4.27947770
-3.86956814
-4.49474002
-3.87090169
-3.83183356
-3.85731560
-4.38740462
-4.52439264
-5.21500044
-4.02850516
-4.15500404
-3.48472262
-3.83940764
-3.32533002
-3.29664212
-3.28093790
-1.93731758
-3.71287065
-3.76705211
-3.91858954
-4.80477489
-3.97175990
-2.84148642
-2.82277992
-5.79693838
-6.16907185
-3.58443416
-3.93272955
-3.97844421
-4.89888219
-4.14454744
-4.58116718
-4.36187401
-4.40452739
-4.45036443
-1.99688334
-3.20084895
-3.80244206
-3.48908258
-3.55714723
-3.45811419
-4.44239229
-3.66495028
-5.21629476
-4.69219817
-6.17507399
-5.46414657
-6.73975150
-3.65906261
-4.72560613
-3.60751228
-3.00953154
-5.51920094
-1.21456840
-4.61164489
-3.65868503
-4.38450249
-4.67231993
-2.33986770
-3.03588610
-2.81395205
-2.31414979
-2.66733399
-2.88084332
-4.10354620
-3.00268600
-1.76410234
-3.48627082
-3.33022342
-3.71202192
-4.53779416
-4.35093632
-4.15569414
-2.49125418
-4.36366639
-3.97660879
-5.19451406
-4.23096151
-2.81098613
-3.75226017
-3.70887154
-4.15718788
-4.22898158
-3.60393274
-4.10772569
-5.09347023
-4.35547192
-4.75970224
-2.99872323
-4.64954526
-3.21938839
-3.59324036
-3.25338876
-3.94260193
-5.65212368
-4.43135547
-3.31955093
-6.12032389
-5.54036468
3.56999511
2.29471130
3.89281635
2.81156018
3.37829712
4.57339040
3.02272618
3.59119280
3.03427372
3.26441787
3.99782638
3.49486656
5.17842175
3.50805507
3.48234846
3.67541050
2.48617032
3.74920709
4.36216108
3.67022407
4.06444317
4.34809957
3.15765695
3.34531573
2.83884699
3.50687521
3.78293244
2.39853734
3.50354909
2.78441997
2.96439058
3.90645658
2.32689633
4.17345747
2.85772800
4.68562851
4.07838636
2.63668035
3.35680766
2.82877281
4.36665885
3.32187194
3.61039735
4.18155119
2.21450085
2.59575658
3.82571438
4.32380192
2.90248209
2.79965904
3.06685655
3.59718597
2.36009516
2.54075595
4.79165859
3.45876676
3.83708516
4.07200378
4.94264150
3.25121398
4.20210988
2.93697737
4.91310364
3.17474765
4.46616404
4.68957740
3.93088436
3.44979120
3.57111572
3.36498795
3.79678979
1.94397861
3.44137187
4.54564121
4.21923133
3.52974891
4.15191002
4.33103673
2.94789914
4.24025614
5.34056193
4.28175532
4.75029323
2.46722543
3.30399815
4.56314294
3.36727629
3.35531594
4.20192963
4.17925744
3.41753033
4.85395802
3.70685959
4.07760535
4.03555218
5.54315838
3.84926321
3.08194586
4.54857986
3.46545346
2.78196039
2.62973205
1.68916385
2.07876524
1.37801429
3.49074548
6.85236835
3.80262915
4.22561427
6.82663907
3.43101174
4.28612098
2.10470748
2.43541556
2.43852517
4.40282984
5.07007647
4.34714181
3.40080956
3.01007790
4.01164329
4.22001276
4.09624201
3.97527991
3.59893346
5.50241900
4.34296743
5.01087489
5.27685846
2.42955105
3.91599675
2.28396562
4.34910609
5.61738925
2.00341452
2.06864094
3.51047190
2.18969493
3.60212580
1.94571956
4.29526111
4.63140945
2.12908669
2.25188625
2.12099687
2.48180029
2.60666140
2.41477488
2.17632832
2.53617340
2.49487734
2.26701951
1.77765622
3.17439136
2.64316714
-0.58038901
2.87333510
6.41189424
3.32035230
4.62914132
4.01500034
6.24668384
4.58077815
4.31102670
4.69829089
4.26308492
3.22199465
3.90035641
3.01483595
3.83813140
4.81273285
3.58447908
3.61146186
5.73300875
5.76638714
3.87476627
3.93652212
3.20256628
3.44822654
4.80066573
4.00720164
2.54598020
4.73801198
3.18926829
2.82105236
3.00489030
3.69469105
3.51470155
3.79709288
5.40026934
5.10774963
2.79853965
2.47400171
3.09055506
2.23850744
2.32596649
-1.09497408
2.15390757
1.82043138
1.66445341
-8.72402413
-8.79329758
-7.97532285
-7.29406125
-7.59978382
-8.19680122
-8.05593402
-7.68998404
-8.79541317
-8.03742714
-8.32262093
-8.49812979
-5.68292483
-5.22154560
-8.23251416
-9.21277983
-6.58877609
-8.42850495
-7.80943300
-8.03311295
-8.04026502
-8.09686572
-7.67474616
-5.48874810
-7.39732489
-7.40791156
-8.80256009
-7.89563771
-9.25513689
-6.24739743
-3.90791467
-6.11464042
-8.14488881
-8.63949348
-8.42823390
-8.88290126
-8.55274383
-8.78090162
-8.37748205
-8.02717157
-7.51312549
-8.65133777
-8.53430215
-7.75136460
-8.94244179
-10.68725376
-9.32087633
-8.75546285
-8.33322031
-7.23405845
-8.56103133
-8.76169166
-6.13168775
-6.82722535
-8.56338709
-7.93735362
-8.74202432
-7.53013972
-7.04607385
-8.07319162
-8.65108175
-5.33642192
-8.79689802
-8.19283874
-8.64997215
-8.37485127
-8.54907554
-7.80565418
-8.17151736
-8.44756608
-7.16163312
-8.42777963
-8.43333549
-7.92424960
-7.82214481
-8.48404080
-8.71271022
-7.97358525
-8.73575168
-8.67199223
-9.21090988
-7.99454963
-9.59353011
-7.71560040
-7.95055225
-8.23900196
-9.66132729
-9.26544055
-6.17487849
-7.85415938
-7.25162002
-7.90215881
-8.56932202
-8.78180757
-8.48098625
-8.86418305
-8.10130411
-8.27689384
-8.30934786
-7.51409650
