16.24753714
16.08472487
16.60477682
20.68571814
19.55220304
16.41499517
16.76194908
19.96276572
15.54927393
16.59624132
15.51281828
16.16296088
16.05262095
15.60710010
19.78431867
18.20772550
13.14185463
13.42156670
18.35950327
20.17647751
15.55113542
15.92726108
15.85316986
15.84940214
15.68947902
16.07973093
13.73621096
17.67431274
16.25420014
16.31490523
15.73502342
15.73977498
17.20092604
15.54897306
16.35094903
16.98896034
19.70065981
20.09090675
15.80489563
15.58035864
16.41498189
18.92543485
15.85844986
16.01295551
15.42022663
19.68963070
19.26244897
16.08606444
17.73471060
18.40659299
19.49557191
17.17060045
16.76194859
15.88959788
16.21014536
16.10927471
18.88989562
15.91389268
16.25427980
15.71819259
15.56717285
16.29364827
16.37283748
15.85100321
15.77771412
15.85529126
15.69405383
16.42018943
15.62357407
15.68206573
15.73396072
15.67077529
15.86274374
15.70839046
16.02958460
19.69454195
16.65990614
20.27905054
19.31408716
19.44699265
20.10628717
19.31072706
15.98186517
16.15301286
13.62233586
17.70106686
19.07979858
13.90461165
19.79564654
13.59179792
19.03492871
18.87773949
18.15908854
19.52868621
19.08741169
15.89722674
18.50690446
15.80927051
18.12181115
15.91244644
3.27038506
4.08086055
3.10874763
5.02516400
4.52170651
2.87921179
1.61419020
4.09799951
4.11171605
3.34150434
5.77359130
4.47504348
5.16076516
4.67915184
3.48593091
3.31242443
5.25313208
2.60489090
4.77480076
2.47258162
4.77235126
3.41993510
4.55452009
3.31490309
6.25077314
4.64292120
5.57972629
3.03466833
5.15462761
5.60942739
3.72202984
3.70116157
5.38342940
4.74294415
4.02974927
5.88716169
5.51679071
4.96816661
5.66215649
2.51242425
3.49705195
2.92516364
3.13617749
3.28369278
4.12060940
3.77940685
4.28122824
4.44315445
4.31082998
3.50608141
4.53095766
4.43977444
2.82151740
4.44815967
3.98162024
5.06295742
3.57393482
5.45804014
3.23305741
2.87863492
4.12030580
3.53481651
4.91844663
3.34931056
4.98829538
3.26348015
4.19646344
2.55916907
4.69511279
5.76095140
5.35166324
4.08354479
3.62416702
4.34121290
4.87001726
3.74848822
3.19864217
4.34872380
4.01454045
6.17943775
3.53826259
3.22860339
3.77858479
3.09351796
3.27464356
2.45141243
2.13275619
5.18570646
4.06797365
6.06528397
4.26882042
2.72747415
5.42268517
5.22224324
5.06122649
3.58364487
4.91008086
3.65070162
3.09390002
4.04500591
8.16703191
7.45681832
8.73304532
8.47374302
8.99311148
8.98371092
9.45588269
8.63354531
7.54697654
7.43261488
8.88209333
8.69605889
6.58264106
8.61577547
8.80469035
7.67326213
7.50587168
6.92177491
8.32822140
7.53031264
7.66676958
7.23282479
8.35211227
7.68420953
5.57332741
11.26006784
9.82274344
10.25704378
10.79520631
10.44889066
10.70351703
9.77508676
10.21675937
10.53220097
9.42830571
9.81594617
9.96687597
7.96146871
9.70548603
9.55210045
8.46842863
9.75576350
9.84570632
8.53831301
7.81686697
7.72316447
7.61660966
7.15465829
7.76945030
7.88150983
6.88575653
7.18974323
7.81938550
7.26557424
6.99889150
6.51468904
9.44727670
8.13756963
8.76478302
6.75621041
8.56257621
7.56836199
7.12611096
8.30641717
7.20222175
6.57867500
10.82743867
10.55802217
11.38567345
10.98767342
10.89043030
11.36879530
11.11176595
10.82565893
10.75050355
10.39258468
10.25988924
9.29297109
9.25772180
9.38757581
9.56141058
10.02581123
9.61122927
10.04384449
10.33463280
9.51333765
8.06726125
6.51138450
6.63841971
7.20456015
7.30012894
6.80583610
8.76356346
7.24439235
8.52502187
7.69329563
7.63466178
6.75739131
7.20940597
8.87615172
-2.32451513
0.06776473
-2.28326814
-2.91634990
-2.81727241
-2.17906267
-3.26513294
-2.13336162
-1.98888788
-2.50172696
-2.29631819
-2.68401409
-2.44918534
-2.82097777
-2.27423866
-2.17329252
-1.37265486
-2.96514833
-2.32064760
-2.62641404
-1.02443571
-1.71420395
0.18498295
-2.94932045
-2.75627759
-1.85087510
-2.26355595
-2.95070030
-2.58645146
-3.67872343
-2.32009692
-1.59738730
-2.60320405
-2.62923406
-2.27496690
-1.39611716
-2.36985131
-2.69708925
-4.68651794
0.55630478
-2.34396271
-1.87095393
0.08765303
-2.19563221
-1.97865380
-2.46922540
-3.11732996
-2.15540021
-2.73689602
-2.71884825
-2.58706198
-1.91746229
-2.31405015
-2.66529905
-2.75749036
-2.05908711
-0.53434952
-3.38652414
-2.34583009
-3.70981964
-1.78819159
-2.96388119
-1.43024397
-1.71461524
-1.11316034
-1.60156241
-1.07359794
-2.17619277
-2.49289735
-1.36867812
-2.80948801
-2.62667012
-2.18703577
-2.40801043
-2.53307851
-2.82791583
-1.89622723
-1.81149040
-2.39535887
-2.04141884
-2.15933924
-2.27692161
-3.39197348
-2.66606442
-2.96986604
-2.26824768
-0.85082647
-2.98778478
-2.15869702
-1.35796008
-1.39212298
-3.07017127
-3.81626231
-2.73985224
-3.50121037
-1.93350541
-3.06545276
-2.59099208
-2.38664469
-2.27501377
9.26398152
6.20715362
7.07549974
6.75979395
6.36066717
7.02814842
6.70246341
5.59336854
8.31581097
8.36273650
6.28336868
8.95265011
7.15017443
7.24601501
7.36996715
7.78221169
6.82590333
6.19028164
7.42435874
7.34647759
7.69150833
7.68712015
7.16387082
7.13974096
8.31507115
6.60567606
7.40849116
8.22726091
9.15982119
6.10610599
9.80689293
6.93513582
9.47880021
8.49051546
7.23259967
9.44863632
8.18660914
6.81747243
7.79557796
7.55834459
8.00708983
8.18064276
9.66465776
8.48124818
8.04144923
9.82396413
9.15112922
8.25066475
8.38588149
8.60384213
9.17658579
6.71115850
7.25396510
8.01368767
7.40963355
8.19577070
6.98008900
6.91604145
6.58475666
7.90880686
8.87739856
5.99995658
8.89847497
7.17163498
8.66267489
8.15853446
7.17012045
7.46843148
7.52752510
8.31324313
7.38248072
8.86679044
7.37344600
8.16612387
6.51768136
7.64592930
7.95651624
9.35681871
8.71375040
6.81171303
7.76788412
9.16889686
9.45770744
8.31659850
8.18742416
7.10062505
8.55501905
8.55963613
9.11452229
9.41255458
9.28958224
8.19195632
9.20881605
9.78263333
8.90648956
9.40599551
8.70199927
9.22302736
9.53223980
9.20124032
11.30817360
9.94488043
10.66054823
10.83759946
11.16558479
13.19914805
11.57774421
11.32186239
11.49226695
11.52615258
11.56857555
11.57493385
11.38279621
11.26405340
8.52962715
11.83543214
11.31214998
11.00421832
10.37251913
9.77317479
11.20660178
11.38857281
9.67539889
11.66270175
9.46383262
11.42158602
11.65089337
10.95984204
9.98925570
11.28381316
10.77571743
11.13870641
10.29888012
11.13627066
10.39565879
9.14721407
10.63796614
11.06895837
11.25937214
9.55286469
10.72068973
10.85780024
9.07382614
11.69795947
11.35423502
11.19269359
10.81926159
11.69123428
9.83038916
8.77349412
10.95386281
11.00961189
10.69159141
11.48285047
9.87210972
12.09825933
11.27091321
11.34484662
11.64006825
11.79840169
11.07289189
11.20986399
11.22552785
11.11454512
11.47719451
11.27604353
11.16215649
10.90887225
12.01317445
12.56056740
12.32257665
12.71232955
12.15114399
11.30292489
11.04937956
11.28557061
11.01103759
10.96220256
11.42071229
11.69918174
11.03741749
11.16673168
10.95004340
11.14367939
11.42292789
10.18993091
11.55853076
10.51642925
10.64977140
11.27861384
11.11362925
11.57558244
11.40991061
11.37420017
11.19630207
11.16081843
11.10611697
10.54187220
11.63788588
11.62346094
9.66592585
7.74315444
9.12195631
8.27832224
9.69003303
8.27494117
8.51173290
9.31321027
9.75994041
7.76756722
9.99210992
8.98067964
9.62689977
9.64320808
9.85408961
8.47380423
9.98692079
9.25145166
7.13786850
10.07446468
9.71512009
10.37416432
10.24886694
9.91597495
8.63886905
8.68624025
9.91485826
7.47908394
10.03266307
10.35320206
10.18532066
10.01652606
10.29427666
10.20352614
10.44858568
9.96985385
10.33988131
10.03163275
9.15164809
9.73615251
10.88129740
11.03721857
10.68391684
10.55800970
10.42305689
10.82269072
10.36482193
10.63634885
10.71426403
10.59971322
10.03075181
8.11431885
8.23081107
7.80256773
9.49761905
9.79010032
8.77003171
6.79286259
8.12908205
9.23704825
9.28939061
9.74188529
9.56921681
8.63344362
9.71585661
9.68166937
9.81837872
9.36667177
9.74152405
7.81131107
8.85305570
10.11145458
9.93398491
10.21272020
8.55062379
8.47107076
9.67952278
8.22225792
9.56614290
8.85194567
9.95082287
10.31347157
10.37139322
10.27238338
10.51430950
10.30774308
9.94018536
9.96632064
10.03363346
10.20077168
10.74097996
10.41827951
10.55326975
9.70363754
10.27379494
10.18302320
10.48562807
10.15543948
10.37155284
10.25543527
6.67562452
4.26963028
5.61531315
4.57877058
5.79346788
6.00857717
6.70267960
6.04954546
5.59105858
5.94813258
6.92341288
6.39796571
5.78611802
6.58579236
7.88418713
5.31036584
5.59963381
6.60559371
8.52868100
6.49727991
5.24507225
4.56929033
5.64115762
4.64223152
5.86165224
5.73364178
5.98738022
5.67122669
6.21704934
6.25857891
5.99592075
5.23910328
5.11348755
5.85378840
5.87001895
6.86775416
5.88583020
6.18377071
5.85226739
5.96929290
7.39085654
6.25958670
6.00421741
5.70685013
5.73041277
5.36690205
6.92148369
6.00311552
5.98920179
4.56125839
5.64404169
6.40242963
5.94545388
7.96712291
5.84920532
5.63184470
5.64177788
5.82016537
5.97429963
5.73308889
5.54881968
6.51964988
6.35172601
6.71067604
5.59656518
2.24146525
9.04444232
6.60120672
10.18186680
8.62317561
8.55675458
8.33734000
8.74313562
7.83158005
5.83939379
6.77891385
5.04296932
6.88863516
6.15142122
5.62465330
7.13974902
6.30168701
4.66613637
5.23016229
5.22312282
6.70055404
5.86376889
4.53124302
6.18442193
6.26688385
5.53818474
7.11410195
6.09927312
6.64385184
6.49703651
5.69936542
5.21244446
5.91461801
5.82341022
5.86117837
7.96094740
8.58035418
9.38802222
6.27631615
6.79286055
2.48849412
6.17036257
6.63318794
7.47027826
6.12026534
5.30043221
7.18642309
6.60088073
3.61496374
6.04778636
6.70045239
7.10249031
7.17174832
2.08019058
6.40572393
4.43301407
6.22550847
6.48284000
2.94506018
6.47036319
6.01484835
5.94688957
6.18204082
6.07057112
6.17911226
6.49633303
3.02390344
4.05900285
4.33876125
5.73985662
3.09965752
4.42994880
5.63031773
3.62760138
4.41002863
3.12701304
3.23354839
3.74527574
3.93384761
3.10193025
4.66541958
2.09316192
0.90417668
4.05706285
3.67268436
3.52854127
4.34535150
2.65079556
6.72321602
3.27435939
2.77604694
7.25600066
7.11416978
6.03954320
6.01371107
6.35873856
6.54510486
6.81075841
6.32336860
6.37623135
6.48487060
5.37562169
5.64430003
7.77248348
7.66341671
8.56569901
6.27337890
7.72089300
4.18089320
2.28929776
6.36976844
6.27837336
5.81328624
5.90935780
6.90990050
5.30668326
4.59285149
2.05117237
3.75328889
2.38540097
2.75033763
2.55330069
4.05192324
4.00960175
3.41861729
4.07411523
4.29761609
2.96864480
2.62182699
3.43549161
3.53956362
3.14170810
6.07955343
8.23099483
8.92001226
2.74759131
3.08495068
3.30534071
2.71549257
0.15917038
2.36642101
3.40828635
-2.48461507
2.30498470
2.58876185
8.25232742
7.70253661
-0.23440057
-0.15762904
-0.41858286
0.00684539
-0.54628724
-0.36188709
-0.57274750
0.33798732
4.26024165
-0.71382334
-0.46287272
4.92685942
4.78220690
4.51698403
4.70047810
4.61550160
7.83631119
8.06671260
5.57655306
5.34569705
2.56953795
2.62990977
2.38441794
-0.20138284
-0.89397108
2.96133607
2.54679758
2.26483184
2.91800451
2.57823135
3.14936967
3.37846954
2.76751121
4.36719259
3.33302775
3.27506564
2.77292085
3.84977281
2.84117339
3.06068546
1.80662370
-1.61177047
2.60465764
2.46037401
2.95278150
2.27323665
-0.57261055
2.89163072
1.80115391
2.30071087
-0.10695001
-0.47262401
-0.38676308
-0.07459064
-0.89792877
-0.26095338
7.53868344
8.40593346
8.74866517
8.59140455
7.70202160
8.46669051
7.56795035
7.72399608
3.00639157
2.76125348
2.64695649
2.97177700
3.34563506
3.17850730
3.06476150
3.16066737
3.33998841
2.55015081
3.31316468
3.92361239
4.07776726
3.45843872
0.52506449
2.73271784
4.13493789
3.18195966
2.87349296
3.20317254
-0.30742799
-0.53030065
-0.95780777
0.02417878
5.99191345
4.92010381
2.80774045
3.87047625
4.22966881
4.03858973
4.29480157
4.16920640
4.32183407
4.57001816
6.68738628
5.92892344
6.60429550
3.98206168
4.81432126
6.51646381
6.74609328
7.31243018
6.52581287
6.64678103
4.39028636
7.66894887
5.78525358
5.68682981
5.78946354
7.61471421
6.67543154
5.30040901
8.88669880
3.95025772
9.93020465
9.87716169
6.44225403
7.20428871
8.09094349
7.42098433
8.39855221
6.47333191
7.15577668
3.97806371
4.08923489
5.14946922
6.89100039
6.37629974
5.40637025
7.10158313
8.85638553
3.60465274
4.57849735
6.56830731
4.09190948
6.15400199
6.80465876
5.12956633
6.31982513
6.40088112
3.60373391
4.92502454
5.39960501
7.17553077
6.54481209
7.07320969
5.43289807
8.20837191
5.67630805
6.32838375
4.64766222
6.87635272
4.17902631
6.89383312
3.78091211
8.70912310
5.46619735
6.54221162
6.85703885
7.45647690
6.08149955
7.62762721
6.51558023
6.92108822
8.29787264
6.93835605
6.50425602
7.05214855
9.00221819
7.38158785
6.34581566
2.63867710
7.40499002
6.80264741
6.00104620
7.51252710
7.46870348
6.47491488
6.16340709
5.64029637
6.28185423
9.19441493
9.16129270
6.95442199
4.82438765
4.08501866
3.82239786
6.79631743
4.02312538
4.13473157
4.65750078
4.11546562
4.21557600
3.32482734
4.60121475
4.76080585
3.65032754
3.82176494
3.99938801
5.18222578
4.06403977
4.44804143
5.03641403
4.59332483
4.21000591
4.21196975
4.80794679
4.25589214
5.34858741
7.35748641
7.26793897
7.57649883
7.59922713
7.48724533
7.76976734
7.71111440
7.60007095
7.80359187
7.77948726
5.01811644
2.93879382
2.08843380
4.35857677
4.48449227
2.96742112
3.89535794
5.20873700
4.00944575
4.74223250
3.72874571
4.46637100
5.26034592
4.27306055
5.06380303
4.39101846
4.40443203
3.53282608
4.21848040
3.58065110
3.93641104
4.16582789
4.28716964
3.73328885
4.50537682
2.65168799
4.38056457
4.48705277
4.46160900
4.60090545
4.21589942
4.66717833
7.54085334
4.61848490
4.27991939
6.07549632
4.43081872
4.10323359
4.69193161
4.27634766
3.88388577
4.28819485
4.37231672
5.64827998
5.09692385
7.69424091
4.66860511
5.09190362
4.94297386
3.91368807
4.32912155
4.57693580
3.35789412
5.06578164
4.28393792
3.30985168
4.33153357
4.99776815
4.48290189
3.61628536
4.54720016
4.51558579
3.91569884
4.15102121
4.91270384
11.08550014
11.79664170
10.01990286
10.28138675
10.11691768
12.16724536
12.00363414
11.88888597
11.56010542
10.39612439
10.24273110
12.71142842
9.30011667
8.70456064
9.38149262
9.25245209
9.88301770
9.57709853
9.44675055
8.34421572
9.17865287
8.65936198
11.85369781
9.04627524
9.21049697
9.41241055
9.53379107
10.88520405
8.71143889
9.35894040
9.44776039
8.88366361
9.06860601
10.81697904
9.38309299
8.89819225
8.82768090
8.66326168
10.04810416
8.71175014
9.49432781
9.21597544
9.55199639
7.98700491
11.47062905
10.14060653
11.99169358
11.44676771
12.04932214
11.73575057
9.57877221
10.25646378
11.35849945
9.91475941
10.94671590
11.26617456
12.02493747
13.71884948
12.08500263
10.73314431
10.28528666
7.35320767
9.07797607
9.85291351
8.95835288
9.42283226
10.36326200
9.55209908
9.18685379
9.32370780
9.97863210
10.33742015
9.66960119
11.29574273
8.84026817
8.72975076
9.41364322
8.13526563
9.92867082
10.03952699
8.61677569
8.92087084
8.57653228
8.20096738
8.36255540
9.22711800
9.46427733
7.95953711
8.26130437
8.57224898
8.27951380
9.93711801
10.14952169
10.15801020
9.07272350
8.99081310
11.98201601
10.10303264
9.99296482
8.59946850
-0.04560231
0.38166836
0.48599782
0.40679321
0.14900024
-0.24756513
0.51841717
0.14377830
-0.02908036
0.18660573
0.96469414
0.91437667
0.43880020
1.91758641
1.66267596
0.66251944
0.77932721
1.55349731
1.25948459
1.69211512
0.72985536
2.37625445
0.33877707
0.21229717
0.89745602
0.31267426
0.36507936
0.62966846
0.18337008
0.33823711
0.05834441
0.07488950
0.23160798
1.64430478
1.11087408
0.20359461
-0.03035871
1.18907514
0.04272392
0.96354905
0.09626819
-0.10739736
1.67063845
0.37997513
1.22445713
0.21169045
-0.01370910
0.46638156
0.05784367
0.48404034
-0.17649358
0.50573303
0.14094770
0.36432111
0.68258555
-0.25461817
0.45395537
1.81945211
0.37902085
0.62810898
0.35267861
1.71904908
0.37019311
0.61247729
1.08257204
0.01614617
1.54689290
1.27815953
0.76983187
1.17438275
1.07265784
0.11185711
-0.03260062
1.51877015
-0.00474177
0.06242845
0.25750936
0.19723428
0.81909650
0.91258762
0.28136324
0.40517961
0.45531028
1.03188231
0.15412196
0.67010472
0.85181837
0.71627812
0.68113760
0.22873008
1.34180217
0.10531585
0.12882293
-0.23492295
0.37113032
-0.14047157
0.64910032
0.60299194
0.31153179
0.69664917
7.77114288
6.17718677
7.13650893
7.83547578
9.02629688
6.54211535
6.47443906
7.49746557
7.57282813
6.28747869
8.13296336
8.24307150
8.39507402
8.10048253
6.38491807
8.93253603
6.67074879
6.39824864
8.88712371
7.24144315
5.25371817
8.48925668
7.49393895
7.84899984
7.05306692
5.54560532
8.31432542
8.01247553
6.58541560
6.69148905
10.18724345
8.08505656
8.94622190
7.96861073
9.17086815
7.48412181
8.97746522
8.25561843
8.89448687
8.81976539
7.10793596
8.44358554
9.65852645
7.80118611
8.77096569
9.11994281
8.23056735
8.56976744
8.13041644
7.69146883
8.68243167
6.77278446
7.42066086
7.85410745
6.66565807
4.55854686
8.51632573
6.89418061
6.31889749
8.32565516
5.82447694
7.79049478
7.82856227
7.49755835
6.07032365
7.84875706
7.64053672
6.82258330
9.54158666
6.43364256
8.72862251
7.70691490
6.35255029
6.52325117
5.55093522
7.61546227
7.01859400
5.99099356
6.77689666
7.35370662
11.13198541
9.08436629
9.60702993
10.32356774
9.36090353
7.10215791
9.57712540
8.41465905
8.12732772
9.56352461
9.14712217
5.89903467
9.03580355
7.18686868
7.72002711
7.05960148
8.92428240
5.03734066
9.13549713
8.35481887
4.40807390
7.60785572
7.70783328
7.58259634
8.40110430
7.76679749
7.32961519
7.86749884
4.38926695
7.91545457
7.98443665
7.31993155
7.50343278
4.93281983
7.48340608
7.40627368
7.84377093
8.36773605
7.96302724
10.33120070
7.83335799
7.60984292
9.73586533
7.94034987
9.36180093
9.32652964
9.64363243
8.06415748
8.23442192
9.54326458
8.36411413
7.77979666
7.45829417
8.52495238
7.72504892
7.53405420
7.14979783
7.45158290
7.80306693
7.91050329
8.07572435
7.79077070
7.88562711
7.21094630
8.40663512
6.66919703
7.93068066
7.78748222
7.83351323
8.57038333
7.71796887
8.56711997
8.22391534
7.53616247
7.95679699
7.35997358
8.67407433
7.56655722
6.93569169
8.70154780
8.56496963
8.83210962
9.27098269
9.02715778
7.53349224
7.69704793
9.38116490
9.36733465
7.91259604
9.59650696
8.02069689
9.76798462
9.79244389
9.58936401
8.09586561
8.07434536
8.04814839
7.87286772
8.11604530
7.59621696
7.95419281
7.41661846
5.31094249
7.35845379
8.16817808
7.76608693
8.04208725
8.08837756
6.89129005
7.29100066
7.25526553
7.23367992
8.36222881
7.64710317
7.86759653
7.64063908
7.56177647
7.54784377
9.13150844
8.78642823
1.42785806
0.50224740
0.88127819
1.21287884
1.77756801
0.65369428
1.51348170
-0.26960681
0.21830456
1.48650585
0.62902009
0.96445362
1.02871258
1.22956703
0.29776196
-0.18633557
0.78806569
0.99539950
0.51826655
-0.05773877
0.05922825
0.25583976
0.74393233
0.74997956
0.81884888
0.34796796
1.49133370
-0.07017411
0.44344434
-0.29930159
0.26126368
1.80381956
-0.14478245
0.78898096
2.29871436
0.00945011
0.24715310
1.48911757
1.29617018
-0.41974271
0.68507568
0.50616062
3.13647615
0.80074545
-0.58292215
0.22788225
0.72460091
0.59001830
1.27365641
0.87715325
1.80790034
-0.38097703
0.63281084
0.63325025
0.32979713
0.86977870
0.79560210
0.44978049
0.53540866
0.15884214
0.71958479
-0.00321905
0.62868262
0.25205714
0.58470285
0.58553394
0.08305577
-0.10752089
0.02416924
0.52736794
0.28352839
0.08774891
1.19770192
0.40912248
0.86922011
0.04353376
0.82398744
0.06493585
0.45054017
0.51173871
0.62273858
0.45354729
0.50862175
0.31813385
1.07228724
-0.16253410
0.44820776
0.91882104
0.98341656
1.11422402
1.30099970
0.17208365
0.86096162
0.80667420
2.41153788
1.30013144
2.70789684
1.90776839
1.61778920
0.26485247
-0.02104785
4.41633434
0.08074905
-0.03468193
2.44070787
2.63797755
1.36932722
2.02436731
4.12727779
2.18330347
-0.34356859
2.43006643
0.34860890
1.42158444
0.87366280
4.87372048
0.37005438
3.56580474
4.43579536
0.75632208
0.13994682
1.44253137
2.40244508
4.13005379
3.77096995
3.02097264
0.87325980
4.22182109
-0.09441966
0.12751169
4.28489400
3.17656317
4.15513703
4.49258677
-0.19328905
1.87531666
4.88163400
4.46232550
3.48062465
3.98501946
2.41147629
3.22792949
2.40513810
3.73342035
3.59157289
-0.74593917
2.18562532
3.02731857
1.28698731
1.90148196
3.49024321
0.82296899
1.84141803
3.97877010
1.11186336
3.54405243
2.71400342
2.67754426
-0.56558698
3.89987107
2.75253469
-0.46708900
2.11205709
-0.44337773
1.22812005
0.18068437
0.11536237
0.57489695
3.03279042
4.65390025
-0.12513333
-0.25524840
4.16706950
-0.18780682
0.05978121
-0.36793524
0.57412931
3.36952281
3.84388103
4.74657108
2.22319547
4.67664419
2.09696773
1.96606798
2.03190867
1.55984849
4.45749794
4.57018913
-0.18929933
-0.12571833
2.79922900
3.99605944
2.34247941
2.90392815
0.67293658
1.93595472
3.33339241
0.09967161
0.72166534
2.94509392
6.09738482
8.81757478
7.26564307
6.21273845
6.95249812
8.28352566
6.02025370
8.67472934
6.06028494
7.69214265
5.94699301
7.89011146
7.46245620
8.31568079
7.91292725
8.45722786
5.73985226
7.47880332
7.48546126
7.63564509
8.11733937
8.26165040
8.14927180
8.03732363
8.08630941
8.38868323
7.67823398
7.80203546
8.21842422
8.11135542
8.62100862
8.84165484
8.57975604
8.22885919
8.72951027
9.10050369
8.16129081
8.24269267
8.39523656
7.94184836
8.07687892
7.61103244
7.01454690
6.40406751
8.58176613
8.08393228
8.04740131
6.87154900
7.67409996
7.48746113
9.16475747
8.77021894
8.06568941
5.80010365
7.23075563
7.78092520
8.53289344
8.60751558
8.13862425
7.73400594
7.79452645
7.37075636
7.77395930
9.46062246
8.09671223
7.85234857
7.43479637
8.34680232
8.04977333
8.47477451
8.69062180
8.61598025
7.94595628
7.91778518
7.83146971
8.05577052
8.22799720
8.85835203
11.36368243
9.01117924
11.50999687
11.74960237
11.27788357
11.88100080
8.76314013
8.52680644
8.25191491
7.69782074
8.33501476
6.84563586
8.02396628
7.67985272
5.68667788
7.08708092
7.66433000
7.51018592
7.93272025
8.30963517
7.92285502
9.25153149
6.67614853
7.25519896
4.73508473
7.08139059
7.98776997
5.99400205
4.10720913
6.31257532
6.59480925
5.95077598
6.18026317
5.88844014
5.81807449
5.64137568
5.46582587
5.11637469
7.29104113
5.96091059
5.85874831
9.10471886
6.09696097
5.62151928
6.55729122
6.50356207
5.93820935
7.06656498
5.98125509
6.86515197
5.53699722
5.13552474
11.00786458
8.83869690
8.78420980
8.19472935
8.06383482
6.29504180
5.30633335
5.72156215
5.17657321
5.19620586
8.15322895
6.94596750
8.43559364
7.72048508
6.10464413
6.01857338
6.38355455
5.12774879
3.73305946
4.08239251
7.40788212
5.38963600
7.39137344
4.57299660
6.28062499
5.46645134
5.97934780
5.45824269
5.70693395
5.77281882
5.87456108
5.51282476
6.12912880
5.48599779
6.77698571
6.06369192
6.34108675
6.11134697
6.74567250
7.71331105
4.90244568
6.19204478
4.96073592
5.15532798
7.02576345
5.29341109
6.56608905
7.29936556
7.05382605
6.26694310
5.81974142
7.94304935
8.41397101
8.76196936
9.07518628
6.01699964
7.13238886
6.69579026
8.52273991
5.93774437
6.66110279
6.30556861
6.14723463
7.40546410
6.00084745
6.50818831
7.33150442
6.50720026
6.65007372
6.05111252
15.98688687
15.31005747
14.93961773
13.94794318
14.12327645
15.35704535
14.40870520
15.72487083
16.14506487
14.67933111
15.71984624
16.50624342
15.11045975
15.83284474
15.96839367
14.21681025
15.14952436
14.50717301
14.40978467
16.35249382
14.53662330
13.43880742
16.19895952
15.49617925
15.26999961
15.47867396
15.54392808
15.06285906
17.54964571
14.89881291
15.34015838
18.57014784
16.36564804
16.70982876
17.02462878
16.25941613
14.51082362
15.78957613
18.44328233
13.42758039
15.89617254
12.73401306
14.01174197
14.08866964
15.25618984
14.63359893
14.90816828
16.89309621
15.99552149
16.70289545
14.34081317
14.46649434
14.60356550
15.44159820
13.53614670
15.59493363
16.08943397
15.46221733
16.65747075
15.90559883
15.44632344
14.67106948
15.42023005
15.69449767
15.91057618
18.54960700
14.09815504
14.50400386
13.30187755
14.60977085
15.22009411
13.27924604
13.64102773
16.33190248
14.76851494
12.92172408
16.95777994
15.63752250
15.14043807
14.56096046
13.88310717
15.71950966
14.75858276
15.34890540
15.04800184
14.99292098
14.90042809
14.46118073
13.16342839
14.50337972
13.09682171
12.52742635
15.97010413
12.62908007
14.85371846
16.81174152
13.93592165
15.97837094
15.03100138
15.84900241
9.31458320
9.03128874
8.92256562
9.34210867
9.11910692
8.63904049
8.21229506
8.27239629
8.70502047
7.52312666
7.25894425
9.49984263
8.69186443
9.22539534
9.13627188
6.00260220
8.16309228
7.62424251
6.99283348
7.75879513
9.01124078
7.34702815
10.73025142
9.09015380
11.69463491
11.11339588
9.25542131
9.89398715
8.87031848
9.53556141
9.37927118
9.77027058
7.93000862
8.36711387
8.95986117
7.75315104
6.91938889
8.97211408
8.54986314
10.08875598
6.47864402
6.99000896
9.25847860
8.74659979
8.97946535
8.77160251
8.85337300
6.56828821
9.23956987
9.41804572
9.21556876
8.35320414
7.23279033
7.54039645
7.30340923
9.07813100
8.96419355
8.06975117
7.36335369
8.66970695
9.79676158
8.85513766
8.38716321
6.48742531
9.09449617
8.41170162
7.50944716
7.99644550
7.51278751
8.59542722
8.73268502
8.65217453
9.64750694
9.32537148
9.37659327
9.00458741
10.61247292
8.22491499
6.83572962
8.05434720
7.52874944
9.83890336
7.17444711
7.69008561
6.23714878
8.96294168
7.88739121
6.50838894
7.71489994
8.59940195
7.18248570
6.35883382
9.32624780
7.51327893
9.14770898
9.00037363
6.52918111
7.25279488
6.15663899
8.06187511
12.35870357
11.37354451
10.69027394
10.75812957
10.27711248
11.88490770
12.22622992
10.43344176
10.16351046
11.57619682
11.82456166
10.26383533
11.55910684
14.18192555
14.01938487
14.42679648
13.56322748
13.85455349
11.98364858
13.62039377
13.57562941
14.23495392
13.93997117
10.10702572
10.19860135
12.17621126
10.49467154
11.62495706
13.79314594
9.05336647
11.71339019
9.85014302
10.26500075
11.76624045
10.83125843
11.84248083
7.88628176
13.44702078
12.35680479
10.38880329
11.03766468
9.40711435
13.70879989
11.64037627
11.78871635
10.28715182
11.51401435
11.11558082
11.39604646
11.07318745
11.77715903
8.51088489
10.31954968
10.72800420
11.05706371
11.18840618
10.58559221
13.88809226
10.08956584
9.26604491
11.08483058
9.35716426
10.07581828
10.16329960
11.84648787
10.87123699
11.86459490
8.36863080
11.80798278
10.70022251
12.53955030
12.18830899
11.23097753
10.89926954
12.19557108
12.34705970
10.67283664
13.27084624
11.63533282
11.46610713
9.96982296
11.66048021
10.24182054
11.46044967
10.16298453
10.29595550
11.78011668
9.15718066
10.40929185
10.07487655
10.82343021
10.62387481
10.13691881
12.76199234
11.32362938
9.70145011
10.14649181
11.23428385
9.59242181
11.22757044
