8.39538404
7.16632364
7.69402172
7.58726612
7.89216475
7.98262553
6.89125526
7.38980617
7.61427479
8.41134560
7.07273632
9.07144101
9.42157040
8.49332928
8.00497754
9.79044685
8.31810510
8.63506678
8.15555166
10.30499327
10.34447062
8.88549193
8.89236002
8.04416113
8.99029199
7.19885595
7.53131925
10.29695705
7.93424051
8.70916354
9.45401791
9.15423320
7.21235473
8.48163255
8.27396419
8.72709788
9.31875637
8.36116806
9.19346824
8.48638557
8.76780902
7.75687563
6.54742271
7.33662905
9.04187557
8.25798827
7.62828462
7.81035240
7.28954877
7.67335944
8.44120860
6.49238534
6.87355843
9.23227151
6.91125305
9.24914532
6.88105503
7.81945842
7.06225956
9.08509180
6.91741436
7.45173981
6.56070782
7.70218058
7.17117738
8.45449466
9.95185583
8.33990374
9.32713307
7.82270117
9.66228219
8.04753495
9.54312786
7.59129207
8.30559490
9.27220586
6.45233438
8.46099287
10.49109653
9.75287389
8.41887272
7.58522039
7.55694821
9.32557922
8.55379081
8.37147932
9.49206994
7.78659416
7.93122993
8.05924395
9.02344512
8.25310602
8.13495066
7.23354979
7.16101801
9.34439492
8.39984107
9.14420285
7.67638632
7.44811263
7.14115390
7.12925311
6.97624886
5.74322799
6.67542515
7.79823324
8.20261550
7.28187506
7.73090579
7.19014825
7.95728681
9.24564168
8.70398433
7.98366722
9.22378989
8.28856189
8.58848707
8.73408668
8.19911879
8.77782047
7.90616544
8.93017229
8.65404815
9.17181658
8.46928298
8.97673768
8.86652758
8.83672225
8.95958289
8.67051500
8.59890285
6.07466815
8.37452678
7.79437664
6.34782578
6.03734389
5.13441510
6.28948592
7.57279742
7.40417778
6.94806693
5.30536771
6.83814488
6.92146870
6.34119186
7.38214837
7.67884197
6.38529092
6.81239385
7.53587712
8.10622487
8.15565151
7.31727892
8.27346667
7.97796721
7.33767291
7.01371675
7.64567030
5.13989925
7.97794201
6.15491551
7.15735809
7.42365937
7.98844948
8.22301926
8.63868826
8.25902647
8.31990973
8.08636497
7.50336175
9.17184399
8.92168057
9.34188198
8.98142953
9.36743731
9.06374558
8.09652527
8.19850183
7.84471541
8.71138932
6.92573994
8.17213372
6.27376053
6.69435583
6.90421796
6.96828756
6.28667378
5.27506593
7.64094324
7.43542786
6.99465509
6.92566291
8.01917330
8.22563506
8.25977008
9.10159302
8.27722916
9.44352732
8.91225955
7.65713187
4.92025659
5.14243397
4.72557196
6.41914986
6.34097012
7.08657252
7.10041981
6.78774225
5.86070573
5.83081980
4.32546989
5.87536808
6.32764904
6.14003477
5.47232581
6.32899903
5.44831063
6.04735620
6.33107255
5.58066411
5.27640111
4.53251813
5.92252482
5.45949859
6.07026864
5.78815123
5.08587377
5.73588659
4.70385177
5.28076916
5.51925975
5.32658526
5.50706448
5.27675090
5.10341840
5.03607244
5.56714789
5.83981306
7.06613336
6.47390521
5.46232529
4.96591387
3.87281598
4.80783072
5.50262954
4.13640680
5.22902876
4.82501072
4.07333524
5.23445004
5.16293240
5.03300343
5.38516124
4.76085385
5.39907222
5.17705764
4.76588757
6.25200533
5.98283593
6.79209022
3.45764855
5.06415123
6.37319782
4.12383573
6.42005236
4.97992295
4.33613996
5.60793267
5.40237873
4.05251733
5.18267251
5.26741891
4.73557358
6.59778336
4.92391524
4.91731284
5.44723059
5.08984627
4.77221510
5.26081962
3.65084932
4.33409351
4.61673914
5.19390035
5.93055950
5.13506754
6.07357903
5.43077377
6.02636994
4.39163261
5.29452629
5.21356167
6.30670311
6.70503083
6.59635092
5.64538209
6.27218456
6.01797247
5.82884768
6.91308034
11.28633322
10.34836618
11.38780948
11.72324051
9.76190464
11.47006665
10.25248136
11.65835378
10.26970170
10.78224241
9.96739921
10.89984465
9.52176184
9.31217764
11.17746872
11.16267976
9.55113552
9.34828586
9.77992944
9.51218474
10.21829956
11.52087432
10.64309883
10.37472415
11.89184759
10.99220882
10.97692839
11.06903486
9.72540691
11.21548419
10.30594517
12.04635785
11.77933135
10.48744019
11.33375226
10.90362505
11.24224765
9.58128010
11.16028443
11.24751269
10.56783853
11.31901239
11.38158101
10.02239950
9.08759416
11.45066029
10.56865832
10.55457980
9.72471837
12.00414496
9.37864665
11.92485095
10.48445516
10.82099740
11.30119867
11.01759098
11.62923637
10.84902297
11.36280094
10.90206733
11.01697146
9.60695425
11.05420400
11.41303872
9.50615380
11.32621813
9.53768233
10.62043223
11.76761008
12.03379822
9.28792218
11.40400798
11.00632703
11.39868082
10.23884760
8.96403571
9.37865436
10.86562069
11.86837177
9.58968744
9.64558253
10.59135046
10.98191824
10.83514773
10.57572956
11.77875158
11.02170797
9.51352160
10.99143807
11.56527824
11.17659553
10.98341547
10.33332611
10.51783773
10.54016862
11.34612896
11.41353506
11.13305958
9.56027089
10.36992359
4.88038777
4.33897085
5.63575863
5.57631354
5.39144043
5.09963134
4.38955171
1.79902343
5.67069324
6.77710603
5.49630167
3.05140120
3.66193841
3.95204682
5.32125306
3.39607819
6.30171714
5.48286325
5.03285369
5.37258984
7.21992419
4.74932352
5.22483681
7.76245739
5.38053663
5.31960619
5.17574223
5.31092699
6.30695272
4.01820717
5.84888941
5.37803805
6.98018206
3.61555258
4.37186194
8.63247918
7.90869565
6.99779383
6.69533908
8.39955312
8.20212532
6.04328223
5.45932280
5.72681081
3.09837515
8.09639028
9.27633740
3.71290452
4.30952294
4.57322288
4.81130528
3.91980196
6.95850049
4.07431974
5.05764010
4.01838275
5.15938496
2.20162685
3.39197268
5.62044725
3.49166535
5.15882746
3.94830871
5.30375091
4.34704857
4.62180791
5.89710120
4.60212805
6.23673614
6.26030415
4.99206879
5.44242855
4.66405359
5.02515666
5.14800847
4.79156612
5.56665865
5.38803566
3.97475219
7.55674027
7.70163749
5.56231701
4.82166255
6.43719034
5.31301176
4.85934277
3.40882813
7.02970595
5.47246403
4.54145619
5.69385443
3.87986262
6.20918219
3.55926920
4.69459032
4.49056429
5.83835276
3.21913452
3.59758504
2.77128899
-5.18226968
-3.25976974
-4.29273583
-4.22268114
-5.15005014
-3.16610764
-3.42089786
-3.91822595
-2.86398190
-4.50971396
-3.98484072
-4.88722241
-5.99667157
-4.94561928
-5.23205296
-5.03172223
-5.06246811
-5.28308802
-4.20231813
-5.19383386
-4.61977587
-5.33448892
-5.88422547
-4.84129186
-4.58545893
-5.20773571
-5.58322569
-4.44772323
-5.71743189
-4.26084210
-4.37098882
-5.96706619
-4.22747985
-5.13912891
-4.73450255
-4.87740247
-6.59002485
-5.94501637
-5.30288158
-5.65071718
-4.69427510
-4.89431754
-4.47749376
-3.81219711
-4.96703122
-5.64539233
-4.23251453
-4.85831950
-5.57752877
-5.74159139
-4.79218439
-5.15347750
-4.89643642
-5.09940219
-5.73630728
-4.89188740
-4.47616504
-4.77000863
-5.05207140
-4.65390071
-2.61174597
-5.03107623
-4.40184744
-5.46949547
-5.47510693
-4.55945513
-4.51902319
-4.50464882
-4.20722796
-5.27270844
-6.94225829
-4.90643087
-4.32455291
-5.17360033
-5.06293467
-5.23420004
-4.88576112
-6.05180213
-4.51691762
-4.50050254
-5.22077702
-5.13472349
-4.56722888
-4.75475138
-4.46473282
-4.77839778
-4.17146940
-5.78884635
-4.94652321
-3.86940578
-5.25963267
-4.26231363
-4.65138333
-5.67553127
-5.31503117
-5.02804630
-5.31390750
-3.24374947
-4.69542191
-5.18843098
12.90293085
12.72121327
12.51975672
14.32732502
12.16775802
12.20530540
12.94228822
11.84210331
13.10363279
11.11955483
12.84377553
12.10233582
13.48551056
11.21361098
14.34950819
9.81000277
13.81640453
12.30130916
13.38512170
13.97457934
12.93222452
9.35244201
12.23123789
11.30506476
9.89579347
13.25646371
12.73354066
11.72176839
10.87764518
13.59508198
12.93732769
12.39210370
13.07192247
13.08376591
12.39826364
13.01978398
11.93519914
12.93760799
12.36349907
9.82767807
12.36687466
12.55563739
12.69650829
11.87145560
12.81788327
12.33211033
12.20421314
12.96665309
12.69794877
12.05275758
13.76382283
9.78875236
7.70011383
11.89124817
13.46449881
13.08363022
13.43353616
12.44125293
13.36553496
13.89420365
12.84434764
11.42174290
12.59496016
12.29617558
11.99834579
11.94059385
8.87072563
13.23127620
10.60554578
12.60091104
12.38843617
12.86494606
13.42528099
13.64425745
12.74343435
12.60997900
13.08521806
13.42563641
9.96959031
12.92188435
11.20498263
9.15545750
11.83788186
11.87240331
13.15187277
9.87394803
13.59762290
11.28488627
12.46865622
12.84331151
9.57693960
12.89847215
12.65781681
12.17076717
12.37937560
12.18030424
12.90194341
11.10082156
12.67560162
9.71948358
11.41046234
13.36102990
12.72552828
14.49472454
12.84356764
12.61385412
13.94654462
13.31011865
12.99663871
12.85556074
13.25610460
13.74180811
13.76311617
11.55687301
11.78901936
12.20996541
13.48581998
12.00948258
12.06904109
11.58417058
10.74024702
11.70607244
12.48812693
14.37243612
14.20477700
13.34924964
13.02880081
13.96253869
11.33604025
12.75109841
12.50163949
12.13854437
12.74679098
13.13124069
11.90650564
12.57030245
11.16793290
12.22997752
13.09897234
12.16329691
11.59994908
12.65956261
12.37120268
13.04002791
12.16385929
10.44720196
13.65184677
12.00174919
14.71370495
13.57377024
13.21602927
13.48873432
14.11986202
13.29632886
13.78967856
13.99984763
12.73055843
13.22817311
13.39445306
13.20379866
13.12131922
13.13102252
13.32692204
13.07037562
14.45099309
10.78435074
12.82862859
12.27599326
11.53229467
13.23036997
11.83206190
11.26627980
10.89038620
11.67023008
12.70759711
11.96332156
12.89094349
13.02835784
14.19805200
13.15927791
12.71868189
12.38544432
10.35922146
12.87724107
12.97141095
13.09601296
12.50261346
12.32795339
11.75966592
12.20268840
12.20156744
12.70238973
10.31341394
13.24478010
11.82852071
13.16661478
12.69645948
12.48673667
12.29184889
12.37893042
6.18106661
6.16011350
6.38485780
6.27714801
6.60534899
4.77919497
6.20053568
5.26789873
6.67643654
6.21650662
6.38228748
8.07983891
7.07973903
6.07330655
5.51546640
5.76312476
5.53949500
6.80707960
6.94180745
8.12119139
6.52050886
6.49321907
5.17414801
7.94168162
4.09352372
8.21947289
6.10755422
5.81313874
6.48833870
8.32387385
8.05079559
11.82650952
9.52297566
11.55444430
11.38440733
11.20727562
10.77196964
10.74992571
10.84603462
11.00122509
10.98030659
7.98975509
7.76781967
7.87807551
5.95192803
7.66735457
9.66878075
7.63849538
8.44403117
8.77434141
7.81420104
11.01463791
5.42265667
6.36043211
8.01211190
6.21231283
7.32442598
6.88255732
4.84600808
6.01858513
7.96694994
5.22659940
6.57520918
6.55042478
5.35090796
5.16605263
5.78986651
6.79220018
8.13662727
3.58328108
6.23043328
7.16654220
6.05772521
6.55940437
5.91111093
8.70395261
5.64606258
8.48574032
6.52633716
5.84906975
8.28170458
4.73853643
10.64067200
10.66276771
9.85309612
6.89900676
7.81229439
8.22185381
10.29915991
7.81258712
8.59917546
6.36406233
5.46813399
7.31730778
7.11323522
7.28650017
6.30823254
6.49416149
6.35400640
7.31263294
5.38668220
6.86172904
3.94551867
6.26570677
5.84245014
6.10583974
6.42706765
6.51677938
5.40889139
6.11417818
4.96546242
7.09101260
4.28834599
5.97266177
5.19110213
4.74267414
4.73019716
4.81969788
5.49828198
4.98265517
4.02524729
6.47536487
4.17349714
4.98697965
3.96147240
5.38349000
6.58244766
4.38599842
4.89668507
5.25700214
5.08225431
6.26531760
5.04987298
6.27427442
4.84666603
4.87213274
5.33450655
4.50845091
5.04232592
5.25629284
5.42161317
7.38356311
4.11299397
4.92762990
5.19957078
5.60172634
6.10698831
4.99367196
4.99725686
7.50980945
5.90417453
7.51215824
5.06834765
5.05859944
4.98203096
4.14622111
4.23684382
6.30347095
4.89758690
3.85288698
3.86837485
3.72111708
5.91461548
4.78687228
4.56051511
4.33243016
5.13850059
7.72320956
6.30420102
8.75060136
6.09050336
6.90932227
5.52752483
4.34023671
5.94577000
4.11382594
5.69437134
4.92817447
5.96984336
5.04470148
4.90629845
4.72760140
5.30836066
4.40220704
5.40711553
5.92646125
3.90947355
5.71727192
4.55551864
5.52794629
5.53261221
5.27399767
5.34913582
4.73446048
4.24893044
3.99608805
5.39784453
4.41728090
6.07877037
5.26786738
1.02774980
-1.64428611
1.15972744
0.45868151
1.50843310
1.26085880
1.44548410
0.25636328
-2.24308255
0.61966006
1.29405288
1.84059728
-0.20167881
0.57204682
1.23828159
1.60511713
0.95171209
1.10840192
0.79096362
0.97732077
0.62647917
1.55339931
1.16859975
1.69087239
1.22414852
1.29802875
2.05159871
1.33272623
0.36507094
1.35428333
1.39463308
-0.35937417
2.90003102
0.97403832
1.22691115
1.45592653
1.40016542
1.20649922
1.37247981
1.97745533
2.45346576
2.45640322
2.05835126
1.51699137
2.39650090
1.11308979
-0.02146524
1.60588556
1.03476668
1.77032022
0.20439207
2.18510493
1.24351961
0.64867396
0.49593521
-2.05580037
0.66028886
1.09805129
1.09582759
1.43170128
0.22552034
1.01991679
0.88654850
1.99421597
0.86178946
1.01011851
1.65884342
1.00105760
-0.65506375
1.64927390
1.44837095
2.26593505
1.40573073
0.73319488
1.68360542
1.70814635
1.25317611
2.19587581
2.00166643
1.31229956
3.25793727
1.58196702
1.08739021
1.55657150
1.87874514
1.35790796
2.15945528
2.34101193
2.00403119
1.55163269
2.50502225
2.07379162
1.35238654
2.83547143
1.76866943
0.99182068
1.58038607
1.83346646
-4.30547659
0.82797996
4.04746114
2.47741603
1.64080302
1.58000015
2.02959722
3.20799768
1.43108660
1.69336892
6.66122007
4.73390053
2.84868955
3.37702416
0.89803445
2.64721791
2.30649024
3.12454147
1.83659990
2.54745258
2.17187522
1.76795106
1.68170881
4.95408875
3.18832504
1.21270918
1.90548442
1.74555287
2.89827820
2.02886528
1.46467951
1.61365430
5.07793772
5.65098071
6.47872518
5.33147796
5.12801703
1.08938065
3.97699600
2.07189237
3.42002914
2.45901537
5.38763014
1.83601094
2.42150816
1.20188322
2.56002379
2.01375045
3.32140428
2.77689154
2.47764186
1.30998829
1.34251361
0.83735027
2.18194993
2.11926996
1.57554360
0.71778601
1.92674809
2.49835071
2.63903100
2.89609970
1.36657931
2.20718202
2.01080858
2.11113428
2.69341657
2.04732051
3.81208989
2.53229617
2.06459861
1.33199683
2.90433724
1.57487081
2.13220631
3.04779950
2.25130364
1.09400950
1.85507463
4.08686848
2.49975198
4.38246258
1.47524361
5.90406442
1.80074576
7.08721085
4.82584212
5.95001217
5.78857765
5.59711373
2.77863895
5.17310956
5.90346647
1.43347674
0.88709586
1.64885195
4.43897020
2.04053527
2.25759855
3.43206991
3.49037526
2.05145149
-1.39766165
-1.86017586
-3.33323739
-3.23678575
-2.58283197
-2.46711311
-1.88578724
-2.51166079
-2.26120768
-2.02101048
-1.08690947
-2.62373682
-1.31738309
-0.63794542
-1.18191500
-0.54982408
-0.24979838
-0.88742741
-2.57675877
-0.94780645
-1.00735518
-0.16034643
0.10548588
-1.64534645
-2.49725457
-2.68747796
-1.77370543
-2.91073803
-1.98449429
-1.98837740
-1.86075042
-2.88163108
-2.02747819
-1.63316693
-1.59696496
-2.30180484
-2.17544018
-2.48708047
-2.07315804
-2.58355808
-1.74763448
-1.85167522
-2.02537167
-1.22367377
-2.06231239
-1.84242060
-2.42768593
-2.05287627
-2.15971678
-1.88261044
-1.82440725
-2.44104727
-1.70242042
-2.73269564
-1.49581994
-1.98803789
-1.47744734
-2.54218201
-2.32763331
-2.78896582
-1.85132425
-2.30720755
-1.41255761
-2.16989342
-1.97878396
-2.10656327
-1.66885633
-1.93995224
-1.85727673
0.75542434
-1.16776797
0.88608513
-0.63735818
-0.04833732
-1.15524903
-0.15273594
0.37951192
2.29675388
3.52120340
-1.38089109
-1.33708510
-4.27826230
-1.21545601
-2.88238789
-2.10731991
-2.35307929
-1.46100101
-2.19854776
-2.14353740
-1.70824139
-1.64991873
-2.03508560
-3.06450482
-1.95233030
-2.00795753
-1.42265867
-2.99287916
-2.10028332
-1.74638742
-1.83945278
4.82421288
6.40696944
5.75954155
5.48021958
4.76472588
5.56547985
4.91371577
4.60687828
4.80636678
4.28154171
4.99291701
4.22086236
4.99160972
5.10362007
5.15803234
4.78848602
4.73938039
5.91787026
5.24013605
5.12161489
5.26505231
4.51945706
4.95977899
5.59142492
6.43978402
5.21391940
5.15252279
4.58871956
4.95154679
4.68940265
6.67665346
5.77403704
5.77623994
5.37911407
4.72798269
6.80258755
4.97533727
5.53434813
7.33661174
5.57526194
4.28269669
5.31060627
5.33887968
4.22392024
4.94021244
4.24782216
5.47391088
4.48296594
5.60067658
4.82783624
6.69678493
5.20237330
4.90140890
5.25178197
5.58024030
4.51070319
4.75550835
5.45916037
5.54035387
5.49276984
4.61286965
5.26240688
4.91673719
5.43797968
4.57015345
5.48037650
4.22154987
5.58248018
5.00428315
4.20478337
5.64969160
5.77134228
5.11645674
7.52648697
5.65731867
6.69237822
5.00726594
7.12727991
5.67514245
5.96713779
6.03134464
5.66147232
6.67228068
5.25196894
5.66052552
5.41863813
6.81523305
8.08188719
5.80140288
6.52163500
5.79262804
5.39688788
4.50330599
4.66592265
4.83872598
4.71833622
4.66489375
4.25773073
4.73522245
4.21938015
4.20612827
5.10647022
5.06996725
4.80641426
5.50956581
5.78430851
4.54801013
6.72321786
4.39215049
5.26094170
4.77510242
7.47585922
5.32681377
5.73062281
5.51834640
5.80302743
6.91528436
6.15336491
4.44342734
5.94060550
4.96861631
5.18757867
5.66733352
5.42537485
6.50981910
5.70212692
5.07610789
5.81396673
5.81589246
7.80982170
8.70278553
7.36802380
7.69891184
8.92978059
8.78342043
7.85611049
7.55106468
7.21943532
6.09912653
4.64948453
4.22576436
3.86120416
5.31306255
2.24302672
5.34024615
4.92360887
4.37424694
5.46744937
5.01141228
4.87547338
4.34829107
4.99172042
5.96276792
4.58800540
6.99921152
5.18188663
5.09664695
5.61248714
5.65428792
5.29161398
5.75733326
5.27517835
4.49741837
5.26766144
6.42489727
5.03129515
5.28353022
4.72817081
5.16536867
5.26109477
5.48197918
5.80325236
4.98608148
4.85251580
6.09560935
7.15740927
7.09513588
5.81996753
6.89547151
8.61475734
6.98657305
7.12389464
6.68256877
7.85638085
8.04472520
8.67282256
7.68962219
8.80112413
5.59178886
7.40878043
9.37922402
8.27715226
8.36527718
8.56990402
3.58295216
6.40574795
5.37635760
5.34950778
5.80667738
4.88309209
2.66564430
-0.50710505
2.29446264
0.16165672
0.26831773
0.94563088
2.91989420
3.48883199
2.62509568
2.26945030
3.19341013
3.11945165
1.36461157
2.83779744
2.41157602
2.49286439
2.63593473
2.42443321
4.48711203
2.38327075
1.56120188
1.41062061
0.79656869
1.34728250
1.79238404
-0.07157742
3.73126168
5.03528586
5.57735514
5.92989638
5.51906475
2.41361395
2.67332996
2.55006899
2.77689184
2.83797362
4.72626555
2.27494034
2.24222787
4.66555847
1.74664521
3.10095001
4.34995650
4.38883702
0.75129902
2.37326984
1.24385448
1.19461552
2.80606397
3.76359147
2.31042417
0.75409587
2.85815164
2.99269041
0.96882709
1.67520528
4.62620998
2.79237813
3.80745832
4.85186136
4.66935369
5.96477553
1.77196700
0.99602022
2.48717717
2.62263138
0.85550402
2.38962942
4.05400229
1.17171050
1.70730015
3.08825666
2.77825691
0.41882153
2.48898592
2.48733827
1.02068513
2.98194775
2.34104394
2.41122552
1.91562601
3.50014262
1.84300560
5.28348278
0.63710793
4.98807860
3.99405000
3.42610301
3.70459023
7.19919658
4.46258879
4.39655084
2.22329479
2.21730681
4.87206338
3.77239396
-0.66653093
4.04277557
3.92550535
2.63285247
5.57827716
5.26333430
5.55479092
7.55013859
7.68730564
7.36193608
6.65797724
7.09543320
6.19008254
5.14137187
4.69274839
7.16529571
6.83556994
5.28214159
5.11680322
4.51545675
5.78663902
4.73215063
7.50747543
4.51369384
4.32988055
4.94767438
4.38292064
6.14780619
5.09629185
6.94340209
5.00409959
4.20145540
3.50574611
4.79504338
5.43317545
5.38227763
6.19416247
5.03115959
5.99728781
4.58676531
4.37763807
5.40669360
5.45008521
5.57514884
6.19151856
5.26135027
4.73536046
4.79281340
6.64526273
4.45441053
4.05600663
4.85653029
5.24507585
4.72432345
6.26389964
6.84932546
5.08668176
6.23983333
5.44554830
5.22562666
5.50828998
6.60218302
6.07090242
5.67367134
5.65984531
5.66404406
5.77727179
5.13453015
7.24562944
5.50930701
5.45567006
5.81051742
5.79754378
6.37180417
6.46599694
5.00901435
5.05147051
7.45661455
5.47207698
7.15164544
5.56750516
7.24654214
5.55319237
5.29593605
3.15413571
4.71222846
5.05892064
5.48998995
3.64108248
5.72042127
2.86096600
5.17287602
3.02257009
6.25816338
2.38497757
5.96993923
5.81771875
4.84973776
4.86457182
5.07834107
5.64078298
5.85866425
4.32859368
4.48774269
11.39281622
11.18169641
11.48959493
11.11853682
9.67112354
10.87744004
10.14741951
9.40903729
8.71219232
9.75378229
10.14781877
11.72331718
11.06619011
14.26846945
12.57660867
10.74947437
13.11786368
11.37464787
11.70954802
10.77217039
8.48276170
9.77754468
10.68333711
8.83520348
9.90057417
8.13805449
9.34952496
10.37975876
10.74081809
10.33053904
13.09239763
9.44878405
9.78805864
12.62883477
11.02295147
10.85283169
9.88867310
10.89976235
12.90176482
10.07149759
10.89185457
10.18188054
8.01233016
10.52957873
6.82169417
8.27722492
9.26182541
11.07623040
10.00156243
8.92274086
8.30944203
10.85341280
11.49964750
11.78016202
11.44509915
9.81644870
12.48105494
8.90692767
12.47160413
12.70682356
10.07387692
8.15014648
10.20972378
8.54542312
12.11145401
11.05046859
9.64338154
9.16856093
10.44601455
10.49259431
7.75806242
11.50331296
9.86836794
8.78346295
11.32417972
8.64724065
8.30547946
10.60046030
9.19856630
7.21681668
11.32657277
10.12754620
10.96927596
7.17390800
10.75543139
9.77524728
8.91859391
11.09864063
13.27547114
9.58346220
9.45282650
9.74976699
12.07240404
8.31975892
10.11970762
9.50797206
8.98628355
11.48006244
10.92538907
9.30726398
4.38476839
4.36801142
5.49327346
5.57764496
5.94312719
6.32192375
6.48928076
6.44878799
5.90335918
5.57854499
5.70245237
5.19760581
5.58606038
6.13681284
6.01391517
5.86285652
5.88187484
5.93011570
6.49418561
6.94755556
6.82696611
6.41213864
4.84759506
5.40307306
5.33152495
5.30524336
4.45116298
5.17111535
5.43966325
5.26656911
5.27802887
4.86670848
4.75364467
5.25118559
4.79225006
5.52724095
5.40214116
6.10443461
5.38517376
5.40625535
5.63560132
5.80752930
5.44335289
5.45426707
6.42318578
6.27225680
5.69762277
6.87405590
6.76407367
6.20408326
5.35175376
4.47562229
5.09021183
4.95995747
4.78767610
5.00000862
4.99124493
4.02752824
5.34241969
4.62122470
5.58618419
5.64928559
5.81845831
3.89148463
5.38584919
6.36539838
5.75686956
5.85827510
6.30670597
5.24755155
5.45809644
5.73399213
5.52072623
5.64283477
4.52526366
5.70117814
5.34169498
5.26731918
5.38252393
5.37065455
5.37498327
5.39487726
5.37608581
5.60502766
5.54804301
5.28937395
5.92270375
4.60216486
5.54926164
5.72029914
5.20254275
5.50021759
5.39126886
5.24543703
5.37015088
5.50133180
5.07744253
5.25337593
5.20291824
5.43233245
1.33926794
1.00641405
2.01497209
-0.16794856
1.28956712
0.82562511
0.55027958
0.40545793
1.25201950
2.05749357
-0.73103825
1.21354863
0.39624545
-0.44435603
-0.12183321
-0.62332487
1.69477826
1.67089455
-1.63686051
0.68595029
-0.13614619
1.42663786
-1.68363835
1.25512994
1.90243370
-0.81495533
-1.87248160
0.24677880
0.43578177
1.18794361
0.60155008
1.14847272
0.94458919
0.84839566
0.59831278
1.63511110
1.58336528
1.50006966
1.32595620
0.13447272
-0.54650396
0.37324515
0.83453889
1.90507601
0.54692447
1.86290014
1.46128605
1.91314313
0.58707839
0.63598360
0.83526569
-0.14744177
-0.45824293
0.80003318
0.63203948
0.26169143
0.15044673
1.27093984
0.32400100
1.63984703
0.61743810
0.72921660
1.28528603
1.91877014
0.52730402
0.81092090
1.08169308
0.84749122
1.42719661
-0.72042565
1.93657599
2.05954271
1.31275986
0.76258230
1.45284164
1.95249353
0.70296261
1.19947244
1.48283028
-1.19128023
0.17947249
0.43259493
-0.01787593
1.04915209
0.24297171
-0.46909548
0.94683489
1.24401384
0.45512701
0.65236815
0.36711626
-0.52734482
0.85466423
1.22051634
1.05522186
1.30407258
0.93552887
1.06222652
1.51337637
-0.55569639
8.04998162
5.97838595
6.19868036
5.52203105
6.78071008
5.91866664
6.54712283
7.37874514
5.24626756
5.57211411
6.24537458
7.09484502
5.59951009
6.63527176
7.01556687
6.11075876
6.62244641
6.54837520
7.37611869
7.29544114
6.16816920
7.39967382
6.60367038
6.42790516
7.11937764
7.08226985
7.38003916
7.04105492
6.63612482
7.76074346
7.15916577
3.99659441
5.65912950
5.81311532
6.01793975
9.11327255
6.40775037
7.61580323
5.71046169
6.25459090
7.58570112
6.13998046
8.29076957
5.52029595
7.31626090
5.72211143
5.82475916
5.55358273
7.20906149
6.92197564
5.18093862
6.27944886
7.99469823
6.01911874
4.85106559
8.14284790
7.58090932
6.90319639
8.03631146
6.88941218
5.66713173
5.99862588
5.21615207
6.35031033
6.67277877
4.94325282
5.87771128
7.01263570
4.71832257
6.59588238
4.12202269
7.20939342
8.09345348
6.23187230
5.99234902
7.80947741
7.17575600
6.23625421
7.74768756
7.52629651
7.31531372
6.48310877
6.82979368
7.18230856
6.38504533
6.94372875
5.90989544
5.50004388
5.64426799
7.37787212
5.51620433
6.08165078
5.10509618
8.02845391
5.52608094
7.37827976
7.11288191
5.15149147
5.20044578
6.27994976
10.26219044
10.89480706
9.93911882
8.84226102
7.17807607
10.14653132
8.63833756
7.59831713
10.10918334
7.47773825
6.31937111
6.26332040
7.11898533
7.42565930
6.17950550
9.48637693
6.47290090
7.93333014
6.17233375
6.19387432
7.94341242
8.29009139
6.61985121
8.10995928
6.68380273
8.77554542
8.25837859
6.25371048
8.30595542
7.84527283
7.97814345
6.52824862
6.57881883
7.74010150
6.17850244
6.44255385
8.88035952
4.96276366
7.71590021
6.03022722
7.78142547
5.89235047
6.82683830
6.51087406
6.50887036
4.66698314
5.46706049
6.84990166
6.58206559
7.46523441
9.40547080
8.19970435
10.30114686
9.10139307
9.82223670
8.91368313
11.52759520
11.57939722
8.70730304
11.55794946
8.82643192
7.79876367
6.27382113
7.80019684
9.57479593
6.58796115
8.68437610
8.01486031
9.80614669
6.15956138
9.59321550
8.23169018
8.65479190
6.41899092
7.32259774
7.71455042
7.08840362
7.50048323
7.50227454
9.56706775
7.54232156
6.04890715
6.80091869
8.45788604
6.77308831
7.53513294
7.60524266
5.73364647
6.44520989
8.64694002
7.01822093
6.18726371
5.94287815
7.45421139
6.35457701
7.57686574
7.15492861
6.74767779
7.38372816
4.64908663
3.55740880
4.14639381
3.59228524
3.83576204
5.68872982
3.81582155
3.91089950
3.60949649
3.28280637
6.89816370
3.79464512
3.48065854
5.60194771
4.44957850
4.02572915
4.09736948
4.13562894
3.74745143
5.39810649
4.07038030
3.80089385
4.33567974
5.20784681
5.09212409
5.39740291
5.29090912
5.61376497
5.67374707
4.16188384
5.23883584
5.64694006
5.99222576
5.46439364
5.85222484
6.91746589
4.81676567
4.79259272
4.52197536
4.84537643
5.01128831
5.11432065
5.19526720
5.15522408
4.04372373
3.88235403
5.22944778
3.88035203
3.70874943
3.57312634
4.24460184
3.44403398
3.29529842
3.90179795
3.94147055
3.98501272
3.10559171
3.20642334
3.53430200
4.45641152
3.96907952
4.59286869
3.26806440
4.09894600
5.40104770
3.76829533
3.76615115
3.92638397
4.06643132
4.90375205
5.52131380
6.99736835
5.27528357
5.06320491
5.19708898
5.19514920
5.44709572
5.85495869
6.70200585
5.59914953
5.58658342
5.68682223
5.26457437
5.68500776
5.63192551
5.08282419
5.33595024
5.85674933
6.03859182
5.75327135
4.84940428
4.88954743
4.97864544
4.70006592
3.97244344
3.86245851
4.98511894
3.60945816
4.87214339
5.09507660
3.75241266
