5.04522996
5.30300645
4.23037990
5.44259299
5.52751275
6.10185157
8.48663405
8.15779217
7.80864716
5.03295121
8.52013787
4.67118129
4.06861897
5.00385729
7.35219726
5.58983390
5.01278563
5.26009403
4.95261628
6.01269177
6.64392136
4.46254078
3.84301953
5.61568991
6.31008951
5.10754565
5.71089238
6.68208028
3.52330218
5.05554691
5.88167652
5.62181116
6.02817216
5.31724166
8.36129821
8.40954048
6.34678002
7.56215699
5.92814717
5.59452063
6.68126321
5.32282974
5.23716121
5.44570777
5.79777746
4.90827809
7.04040147
5.01835672
5.02186155
8.26352974
4.23370864
5.42374413
4.56120537
4.07396863
4.69890295
5.77136808
5.99254169
5.05089187
7.38253819
4.94962235
5.61694161
8.63252528
7.41254726
6.12801078
4.91917653
6.70684122
4.99054435
7.63394796
4.90907180
5.37494108
5.18428299
5.45082491
6.34689048
3.59757195
5.55739181
6.01185966
5.16931024
4.82555584
6.41329810
5.66169205
5.09909085
5.93209601
5.07078858
5.25970610
5.00656557
5.79475073
5.70629415
4.54551598
4.59948453
3.78515261
5.60111938
4.44041958
5.47011171
7.17125542
5.94635778
5.95598936
5.04759640
5.18027609
5.37216407
5.68452418
8.64985016
8.72971816
8.21731579
9.16090924
9.96260835
8.76987246
7.85470850
8.32807830
8.89676314
8.13833582
8.08744146
9.23423390
8.24335050
8.77456957
8.96734817
9.17359665
8.50282483
10.44553645
9.42985491
9.51095970
8.27351674
8.49727027
8.02707480
9.68778583
10.42094698
10.53088704
9.16784197
8.50187655
8.40405190
9.78613876
8.27347093
9.14751903
8.06876883
8.67165817
8.35033268
8.65970636
9.70993512
9.45414925
8.53702470
8.90158637
8.61549786
8.14593785
8.59197426
8.26699305
8.10758228
10.67444172
8.29934792
10.41728942
8.12122514
10.70191138
8.58638891
8.74827476
6.86969202
8.86056150
7.08509785
9.18903103
8.65637749
9.07483888
9.19424212
7.29462327
8.10865184
10.17222497
8.35012826
8.25854966
10.73545909
9.85773132
8.51736552
8.59401318
8.23830764
10.62034242
9.81024456
8.36460670
8.47981938
9.43729070
8.67195971
10.54945361
8.54323191
8.64692736
8.96775463
8.35172578
9.65635814
8.83819122
9.50051976
10.01763542
8.30951372
10.21848058
9.43133156
8.29435655
9.61673210
8.91153143
8.70162220
9.21052034
8.71250226
8.58774320
10.54486879
8.37255848
8.50002971
8.97005598
8.71405526
8.32808240
5.27313951
4.41046410
6.86086623
7.17389902
5.34840534
6.91512249
6.20570307
6.80373600
6.65367492
7.01939871
6.44649274
7.20435527
6.75320820
8.59494298
7.03332145
7.02119315
6.54519477
7.68804371
6.86817857
8.31417345
7.20840728
6.92896158
6.70258468
8.73622584
1.55203490
4.51650012
4.66955814
6.23846833
5.65662531
6.48245026
6.75079049
8.34594979
9.75272795
8.15801904
6.89432786
3.73240345
6.75539319
6.79717000
3.98335903
5.58454296
4.37339261
4.51987782
6.67726962
6.05791268
2.91523415
5.50432659
7.34008975
6.90023776
4.90019083
6.67169843
5.96243420
4.84682612
5.65003049
6.67579429
6.16491800
6.25380954
6.23280293
4.00876473
8.24506226
8.61924766
8.43784685
6.52268071
8.72193627
7.75886576
6.93587691
7.30592721
7.14278598
7.29493181
7.94337489
7.12373886
5.74408720
7.04715825
6.88772629
6.46227861
7.28854997
6.90861427
7.01046393
7.02956626
8.56898345
7.24077532
6.42062967
5.42842958
4.76541938
6.51181574
5.63472971
5.92770429
6.86363960
8.26586117
4.91960789
5.66080458
7.23576835
3.80160671
6.71741039
5.76044741
6.10789356
6.76091076
5.24848191
6.73653926
4.29786446
6.99464605
1.86298454
1.91141351
1.95045193
2.10859842
0.84199070
1.73071083
1.95733143
1.93038616
1.14418753
2.01340940
1.80482760
1.30166892
1.62878822
0.51938843
2.44849235
1.30276754
1.72677379
1.68728552
1.75758545
1.89052395
2.52651810
2.46615780
1.09836772
2.61805489
-0.20991743
1.94663994
1.91892895
1.90227497
0.23181628
1.94189351
0.96532450
0.99073738
1.78268032
1.89978857
1.15302115
0.96106019
1.89313043
0.91414698
0.93139006
0.11930492
0.43062056
0.82136933
0.87700406
1.80435277
0.77667550
0.84049154
1.57537707
0.73201013
1.64542274
1.29175646
1.66718492
0.79228233
0.98592818
0.72959329
0.31493267
0.77105326
0.83694622
0.86162199
2.26548211
1.75456374
2.04827378
0.44537824
1.98211171
1.88315447
1.00534907
1.01250637
0.95084873
1.90293912
0.16313782
1.82025893
1.75119956
1.89954650
1.04553065
0.91560357
1.70303226
0.90199930
0.81188248
1.74368009
0.36775428
1.49015813
0.79966113
0.94346715
0.86841145
0.89902952
0.46613824
0.87370427
2.26070736
2.13810952
1.64470915
1.34176879
0.77436754
0.32514753
1.62127411
0.89850017
1.32584713
0.78341283
1.66828065
1.69384994
1.67713572
2.09848333
9.06399088
10.08928385
7.75281661
9.68380972
9.82545015
10.41831677
7.91429776
10.23769079
9.74115736
10.36696980
10.64501958
8.42623643
10.45841149
9.17498096
9.93223063
8.67876159
9.71119824
10.04901187
10.39405505
8.89883418
10.41790505
10.13708789
10.14678536
8.38347770
7.74119020
7.81762369
12.24978953
10.03013505
9.78681747
10.36534802
9.60961547
12.60801500
12.72605768
10.15905309
9.70976011
10.32872931
11.04203272
10.63206459
8.26104820
10.64831726
9.96017150
12.35039719
10.60161101
8.36387874
10.14964786
9.67386941
11.00587321
9.70321274
12.64470124
9.14402975
8.96226494
10.41033607
9.07670807
9.99818220
7.76011667
8.55765177
8.17206783
9.46266992
8.05457034
10.30588744
10.20030195
10.39222884
9.40397428
10.50832537
9.68297580
8.34938412
8.25896458
10.37072268
8.74364742
7.71602874
10.28857827
8.38721324
7.89242106
7.75850259
8.45564625
7.97878746
10.87860904
10.32530485
10.28646747
12.30429278
10.35577585
10.06692678
11.27795753
7.82170637
7.99082024
9.12799870
9.71837326
10.61734710
9.36804551
10.41893735
10.77562186
10.21420306
9.34027067
9.59018792
9.87565634
10.09721638
10.43281701
8.19546807
10.20247338
8.38470757
1.56245929
1.42708428
1.34424070
1.37909742
2.02439468
0.93047554
1.59284703
1.89280383
-0.75075001
1.84337118
0.01016956
1.78171965
2.86260975
1.44546621
1.76631313
1.31930658
1.17315232
2.04628580
0.86851449
3.50675898
0.00167249
0.76710596
-0.67313501
1.18578435
1.59804599
0.32396554
-0.05903782
0.37135260
0.18814013
-0.53425116
0.91800544
0.14717644
1.80974938
1.12192689
1.20456562
0.38526444
1.09064743
-1.22229017
0.77513176
1.25716304
1.51536680
-0.30470504
1.67508879
0.68259749
2.23070170
-0.99347089
1.57023094
-0.35759953
1.67945875
2.01060201
-1.19580324
0.85826252
1.50247424
-1.00368513
0.45878780
1.00418169
0.47046053
0.71226353
1.57266600
1.51567727
2.00469692
1.95942708
2.60487372
2.00059423
2.45483325
1.79106347
0.79158925
1.69774267
0.99451544
1.84477296
1.56090176
-0.15811854
0.11840707
-1.65813932
0.26206741
-0.82563234
1.09399698
2.47168663
0.05483815
1.37910061
1.21353413
1.93001918
0.06530517
1.57046789
1.28802609
1.17041953
1.73828042
0.63071522
0.64813719
2.05787232
1.23374986
-0.11329375
0.00416725
-2.06397046
0.80218964
-0.54674868
1.41980771
-0.15321441
1.10532185
1.40798820
6.10938473
8.63324778
5.77817025
6.33554812
7.34198033
7.34121498
6.86352964
6.89499825
7.84726061
6.84937146
7.08808518
6.91825283
5.29244724
6.64054047
6.62251337
5.93531498
6.77189132
6.40797963
6.89190971
4.82990772
6.76282887
7.60574668
8.41646915
6.97939783
6.54979094
6.96825270
6.47096935
7.22302645
5.79082153
6.89580887
5.96265045
6.52424991
5.15796292
7.01034657
6.60784209
6.29970099
5.91234180
5.37285211
6.54576765
6.92775708
6.50211493
6.58831379
6.40589528
6.35875249
7.44058533
5.30138295
7.65544181
6.28891826
5.96758688
5.11085097
4.67280465
6.38300717
6.47682509
6.40531240
4.67197769
4.35226191
6.08938293
6.54162040
3.94915503
6.79957068
4.64646644
6.48857581
6.68244354
5.94374784
5.90500642
6.53723208
6.82376754
6.43632144
7.28178072
6.60547278
6.93792403
6.54165773
7.78348055
5.97698592
5.80590442
5.88784805
5.63527370
6.21007166
6.05578084
5.64402353
4.88076545
7.43335941
6.70477066
7.04325592
6.44303417
4.65191188
6.20071501
6.82914765
5.36860720
6.30713932
6.23829956
6.37395404
6.27484860
6.67207049
6.58292028
5.74142458
6.17119513
6.35401308
5.42355537
5.45602262
4.60544968
2.36329910
2.30771324
2.43141670
2.34025788
2.04322628
4.96571434
4.89247794
1.96106511
4.63487138
5.28042733
1.95035169
3.90545713
4.77837443
4.98066221
2.38367389
2.36092016
2.36420830
4.24359854
2.75654922
2.09517300
2.67200218
2.59029352
5.09813039
2.02208649
1.98715457
2.74890787
2.42787896
3.83333576
2.39702280
4.22299364
3.74068508
5.26238832
5.12953525
4.65431148
0.10714822
3.46581849
4.80419641
4.93299924
4.63097489
-0.40956033
4.97074519
4.96759695
5.09352440
4.92771589
2.66923231
5.22370633
1.18695719
4.25874977
3.82676216
4.90866245
4.91981590
4.78359085
3.45637433
4.68137295
2.18119859
4.55275764
2.32070197
4.35423574
3.10199145
4.71198738
2.07714209
4.74873979
4.85389549
2.78945513
4.94555728
5.21121911
2.20087762
2.45980014
2.71046311
3.25862601
4.19813386
4.58026866
4.94314140
1.29072596
2.12530976
1.94280269
5.22648660
5.04309574
2.17974049
4.07937998
5.86835802
5.86412940
2.88561609
6.37527817
5.01358860
4.49563172
5.76004502
5.37082835
3.82348051
5.14191059
4.32211329
5.09137424
4.67117625
4.47531550
0.76025252
4.91545278
4.26243232
4.83723542
3.62660072
1.08289514
0.80352959
1.17895410
-1.05128304
-3.45228869
0.91472468
0.78149335
-0.18953053
-0.82403667
-0.40042925
1.18421871
-1.17522601
-0.48586254
-3.79247363
3.11469718
2.04879841
2.38306664
2.86408861
1.79670986
3.84831993
3.26863675
2.14200783
2.43033434
2.62550602
-1.98194278
-1.63038380
-0.64501009
0.90043767
0.98252802
2.61111917
2.35600084
2.21899732
1.95028331
2.85884708
2.56739464
1.71153001
2.03510955
-1.98426827
-0.57429575
-0.56625729
-2.62812909
-0.63587043
-0.25660986
-1.30934650
-0.92781256
0.34136884
0.77838546
0.77450547
1.15271178
1.21273198
2.12512182
2.21971762
2.83349433
1.68121308
1.53896383
1.64299484
1.33225464
1.52354102
-2.62279302
-2.38021266
-2.61497999
-0.92021761
-0.74055593
-3.01970118
-0.66432708
-1.26277295
0.14941003
1.01146383
1.20597669
2.72017409
1.72166655
2.22821064
2.10259594
3.12276818
1.12427318
1.78637071
2.23498320
2.85029891
1.68417659
2.13631310
1.35264790
1.37412454
1.40275492
1.90221377
1.17847600
2.82352881
0.96736712
1.90440674
1.56447211
2.93824889
1.30306186
3.77247742
2.83922188
2.93007007
-2.07791922
-1.75751480
1.67160437
-0.73854928
1.52136127
1.42899835
8.40482319
5.89610766
7.42681064
6.49108318
7.26535259
8.34860303
5.92842322
8.70752716
6.31586722
7.63018342
6.59161307
8.11505254
6.71373651
4.42766557
6.35315076
5.92852344
6.76366880
7.42253141
5.76845670
6.09037163
7.18081209
7.79435382
5.26408097
6.22581435
6.59734205
7.16747815
8.08811079
6.61231010
7.81974840
6.46294933
7.32599799
6.25035469
6.45434175
7.39764546
5.82717671
5.82710563
6.89794372
6.42626604
6.39243184
5.93446618
5.09552272
7.91311629
7.46701078
5.98641186
7.38151660
5.02326755
6.20970026
4.98450870
8.35976574
7.12003411
8.86968053
7.26957231
5.14295071
6.50016932
6.35681784
9.71286327
7.57827444
9.77458256
7.12576658
5.99200364
7.96053213
6.35740059
7.88211950
7.28417274
6.98829113
5.65367371
6.98790584
6.66842616
7.55472884
5.94624496
7.89654993
7.25403922
4.20622208
6.03004153
6.17690285
8.63041684
6.10469890
7.19150593
8.85835611
5.18399839
4.62052255
8.39466838
7.98666144
8.27833837
9.24282346
8.43244024
8.42354409
7.65816312
7.36919275
8.42116110
7.81318902
5.74596676
6.40354707
5.75485256
7.03523759
8.39287409
7.71376266
5.97844069
7.74364778
5.26908336
6.01300829
4.69745600
5.64657668
6.34906955
6.38279700
4.28763362
5.30675892
6.04602094
6.67748531
5.26511645
4.21935133
4.37369257
3.95435806
4.44455248
4.23910538
3.85892015
4.22713133
4.04695947
4.99513231
2.05314562
3.13095211
2.23686425
2.79294632
1.47101080
2.78388329
2.26051367
3.69548910
3.11370449
2.81419273
2.73641963
3.57867572
2.13248893
2.49673178
4.33330542
6.33617326
5.12175134
3.49951229
4.20859733
4.77254633
4.42023013
4.98006406
3.95107195
4.47443053
4.67452037
3.71427128
4.60006604
4.22176835
4.65974286
4.42405862
4.10381425
4.39249836
2.62027610
0.17968866
3.31319873
2.38401051
0.37561765
2.68336064
4.62904901
3.81780090
2.61046476
3.89319346
7.02232001
6.53240748
7.13473850
7.23965365
8.06170231
7.87699075
6.55646357
7.72871061
6.39406153
7.64073659
4.53081067
3.64280579
2.55110801
2.96216021
2.78409346
4.41584578
3.88765914
3.85755745
4.36527375
4.30058521
4.36789305
4.21998442
3.95023320
4.24390167
3.39412434
3.37979062
3.64103118
4.07823510
3.25109441
1.74928871
2.08759442
2.70698041
1.73364999
2.05850301
2.96352414
2.66950328
2.45797544
3.57318498
2.56251898
-0.41823373
-0.38778142
-0.46557616
-0.71733507
-0.90858474
-0.44017757
-0.63463609
-0.83682087
-2.62951913
-3.39922297
-1.63875733
0.22874497
-0.21628718
-2.78308024
-4.32725055
-2.40290590
-3.68036214
-3.01774519
-2.59088426
-1.39594671
-1.35143305
-2.63658825
-3.21576251
-2.63715641
-1.69844008
-3.38136159
-1.91345616
-3.11678651
-1.74302171
-2.80894752
-3.48043993
-2.62665522
-1.96368203
-2.75778200
-2.84669460
-0.79820993
-1.72568472
-1.78325931
0.25653566
-0.12909594
-1.32559552
-0.31564731
-1.09275163
0.31688775
-0.71227801
0.85454705
0.04750364
1.99544391
0.00031006
-1.42310660
-1.15676497
-0.70122036
-0.94415046
-0.60165259
-0.85628237
-0.71032274
-0.61399035
0.39437396
-1.38374949
-0.50351227
-0.73745230
-3.32604227
-3.78869447
-0.43283433
-1.21146435
-4.27771569
-0.80947581
-2.95798357
-3.66906366
-1.65074563
0.88875109
0.53487909
-0.43943216
0.23573557
0.41144265
1.69918269
4.03009897
-0.12175503
-3.67324349
-2.69063680
-3.45128618
-2.64460553
-2.48897795
-1.68641732
-2.39790876
-2.89065233
-3.12426898
-2.63807273
-0.84736957
-1.18400622
-0.23213381
-0.59545472
0.17733568
-0.10220392
-0.97406589
0.05299069
-0.66574384
-1.46072952
-0.73629951
0.22525033
0.83426049
1.64902720
0.77099765
0.58876534
1.03247934
-0.34183235
0.90407206
1.00277923
0.48610471
0.40741519
-1.04441589
0.19962575
2.73269514
3.32050948
0.33788860
1.04819511
0.79232475
0.53152276
-0.42893656
-0.34394988
1.02416471
0.51379493
0.68414238
0.65350906
0.21662413
0.24566403
2.72125511
-1.35299994
1.03664993
1.58862097
-0.36583365
1.10049183
0.23457361
1.71706851
-0.19907607
-0.62928033
1.60587669
-0.42984177
1.08072364
0.95769648
-0.67750840
0.54831866
2.50052954
0.13053996
-0.77471166
-0.53571000
0.68262399
-0.01697240
0.23986613
0.53378528
0.27442570
0.76847408
0.43186727
0.82045400
0.26516115
-0.11052767
-0.42393167
2.42766815
0.05342687
0.78056262
0.99564481
0.47920433
1.65478730
1.23205530
0.49798125
0.50223906
0.82149977
0.78374740
0.75920735
0.54619589
0.82926101
0.97915392
-0.43367917
1.15140252
0.71775645
2.07548047
-0.85933023
1.23468345
0.43620096
-0.75418104
1.29917119
1.06434257
1.52118128
0.74163290
2.92700428
2.68073666
4.32012767
3.80480377
2.59291738
2.36511784
2.27390547
1.16063790
2.12291221
-0.56426280
0.97689667
0.39763876
2.18147300
0.50655357
1.35737754
0.11500905
0.46933619
-0.04127639
0.31840863
0.38574075
0.45364648
0.41010603
0.35352784
-0.59424157
0.35641481
1.06557748
0.39677773
-0.15889815
0.72113526
0.05926546
0.39607000
0.66674437
1.17308984
0.62903731
0.50880369
0.36733165
0.51971596
0.41844508
0.02535247
1.36786342
0.56001788
0.53291001
0.40554130
0.46457541
0.41236201
0.00910586
0.68137057
0.41138361
0.30365464
0.70659569
0.23876233
-0.00171513
2.25319181
1.16294351
0.64921014
0.62098886
-0.44124433
0.17779277
0.23269298
0.56953702
0.14829029
1.24684526
0.24668350
-0.10115506
-0.46219162
-0.36790343
0.28117407
0.35719323
-0.20672377
0.30166064
0.25263196
0.54742092
0.36589406
0.35280126
0.25846649
0.46637969
0.39748739
0.37216816
0.44189536
0.40828433
0.06610387
0.50988641
0.40614409
0.51871819
0.60575290
0.37337672
0.10683155
0.41363518
0.97884977
0.52878276
0.44763167
0.65215952
0.45502872
0.07541834
0.46919920
0.00319026
0.78842327
0.54483995
-0.02083496
0.59483180
0.03143983
0.93812845
0.32085063
0.67462161
0.47869649
0.34060970
0.18558108
0.18266715
0.31457154
0.22624264
0.29070945
0.20052388
0.64129692
0.13787480
-0.71285025
0.43862296
9.39995064
9.61925991
10.15087312
14.30933872
9.35530302
9.39289067
9.24562277
9.11875328
8.64889298
9.26113282
9.29324129
9.46060070
9.43824218
9.85734422
9.53826009
9.13012792
9.41677083
9.82257620
9.51469109
9.24302250
12.99986115
14.38173305
14.24397129
12.72161907
9.78996520
12.83129542
13.00327086
12.44031502
12.09593970
13.27348651
13.70470412
13.53915789
13.73148392
13.31252729
12.99727549
12.74024406
13.09508480
9.34513026
12.19569789
11.67008848
9.07238844
9.56163833
10.32493030
9.38844974
9.63817932
10.50354055
8.14681125
9.93532185
9.91849955
10.29856993
8.54537641
8.67971815
9.33139643
10.61274282
11.70288713
11.35851243
9.52800955
9.32606230
9.31184644
9.00183981
9.15865252
9.78110633
10.69480238
12.48933485
9.00113333
8.46733972
9.70300724
12.05395529
12.22588578
8.29559144
11.83005833
12.72068054
13.72340083
10.70589001
9.88341343
13.13596058
10.56213389
12.71298450
12.58397832
12.81646289
12.62861593
13.19348684
12.61940852
13.32862475
13.27775079
12.42155440
13.58493831
12.76803930
9.87565735
11.30476841
9.01338106
9.38241084
9.59074543
10.24735882
10.00923003
9.23227475
10.01750450
9.88758599
8.52264671
12.69900781
11.63591665
10.54790376
10.24803103
10.74980755
11.03804200
12.99581135
10.56671219
11.76225827
12.35608665
11.83748130
12.29203846
12.32147880
12.72740362
14.00373390
13.11583010
13.07095747
12.98885318
13.76453608
13.33384420
12.66277309
14.13563899
12.27075199
12.84379525
13.57716333
13.77937187
13.74927657
13.02372796
13.57284713
13.74392665
12.50749941
11.57339845
11.94733990
12.03837937
11.54029957
11.71025820
11.34265450
10.73959928
11.17459073
11.29616643
11.27895322
11.63409224
12.65783240
12.09649335
12.03930814
13.43875495
13.34754109
12.01509573
11.72882048
10.92222657
10.32215434
10.65110898
12.34292540
9.67660684
11.78927826
12.04243799
11.50979592
10.79726724
10.07230872
11.37693200
11.24450965
12.17106221
13.07732061
13.39867585
12.22917753
13.40743367
13.70153597
13.90972109
13.47571666
13.10253054
13.18728539
13.57454167
13.38716655
13.77981697
13.55012665
12.93425576
13.44323692
13.95615379
13.92362528
14.94166333
13.94278757
13.95445233
11.52878867
10.95335773
12.52103145
11.42732784
12.73408743
12.92785695
12.42723146
12.76639099
10.25433197
12.84693183
11.55666105
11.30207208
13.12831907
12.15601277
12.65337908
11.75775822
11.69697231
13.11743949
12.11760858
-3.05574779
-2.21813641
-0.80585774
-0.58676716
-1.99219464
-2.33467181
-4.48861785
-2.02653618
-3.31769918
-4.86006363
-4.93994803
-4.83255036
-4.68121491
-2.70508051
-4.46097404
-4.72741566
-4.08045435
-4.71838005
0.30369142
-3.19432790
-4.65028401
-4.58263776
-4.48531295
-4.12558494
-4.39768821
-5.02140694
-0.68353617
-1.40994973
-5.00742423
-4.37939734
-4.32586912
-3.21740912
-4.45816167
-2.69715531
-4.50843278
-5.06383612
-3.45132616
-2.91307653
-4.78363933
-4.63447966
-3.17974558
-3.17804595
-4.98159015
-5.06176105
-0.89718201
-4.11420689
-4.94286534
-4.93172691
-4.98891941
-4.40270319
-2.80901028
-0.40041855
-4.24172412
0.41888412
0.35694820
-0.59337292
-1.00073951
-4.24182503
0.29965112
-1.38944109
-2.92415721
-4.53830350
-0.15137867
-1.40838673
-4.26193982
-2.56922881
-4.23908999
-4.70298752
-4.65329393
-2.60745672
-5.24076274
-5.13321112
-5.26312637
-5.03346593
0.02179097
-0.23239208
-1.72921635
-4.16749558
-4.81587285
-5.04463761
-5.34096894
-4.80273760
-4.64741953
-4.81089850
-3.60643802
-3.61789771
-4.28304215
-4.78882889
-4.94619949
-5.08838628
-4.23234483
-5.16935055
-4.86807919
-5.09365616
-1.39188720
-4.21855644
0.66912398
-4.48682684
-4.78842212
-1.58857818
-3.07994407
-2.37248158
-1.26013987
-1.90380291
-2.77065456
-2.37385456
-2.31661706
-3.45931396
-3.09277716
-2.77955775
-1.38410039
-1.54435498
-1.20180952
-1.12702139
-3.28778419
-1.26231222
-1.99265398
-1.93609594
-2.68436023
-0.74565052
-1.59755385
-2.40599261
-2.45903539
-2.52147834
-1.94817000
-3.03192595
-1.86372334
-2.02413147
-2.34118953
-2.86073940
-0.42771730
0.30345252
1.59846645
0.39476191
-0.19722880
0.08213831
-0.29001088
-0.21535960
0.49137512
-2.08396832
-0.92864522
-2.12823384
-1.94719712
-2.53936273
-1.23816169
-2.11491586
-2.05580578
-1.98477385
-1.11580436
-1.18122267
-3.06063085
-0.38800577
-0.58838460
-2.91092855
-2.78743362
-2.77181132
-1.85968195
-4.98358059
-2.62467831
-2.23639224
-2.43489953
-2.44963476
-2.22508184
-2.38210488
-0.27278891
-1.94354960
-3.21358281
-2.49952960
-0.81830383
-1.17247037
-3.09516001
-2.84600624
-1.84915913
-2.25200073
-1.98115794
-1.88101013
-2.38724914
-2.21469045
-2.87812570
-2.87748043
-3.59107481
-1.76611150
-1.22318132
-0.38425737
-0.68262658
-0.50751876
-0.54417924
-0.59549944
-1.88022632
-1.90273475
-2.14316898
-1.52267698
-0.71515268
-0.92890334
-2.45126449
-1.23083420
-1.85404885
-1.12653451
-1.80573724
-0.16989063
0.56316163
2.65202195
1.52995221
1.52452185
1.09742966
1.46629590
1.09661498
0.91230400
1.58590784
1.62258872
0.82502958
1.85117598
0.98558882
3.99141878
5.29176635
1.35829197
1.32043598
1.73142650
4.65759367
1.76864654
2.18676037
-0.63705468
-0.50908185
-0.87557437
-0.64735525
0.01256798
-1.76008959
0.93994253
-0.41596917
0.53551844
-2.43238637
0.31169040
-0.94901896
1.68066036
-1.03692609
-2.01601010
1.38204492
0.92342055
0.24916563
-0.00542473
0.17983850
-1.04195298
-1.57600360
-0.83971946
-1.11450783
-0.75471963
-1.08443515
-0.30054043
-4.44513764
-3.03258942
-4.03199988
0.46462830
4.94448895
0.91948645
1.70043387
2.61172227
4.29014540
1.75430600
3.57304661
1.49098747
4.25173320
4.60172398
4.90602595
5.45708127
4.08370343
3.23840444
4.51666851
4.96811532
4.99263619
4.47997781
-4.91092991
-0.21426492
-0.76563756
0.25039225
-0.54594695
0.77041358
0.30550738
-1.07010437
-0.00224229
0.66683097
0.61946383
1.51981390
1.25269694
0.98054531
0.60403282
1.24184213
0.81047400
-0.02577476
-1.83647311
1.18815416
-1.74927485
-0.40342575
-0.29953948
-2.60595214
-3.02520575
-0.77692251
-0.91801212
-0.61756719
-0.87299471
-1.82471458
8.45373850
6.52857950
8.24356364
9.66665009
9.83956344
10.04990664
9.04172250
9.24790622
8.42362579
7.58588159
9.87208682
10.39891449
11.84406316
10.30223641
8.90025066
9.34283506
8.56874131
10.14168717
11.57216572
10.11726740
8.77470499
10.35009526
8.82990896
9.45382343
8.62936886
10.41503632
9.14503771
8.79308593
10.29278050
10.01176329
9.82780430
9.38645817
12.13454537
9.74165934
11.24897410
10.27183529
7.27397293
9.48731107
10.05338416
10.70064373
10.16448424
10.51869916
10.59167545
10.82615113
9.71618974
10.75368913
8.86974623
11.28408319
8.67630269
9.90833612
9.27754867
8.94090195
7.05240956
7.43317947
9.96116638
9.52929211
9.72500675
9.22837050
9.21083004
10.73556948
9.73734756
7.23054867
8.27307388
6.91553264
7.55125382
9.34508898
7.57200168
9.33623943
8.40738331
7.09166411
10.15389279
8.82864792
11.19088901
8.25942322
10.75378089
9.73187008
10.05572123
10.27381638
10.54755679
8.96984529
8.51179648
9.49911938
10.95540918
10.38445235
9.19680272
9.98210427
9.62898070
9.27053620
9.54798430
6.69330497
8.60719262
8.36343468
9.89678543
9.05796946
10.28457170
9.54784698
10.21416590
9.71089229
8.91538918
9.55680041
4.91225851
3.47287634
5.12386015
3.29725585
4.39440026
5.39752723
5.69476265
1.86968839
3.75959588
5.58349938
6.09009020
7.03945836
4.32867122
5.72113387
2.49239036
3.03208824
1.56380452
4.67790112
3.92757950
1.91199896
3.78635128
4.90837612
3.96429264
4.77552782
4.24873733
3.52271576
0.64681136
3.45089788
3.84633834
3.47461226
4.98791170
2.05277517
1.22022771
2.67573934
0.31771469
4.41837810
2.38554348
3.80624864
4.65797793
3.99553197
4.41652321
3.60283175
3.00445827
3.19502951
4.14815335
3.45618443
1.81454103
3.09056479
4.38554407
2.68977613
4.93696504
4.04733934
4.10352858
1.69363888
4.67730242
2.74557804
4.39435669
2.84121059
4.90250478
3.39833651
6.04351542
1.64826584
3.69196524
3.54987229
4.55188977
4.85170530
2.83963625
2.58759122
2.72934618
6.26227971
3.21117777
4.54141316
3.96045358
3.78052516
4.21210016
4.43081363
4.14151562
3.59826506
4.92851063
2.88339246
1.28219134
3.87545945
2.50461063
1.96786454
2.37556709
4.36889168
3.54204584
4.46212575
3.24039924
4.51943271
4.33742857
4.12878662
2.49909818
5.70134861
3.80304394
3.88533988
4.36695608
4.01914121
4.38396133
2.29890670
-2.23451501
0.24653631
2.30673702
1.64455572
0.43807805
-2.24262453
0.55734846
0.16236791
-0.80076798
-1.74174038
-1.98667444
-1.62118207
0.61661247
0.99084206
-1.63533269
0.30485800
-1.67046525
-1.46296966
-0.79634685
-0.51428972
-1.19324590
-1.01804567
-1.87903924
-1.78008835
-0.74681290
1.45932871
0.60836318
-1.75499724
0.85285718
-1.44279085
1.46264097
-0.69345132
-1.60455428
-1.16886418
-0.85407055
-1.29240554
0.80357930
-1.21466990
-2.63267039
-1.26917854
-2.11865602
-2.71245126
-2.22204513
-2.92813155
-1.51144565
-2.13339302
-0.63489493
-0.71381988
-2.14996618
-1.47090940
-1.08737164
-0.79651938
0.33567425
-2.23043476
-1.47431878
-1.88509847
-1.86848185
-2.03997011
-1.99106907
-1.97472573
-1.43900336
-2.07030140
0.00642291
0.55290345
0.84958671
-0.23948194
-0.43138799
0.12700026
2.07251447
-0.53344296
-0.03663791
0.04427176
-1.18118437
3.82502204
-1.69507150
-0.88703097
-2.07975165
-0.88988583
-0.63698261
-1.07882100
-0.70369412
-0.27710185
-0.53143290
0.70687603
-2.17543979
-1.06401342
-4.08584217
-1.47175144
-1.10088449
0.25905347
-1.53883349
2.21002091
-1.98368949
-0.97448687
-3.56032487
-3.84925522
-1.51045357
-2.03223661
0.02932330
-1.75728895
5.24390195
2.97226160
3.82935887
2.44549012
2.34573044
3.95670764
2.16325359
4.80281801
4.72126108
5.42780127
4.90648095
5.27444500
3.67405340
5.93905496
4.33745170
3.86615204
3.84570331
4.86880017
2.49415361
3.79198396
5.85766482
5.37074401
5.28745072
3.04508499
5.51456164
5.34681395
3.44611319
5.10025555
5.46840782
4.94594311
3.41846253
5.64553373
5.77734611
5.89826859
5.91178157
5.73657752
6.09136424
2.85575053
2.43924748
2.41179391
4.78013972
5.53213125
4.78263387
5.52871801
4.67582390
4.10437528
3.66663521
6.77454505
3.59641597
5.62268679
4.09858361
5.49389888
5.87039954
5.77823840
3.36366767
2.81282286
3.55105370
2.94834259
4.31747447
3.04891347
4.86962091
5.14528184
5.64195137
3.44281226
2.44549927
4.77360364
5.27712845
5.39965999
2.17846439
5.19873671
2.69897446
2.52824955
2.99092792
3.29965789
2.98831851
4.58901359
2.23823999
5.02818785
4.97129719
3.55645475
5.38899463
5.21017218
3.72308596
4.02337160
3.64676924
5.35914320
3.95929244
3.64508670
4.82825119
3.67274596
4.64282185
5.48087715
4.30896190
4.72206901
5.14120980
5.45871627
3.70359929
4.82981737
5.00789250
4.33926960
