6.16314005
7.03710909
5.18694924
6.97818902
4.71665879
4.45139187
5.96623160
6.82594226
0.59188554
6.11452750
5.01703991
6.70425975
2.47924181
2.95196685
6.32115036
3.64149046
5.81352509
5.65269784
5.07418058
7.03843473
3.61313853
3.83228006
6.38379469
3.43124926
6.39948677
6.78041485
7.34018826
6.28772373
6.16031096
6.92625624
5.20463553
6.83481317
5.51512832
6.92423846
4.78870018
5.44526164
5.43630440
5.66171099
2.49923476
5.51057957
5.78145349
6.93537839
5.96013068
2.20028230
5.37283887
4.54355743
6.08968268
6.01310701
5.00908414
5.38475139
3.57700418
6.90430846
5.07823315
6.56433799
6.46488702
6.33177015
2.46405812
4.79565421
6.73752144
5.51909046
5.53192286
3.05088227
7.04320322
5.46750323
5.02271578
4.70981047
7.64004133
6.67897175
1.93396888
4.29192053
6.33764262
4.14126110
6.62880246
5.73963211
6.80523914
6.65103217
6.74904763
4.33838529
3.71702463
5.10207755
5.09920650
6.01545001
4.70839255
4.49808043
6.33344631
5.43960453
5.97507492
6.37076774
5.77417985
6.74722050
6.84458349
5.03410279
5.05216481
6.34272933
5.23988202
5.73241723
1.23285784
5.56478012
2.11903661
4.08660599
10.19174286
9.30643493
11.11145204
11.22666897
11.46399296
11.22163497
9.86911000
12.23266737
11.87394343
11.28016131
13.72820161
12.32054096
10.04239148
11.51264774
10.20086863
10.77848142
11.34680747
10.56463344
10.48570089
10.78687298
9.22469491
11.06621414
11.35773320
11.10196850
11.68781787
11.31921083
11.44211427
10.24561040
10.40579244
10.71103384
11.51401259
11.44222481
12.15083642
11.97578838
7.94938677
12.80615440
10.12541423
11.65625058
12.30690037
12.09523575
11.08088208
10.00273727
9.93439292
9.82579860
9.70921410
10.09753870
10.68169345
9.64666268
10.88251317
11.31688699
11.75225113
13.08106728
12.75952243
10.02423372
12.02073376
11.09739593
13.25522848
10.82381176
13.17376908
13.28100271
11.29768267
11.47057909
9.89864204
6.38978044
11.57921445
11.11595909
8.86990537
11.87201485
11.37918941
10.61700278
9.78195942
9.91233861
8.35840310
11.13422108
10.81457844
11.24604196
10.92293962
8.71769554
11.70509446
10.72943251
12.29886170
11.50651890
11.54364574
7.84317251
12.04884724
11.56233261
9.93362263
12.37216549
11.27874770
9.43921747
9.90751370
9.63770857
12.45263515
11.67909334
10.30780615
9.81305877
10.29801310
11.79564424
10.95739410
11.08269792
1.37591809
1.81871240
0.89643990
2.03431167
1.09098147
4.78515266
2.36942219
2.50390288
0.04456683
1.30551219
2.30555038
2.53766704
3.09762242
1.19027455
5.03933787
3.30684099
1.65670797
1.68415493
1.71937548
1.28035237
1.13635158
3.12475482
2.51671364
3.20058942
1.24020146
1.95907997
0.91592127
2.31157166
0.60123413
2.00472429
2.76658451
1.80163980
2.94399158
2.09937414
0.72110222
3.69734724
3.40170592
0.80513374
3.41054729
2.14348069
0.30523523
-0.28878828
2.14867593
1.48774490
3.16741016
2.41188542
3.37189100
1.96883144
3.52667518
2.71417991
0.22094747
2.61865578
2.16297013
3.26221112
0.61167247
0.86318075
1.85333382
1.60278127
1.31135599
2.23540154
1.48259364
0.45587093
1.57345035
2.10761827
3.30617814
1.85549119
0.52639596
0.31910036
2.14560055
1.22409368
3.18658250
2.16077996
1.91646448
1.96038679
1.41515511
0.93275285
2.71841420
2.01538078
1.26447853
1.08646408
3.09627359
1.42813019
2.01704424
1.33060868
1.30289004
2.06984180
0.19674742
1.46563062
2.19894347
3.11289830
1.41089544
1.26743673
1.89407974
3.17128518
1.50878255
0.93136084
3.66384890
1.28835187
1.35014651
1.17608048
2.32054534
2.00086179
2.46932509
0.80167001
2.18981867
1.58532208
2.58383393
0.43062319
2.41698061
2.45096807
1.26681826
-0.35949231
4.25476463
3.33181557
3.95291141
2.42725649
3.01207113
1.40353198
1.77719261
1.98194130
1.04190980
1.27708149
1.32142697
0.64854543
2.74679974
1.49656435
1.66876748
-1.06482960
1.43956723
1.43587733
1.36207656
1.79036067
1.24892540
2.40546287
0.86547694
1.28533047
1.60277158
2.66393272
2.03137663
0.87323744
0.51457891
2.54260498
2.00507779
1.66737889
2.43431834
1.57014317
2.60986404
1.64356339
1.63042798
2.56034834
3.90473642
3.88665639
3.74535549
3.17521572
3.43361056
3.48688205
3.56691451
3.21315959
1.49234196
0.05495896
2.12380608
3.49897407
3.13804989
1.31232839
1.31975253
1.46874166
2.12299519
3.95203916
1.21488381
2.04782012
1.85794488
2.09354829
0.90398851
0.36711292
2.75856782
-0.50788092
2.37593015
1.71702756
2.56349019
2.10010451
4.13388106
4.73469705
1.60577318
3.30946293
1.33101607
1.42071283
1.41243570
1.65522483
1.42818360
2.09128247
2.40535549
2.75582477
3.19995561
2.32783391
2.76358309
2.10223425
3.06903328
1.88547493
3.46965731
3.34743510
3.02882744
2.60169588
2.77129596
2.51609900
3.66245657
3.33512543
3.03159422
2.77632956
3.96250001
3.02994105
2.44187624
2.36200325
3.69764683
2.41790651
2.47712225
1.85656240
2.91607957
3.39423829
2.04931307
3.08194079
1.94481817
3.32727616
2.44649825
3.53279148
3.40764776
3.41757262
2.61819135
3.45364703
2.65336552
1.70198991
2.87490566
2.82201837
3.51889629
2.58619281
2.99253924
1.60227703
3.62903756
2.65430324
2.76501503
3.63818312
3.80234347
4.21381767
3.95352324
3.94068824
3.37949796
3.95711880
3.31060414
3.72250443
3.79586815
5.83703576
2.85230321
4.08370365
4.07487923
4.31714564
3.70474948
2.92029651
3.90456032
2.64221279
3.93715594
3.15524374
3.56735356
3.64722683
4.03346810
3.40615065
2.72130488
1.81149999
2.89742555
3.68986028
3.43105892
2.14192102
2.57430865
2.69422777
3.39770339
2.50654027
2.86629224
2.63243638
3.50299086
3.38697282
3.63584511
2.90113375
4.37928558
2.74186888
1.67496685
4.40484970
5.25806594
3.55338921
3.22454341
2.35576084
3.84510759
2.96969388
4.16345424
5.11223875
5.12580199
4.15528197
3.57726624
2.46884108
3.61759401
2.76458577
4.40397556
3.76865238
4.87047289
0.43089757
1.01850999
3.21578109
4.09991310
2.74797473
3.43005625
1.92441829
2.16436573
2.36658113
2.51882435
0.68106113
3.16509851
2.11231032
3.61087037
4.31887363
1.29104084
5.14501108
2.96036996
1.71044690
3.89618419
1.91140834
4.05351875
3.20026461
2.50716444
1.29628735
3.59730981
2.81586242
3.76633795
5.18492680
3.32456653
3.12402172
5.09145166
5.23365744
6.08352736
3.34339543
4.17378241
3.67913415
3.36278603
2.87682629
1.90701543
1.07389553
1.04138987
1.74873592
3.01983805
3.15456114
1.91763079
2.11689222
3.37404993
3.52025859
2.77789888
3.82230895
3.62434142
2.75341821
2.16369228
3.08847117
3.11868304
3.05019578
3.74304265
2.99963600
4.60577536
4.64488743
2.87234555
4.05305608
2.62685120
2.03549427
4.49489386
2.86554359
4.45018674
3.23898638
3.24623284
4.67443359
3.82620135
4.44260946
3.96542699
2.43765976
6.28359543
2.91547077
4.90945393
1.94843955
2.50990241
4.03710973
2.86902780
4.58858972
2.19085266
3.05639283
4.19579791
2.38628161
3.79510353
5.17868707
3.01002890
2.73083468
3.03097840
3.06699212
2.06190287
2.21130422
2.49500940
2.75877387
2.35549664
3.45567571
-5.99751407
-4.78663620
-4.36970546
-5.92857300
-3.79525633
-3.13103892
-3.61397661
-5.30139820
-3.84468754
-5.27808821
-4.29557441
-5.22491856
-6.04062351
-4.28142766
-4.28884416
-5.52203645
-4.45385979
-4.64287641
-4.00171925
-4.79480375
-4.44540513
-4.25619186
-4.54111692
-4.53063525
-4.11818872
-4.75103248
-2.83029731
-3.32412902
-5.69281263
-3.40397746
-3.51017834
-3.63856970
-5.14965791
-4.41624407
-4.56679713
-4.24683933
-3.69152121
-4.61737999
-5.55784837
-5.92552010
-6.36313448
-4.84708051
-4.62505981
-4.75185026
-5.32757099
-4.71853165
-5.91276195
-4.87290104
-5.62519241
-5.66627387
-5.35392109
-6.23620749
-5.52025189
-5.95710879
-4.21050158
-4.79754333
-4.08693000
-4.41394563
-4.46739744
-4.53633214
-4.60348018
-4.13233162
-4.40142231
-3.57767250
-3.85684033
-4.31885299
-3.75892678
-3.92498870
-4.58362369
-4.42582845
-3.39514821
-3.12939170
-4.05841288
-5.53245163
-5.27820955
-4.71537398
-4.72879757
-5.62137591
-6.42931284
-5.33335580
-6.22273041
-6.24682960
-6.08986884
-5.83637292
-3.14395712
-3.21720600
-3.12740961
-3.39682841
-3.35291846
-3.65528619
-4.79992240
-3.95273474
-4.39548539
-4.88278020
-2.99512568
-4.77859256
-4.15464750
-4.50807621
-4.81420107
-5.21955409
-5.14438495
-7.38196686
-6.09054385
-4.92889565
-4.28158370
-4.64816014
-5.60350852
-4.29718899
-4.66791719
-4.50253797
-3.76488939
-4.69402447
-4.83598585
-6.66371712
-4.61911056
-7.24740631
-6.04583726
-5.56320636
-5.75622736
-5.56739581
-4.63521396
-5.60102867
-6.36587994
-6.97712369
-6.40837095
-5.47237876
-6.32535460
-4.97472120
-6.91449166
-6.37721681
-6.77322293
-5.85515247
-6.77251975
-7.21040522
-6.66707737
-7.44156752
-6.95578567
-6.57500249
-5.58494117
-5.02881692
-5.14771305
-5.53049948
-7.29797120
-5.98657145
-5.62417028
-6.24907153
-5.69398888
-6.95838991
-5.53040361
-5.41682267
-5.24233882
-6.19341495
-6.00364742
-7.10020629
-6.83977429
-5.11596214
-5.18357056
-4.13813987
-7.24278727
-6.25881967
-5.94058142
-4.60668605
-7.22448992
-5.25484080
-6.64955207
-4.63637908
-4.23405014
-4.33333747
-6.48096746
-4.92948896
-4.76216588
-5.02442256
-4.66181108
-4.63531302
-4.73365797
-6.06703009
-6.88894162
-6.84185118
-7.68840580
-7.29956960
-5.52406484
-6.52721870
-7.08477303
-3.47684769
-7.27725365
-5.83226204
-6.68586912
-5.94333098
-6.13025794
-6.32826155
-5.32100985
-6.49647227
-6.29325365
-5.93855685
-4.13275388
-4.17538804
-5.29959518
-7.01753928
-5.48849413
-5.76334465
-1.20935311
-0.37631289
-0.38437156
-0.06226527
-1.09800190
-0.13441880
-1.18661626
-0.70216685
-0.22368979
-0.28514316
-0.41595184
0.21329180
-1.40719757
-0.47053880
-1.08704389
-1.02142856
0.46312242
0.15029398
-0.31379846
-0.29622106
0.14869339
-0.13259350
-1.18788164
-0.58231928
-1.99323171
0.73615131
-1.89513526
-0.28550642
-0.23617537
-0.17191232
-0.26834750
-1.20885706
-2.32822601
-0.21340310
-1.21580248
-0.38694501
-0.72133962
-0.54636293
0.31928735
-0.13751955
-0.33083699
0.25825861
0.11866828
-1.20550004
-0.21745410
-1.00264860
-0.03752609
0.56632349
0.44600157
-0.70537285
-1.02269934
0.12697213
-1.11499288
-0.53694133
-0.78328495
-0.99254347
-0.31330036
-0.33617573
-1.81679389
-0.08667115
0.21345008
-0.22769478
0.77918948
-0.02866061
-2.02564891
-0.10189125
-0.03244070
-0.33096682
-0.98056122
-0.10241267
-0.35467531
-0.06391719
-1.26975938
-0.52197138
0.14188839
-1.04010309
-1.89070444
-0.37933407
-0.75737443
-0.01972659
-0.41378416
-0.24537693
0.23395502
-0.54117412
0.44018085
-1.13067990
0.54162540
0.25530326
0.99965682
0.34146628
-0.21853244
-0.02778329
0.24328330
-1.53643253
-0.45439475
-0.47216234
-0.76387086
0.02401338
-0.06040094
-0.14886135
-4.29538737
-1.23022612
-0.98301396
-3.14536810
-1.78315503
-0.94827043
-0.57106920
-1.46416153
-1.19816371
-1.04481032
-0.62340405
-1.01900285
-1.00791231
-1.58624316
-2.57032510
-2.35047567
-3.00933437
-2.17840755
-2.54324377
-1.51757793
-2.75343614
-2.33229957
-2.09948195
-1.17046593
-3.19174760
-1.99460334
-3.36961527
-1.96147764
-1.48669248
-3.76333877
-3.13350073
-2.79671864
-0.98395192
-3.64595965
-1.94028172
-2.20235833
-4.08068584
0.08009922
-3.14164175
-3.41024250
-2.84223712
-1.65239352
-1.10169877
-4.24722781
-1.61794698
-1.71138754
-2.49256494
-1.59074468
-1.62753759
-2.11642292
-2.76155165
-1.59750776
-0.66541428
-1.82132379
1.11387483
0.74270448
-3.70944689
-1.76285409
-1.40990919
-1.51697693
-2.72015156
-1.59092270
-1.53657024
-2.67100973
-2.43145269
-3.06261810
-2.74930713
-0.35918203
-3.68768287
-2.43046230
-1.03074070
-2.47749604
-1.71084667
-2.14584544
-1.95798775
-4.41207229
1.33169049
-1.21424543
-3.03051970
-2.90636844
-2.66569259
-2.37752271
-1.20100592
-3.49355175
-3.78628079
-3.48157911
-2.35235822
-3.93497412
-1.45881611
-1.65894228
-1.80521123
-2.70510531
-2.06840389
-1.65690468
-1.58622795
-2.63581862
-1.52911401
-1.54591960
-1.65476182
-1.64149388
4.86014261
5.32794251
2.89894681
3.37941781
0.45312848
3.31935925
3.35642339
1.93064150
3.93079523
3.24272414
3.03065339
2.03993409
4.47005880
4.62677091
3.09531213
1.82787324
2.18357348
3.84928315
2.17885399
4.17459573
1.92099124
3.43540408
3.12206351
3.20356333
3.77506991
2.61084380
3.90850230
4.14625888
4.28191305
4.84067140
4.71360434
3.22853917
4.33821647
3.54063536
1.69226082
4.10273251
4.57389866
5.19532891
6.81494904
8.34203532
8.73392498
8.91006962
9.21140291
6.44357083
9.73033551
4.18976416
4.25215691
3.76166268
-0.40833280
4.00020551
1.90562199
4.71004438
-0.24002522
4.53587314
2.19024216
2.14886233
2.65339266
3.39422844
2.60879579
1.95564592
4.33045488
2.81115581
1.73723256
4.45338742
3.87806799
4.49616478
3.99414134
9.35678619
2.38200043
2.52086251
4.33819999
1.65789050
4.33198643
3.48781602
4.73076036
4.51986829
2.96856591
2.41996336
4.40626258
2.54501774
3.26620867
4.04765883
4.51160577
2.05492234
4.49868226
4.25914962
8.27976607
7.91702327
8.81816366
4.30306641
3.62376301
4.47516942
4.69581404
2.32945773
3.51918166
4.40723302
4.58396907
3.38694292
4.72916922
2.45700364
-1.97150086
-1.26590708
-0.71878521
-1.05160306
-0.03998308
-0.87912898
-1.17008724
-0.11474741
0.03922831
-0.60111007
0.37188746
0.14591321
0.46869489
1.18065930
0.77205713
0.21043697
-0.66186288
-0.02403715
-0.09382851
0.08547018
-0.47647865
-0.19867200
-0.45844941
0.81692069
0.68157677
0.43358071
-0.47510787
-0.65091914
-0.16339845
-0.26513125
0.03240909
-0.28128726
-1.27303685
-0.71137124
-0.29707364
0.51136621
-1.03906991
-0.82462811
0.42640364
0.04078591
0.30425323
0.31465890
-0.08527573
0.06320480
0.21473863
-0.85075076
0.15179701
0.41840411
-1.04067948
-0.77528470
0.07376727
-0.76276936
0.08939696
-1.12523748
0.07005544
-1.06963515
-1.89946242
-0.25659492
0.21895042
-0.74620024
-0.31317126
0.21911656
0.09992421
0.11352884
-0.80276501
-0.53800468
0.44847179
0.08167424
0.44725619
0.52437887
0.31704577
0.26386942
-0.16638293
-0.40453945
0.19509414
-1.23419729
0.42150281
0.43047794
-0.88456754
0.31301376
-1.08572272
-0.84916743
0.33564866
0.42326695
0.11416204
-0.33061806
-0.34386486
-0.34379027
0.06880799
-0.07469294
0.13676813
-0.16708491
-1.77482165
0.09572402
-0.67319070
0.23726478
0.46390507
-1.18989852
-0.80334533
-0.14170542
-3.47036335
-3.06551287
-3.71107235
-3.59507419
-3.52196278
-3.31940770
-3.07763090
-3.67900908
-2.75788242
-2.81672579
-3.00059419
-2.78659238
-2.72724388
-3.85717219
-3.39996299
-2.73804504
-3.83628787
-3.98200668
-3.72036753
-3.15740942
-3.31431579
-2.76273905
-2.22360303
-2.96077958
-2.96292134
-2.89610088
-2.74280856
-3.22809694
-3.83921175
-3.58793856
-3.95095581
-3.47013619
-3.26203447
-2.98000407
-2.73720946
-2.72964069
-3.47034415
-3.19411369
-3.54962808
-3.42500003
-3.36675405
-3.95419005
-3.17123176
-3.20650590
-3.38550509
-2.97250493
-4.08026726
-2.71480869
-3.98295704
-2.76341135
-2.90637024
-2.92232750
-3.34575477
-2.60060028
-3.51253463
-2.68195875
-3.29836147
-3.42133712
-3.17718259
-1.97799360
-3.17301532
-3.14491555
-3.39459807
-3.67577773
-3.81375870
-2.81624361
-3.57552374
-3.03070049
-2.83573023
-2.95541424
-3.82615386
-3.06978130
-3.24355376
-2.92123142
-3.04747896
-2.89320047
-1.74200743
-3.08164653
-3.74362380
-3.61508106
-3.28903989
-3.69985558
-2.16281681
-3.50722196
-3.17453539
-2.93931645
-3.34888046
-2.79559442
-3.34096213
-3.28451056
-3.64391270
-3.45615099
-3.97521107
-3.28560775
-4.32154373
-3.43911817
-2.93344176
-3.44965094
-3.39444972
-3.58299321
-1.88696806
-1.20506912
-1.00192088
1.30876336
-0.14530584
0.24742466
-0.90741941
-0.71485772
-0.33081797
0.66098603
-2.03280272
-2.05058852
-0.78419636
-0.69170967
1.79669944
-1.40066454
-0.13222003
-1.64499558
-2.35620822
0.63542211
-0.78546569
-2.08581993
-0.53063101
-1.03342292
0.27975185
0.41151185
1.59194056
3.48267242
3.56264273
2.32504487
2.20224685
0.68549601
3.33770229
0.30082461
1.58543185
0.79362860
-0.64419786
-0.85875735
0.27564692
1.28887479
-1.83120646
-0.62441397
-0.02449970
-0.77828959
-0.64376179
-1.17572102
0.08569962
2.74475331
-1.20820183
-1.14438753
-0.03004111
-0.03698992
0.13129712
-0.83049385
0.91050038
-1.72128796
-1.46900442
-1.46131710
0.45063577
-0.08174289
-0.97951185
0.14025229
0.75923783
1.64461730
0.52545004
-1.14976937
-2.32854083
-1.13956828
-1.40975943
1.65350976
-1.46160561
0.64210296
0.40364675
-0.18604308
1.71178254
1.03793503
0.74565607
2.16432196
1.30417166
-0.52619400
1.50918918
2.52002397
0.44407252
-0.75856462
1.25484574
0.76801710
-0.00496006
-1.47668360
1.39694453
1.48648537
0.21103791
0.86635553
0.32517151
0.27095609
-1.38458228
-1.98563452
0.37757309
-1.21273720
0.47288668
1.11932011
-5.55674838
-2.72164703
-4.47893162
-3.79632302
-3.57664539
-1.68392810
-3.19595731
-3.20805012
-3.62523984
-3.59994621
-3.32095139
-3.14416491
-3.45244536
-3.64128433
-2.28700157
-3.01099508
-3.55379858
-3.68394202
-3.59220065
-3.19956294
-3.03486846
-3.82381673
-3.85381917
-3.47938798
-3.62646455
-2.64923845
-3.25409727
-3.62332545
-3.37143464
-3.73115850
-3.44546602
-5.19971022
-2.74248121
-3.42031320
-2.86461876
-3.98917365
-4.72080414
-3.87316515
-2.69894879
-0.97130805
-4.22161391
-3.30408208
-3.03808977
-3.27834791
-3.67008416
-3.48604789
-3.08729793
-3.20306629
-3.47627911
-3.38413150
-2.67194037
-3.43658004
-4.51008925
-3.08303791
-2.76352288
-3.75561453
-4.38303492
-3.00794291
-2.94294577
-2.01378679
-3.00711184
-3.23972228
-3.90720260
-3.11937905
-3.59830676
-2.83963322
-3.02643427
-2.87900119
-3.76128973
-2.50161766
-3.43143563
-1.07511078
-4.67580112
-2.49570321
-2.61601156
-3.51427953
-4.05760009
-3.91555056
-4.61600755
-2.67447660
-3.67285816
-3.50359038
-3.46400234
-3.04740623
-3.06560977
-2.83487559
-2.99867076
-2.95416094
-4.59950019
-3.71767210
-3.29160439
-3.19167834
-3.59948248
-3.64286486
-3.71907199
-2.94232043
-2.64452138
-3.44661155
-3.10744715
-3.59366837
2.43242676
2.43700061
-0.97779805
2.42633718
-0.59926664
2.36276853
-0.07695033
0.48086948
-0.47732247
-0.04537483
1.84337515
2.24126986
0.01676874
1.07030906
-1.61441015
3.03106229
2.36619620
1.92419946
2.07773852
2.71131803
0.04070834
2.65880119
-0.16776062
-0.28556090
-0.19253017
-0.24656817
2.33471398
2.27367489
2.60204430
2.34170113
-0.13145686
2.22035606
2.93791779
-0.38315076
1.98750235
2.39053696
-0.17059410
2.87210280
2.33357039
2.52363261
1.50379663
0.37136723
1.97199202
-0.18858173
-0.25908304
2.20352069
1.85789822
-1.15440437
2.31665162
3.33539596
0.24644801
-0.38668767
-0.77124396
1.49640296
-0.20412731
-0.04994330
2.24832803
2.58558164
2.20829825
2.27168302
-0.15697034
2.38913374
2.82531365
0.62357335
-0.06059011
0.29021682
-0.15805643
-0.04768780
0.37662324
1.23406275
3.18220279
2.27176772
2.53736797
2.27042111
1.72638647
2.66850930
3.41931881
5.73432143
-0.10154297
0.97144671
1.89730914
3.24824169
2.39291735
0.42837814
-0.94571674
1.55175357
2.47601346
2.93128141
3.07952220
2.99162452
2.53900336
3.18992198
2.26152811
3.58665774
-1.15559233
-0.05452725
2.01976239
2.51021921
2.28728999
2.34692709
3.30686738
0.21294940
0.41194959
-0.98235852
3.16052222
2.25684915
3.34156061
0.39937314
0.45910001
2.68218336
0.12339806
1.07876037
3.14743454
0.96654633
3.59751389
3.01550459
1.46319961
3.61356701
4.48114973
4.24288505
4.41491930
2.40566048
4.72213331
2.85819888
3.66637405
0.56154677
0.09243436
0.51874302
2.02991116
-0.56910759
0.24216068
-0.74710993
3.03593771
1.26390188
-0.09279144
-1.23811387
0.50098802
0.86225593
1.09682671
0.46639237
1.67019176
-0.23954743
2.51654889
0.57276432
-0.99035484
0.36486309
-0.99320379
1.04063161
0.62357589
-0.20873014
-0.30266615
-0.42234273
1.06016861
0.47743338
0.01304155
1.85626934
1.11955621
0.70745908
0.31625437
1.59915074
-0.10883554
0.75882104
-0.41338890
-0.61684462
-0.02306581
1.20676664
3.34511426
0.35723620
0.31115401
1.35939716
2.12269445
1.59862861
0.30700065
1.39596479
3.80546256
3.66331037
0.83360053
2.22741540
3.84520001
3.46486871
2.14831565
2.48353587
-0.00971492
0.31422498
0.42619106
2.51531607
1.21366259
-0.32888644
0.38409540
1.38590468
0.73744508
-0.91884577
-0.18506900
1.12254151
0.74607297
0.26879994
-0.40730463
1.63166394
1.11764991
0.35683535
-0.74551227
-0.15365993
-0.07192527
0.50546983
0.10595218
-0.23756251
0.38253776
-0.45898641
-1.11062477
0.24730954
-0.68079506
-0.32852290
-1.37862104
-0.86230344
1.88463869
-0.16558628
-0.47044332
1.26647398
0.86154524
1.46807970
-0.16619374
1.42864684
0.22685288
0.32857988
0.60130838
1.03485573
0.36771148
0.21039947
0.16657180
0.16536417
-0.01893011
-0.05099598
-0.87382947
-0.27296698
0.60220003
0.59148756
0.29190929
-0.95965545
-1.19156188
0.22584375
-1.41368088
-1.32750414
0.43085649
0.27897378
0.53321273
-0.18677078
-0.06470982
0.54821392
0.14415063
-0.96951072
-0.19413626
0.42236786
-1.10146609
-0.28061986
0.95631624
-1.17880311
-0.13575601
-1.71330018
-1.21463145
-0.42101134
-1.24542876
-0.46415349
0.59640829
0.19677550
-0.73979333
2.33741723
1.21404387
1.35496379
3.80392113
2.77554659
3.03362387
1.11341283
1.11073366
2.91524549
0.68975753
0.56502300
-0.61653143
0.52702479
0.28658273
-0.18836100
1.31709872
0.13552288
0.77818308
0.26062274
0.62037206
-0.92988474
-0.28643097
0.64590811
-1.03140482
-1.12742700
-0.09101874
-1.09595291
0.76997012
-0.71576287
-0.53244245
-1.23451222
-0.46894798
-0.80012805
0.29464606
-1.71375117
1.27639894
0.79336957
1.05065904
1.99792051
2.56983325
1.79343128
2.20751819
1.66795829
0.78082286
1.93784218
1.28069602
1.62035638
1.94902752
3.28665340
1.66880692
2.89556093
1.92978838
2.18520861
1.09453319
1.72480671
0.72033148
1.01233637
1.21854293
1.63217318
1.25397947
1.19549667
1.42809509
1.31146182
1.30609923
1.51228550
1.21779689
1.44455242
1.13554268
1.06622609
0.89770677
0.42958342
1.08960273
1.42346344
-0.16555492
1.60413072
0.51000002
0.69793146
1.26571475
0.00118862
0.66180418
1.11781141
1.58342031
-0.56313011
0.89339197
0.87947253
0.75037954
0.90599231
1.55418852
1.31131642
0.97820391
1.44295590
0.95792021
1.33384822
1.56248930
1.50277845
1.76684620
0.86931315
1.40336594
1.17998284
1.52786890
1.39949075
1.65437467
2.22369625
1.75903305
1.50003439
1.61326662
1.89983352
1.56707077
1.75876278
1.55423960
1.54570462
1.01363689
2.31910339
0.44373289
1.21193382
0.85868172
1.33962678
1.32818519
0.86544752
0.64560857
1.49774100
0.72593559
1.20627411
1.10279575
1.14815885
1.47225786
1.04196477
-0.07037506
0.22071441
1.45597954
0.52491136
1.10802233
1.29728612
1.22202769
1.62818497
-1.76362883
-1.03063165
-2.44245398
-2.69135075
-2.01040156
-2.22724262
-3.56377235
-3.46868775
1.04890421
-3.23364569
-2.63138311
-2.10675308
-2.85676702
-1.61666291
-1.82169222
1.68089949
-3.64089448
-1.89971269
-1.73413223
-2.15329993
-3.45231396
-2.17093984
1.05020628
-3.58797571
-1.18831727
-1.93630753
-2.84837848
-3.57798575
-3.32951361
-1.11625845
-2.99017908
-1.30075204
-1.65861955
-2.22910503
0.44384482
1.39214523
0.52001934
0.54790556
-0.56733249
-2.44798071
-2.85871040
-1.53701276
-2.71183239
-2.44812764
0.43079005
-1.90186488
-2.48461496
-2.36729465
-2.09686907
-1.46997978
-2.23558020
-0.96393432
-1.82977474
-2.87058792
-2.52706095
-1.75261046
-3.51764039
-1.36522283
-2.09657152
-3.48420448
-1.97186118
-1.57581560
-1.50872310
-1.88027509
-1.94268708
-3.01262612
-3.28858796
-1.37653756
-2.84585005
-1.88107828
-1.94413984
-1.25691024
-2.46953337
-2.02347626
1.44405361
1.59523976
0.92333334
0.66343175
0.89269219
0.48074337
1.82148555
0.98871454
0.70471199
0.50180347
-2.43080455
-2.89290785
-1.05256969
-1.82302716
-2.25933890
-3.58802756
-1.78839281
-2.23051408
-0.84886374
-2.01525071
-1.66338894
-2.02075735
-3.31367686
-1.60578230
-2.04486378
-2.67818590
-3.83775508
-3.04420680
-3.17126229
-2.49429133
-3.53244785
-2.86423402
-3.90369430
-2.46200698
-3.11778353
-2.90706137
-2.64624352
-2.36456056
-4.73125135
-2.79597685
-3.42435941
-2.34989581
-4.37035882
-1.75706041
-4.17309551
-4.03447037
-4.69307833
-3.71807899
-5.69274406
-4.98358399
-5.90472018
-3.77190438
-2.09471876
-4.22728996
-2.39786861
-4.93117229
-5.38975128
-4.98054338
-4.48867335
-3.73979840
-3.32743403
-4.85837783
-5.30768335
-5.09537854
-5.80815810
-0.96009109
-2.22749366
-1.98881971
-5.10946015
-5.54873409
-2.54828093
-2.86614027
-1.76657523
-3.04436760
-2.44359625
-3.38197333
-4.05207789
-2.63619883
-2.01492662
-4.30137973
-3.90106484
-3.72167816
-3.64105386
-2.90307446
-4.16260746
-3.60859259
-5.71300866
-4.81802965
-4.37107937
-2.38100556
-4.17904015
-4.31603437
-3.95927079
-3.99748860
-4.65347145
-3.51186970
-3.11265394
-5.14553824
-4.22777437
-5.17911924
-3.20617438
-5.52811242
-5.25720827
-7.03738324
-4.98240331
-5.98204957
-6.16032150
-3.04864397
-3.36034353
-5.10679218
-5.13774189
-5.52014061
-4.29166924
-5.80233882
-3.64843159
-6.06795772
-2.28119097
-2.46803646
-2.34028522
-3.53732903
-2.19948387
-1.95282589
-0.60612886
-3.00747375
-0.13652952
-3.44332846
-7.24368972
-7.32155069
-8.05366168
-7.84072504
-7.78239853
-8.62897357
-7.81924500
-8.82244163
-7.80533378
-8.53052465
-7.24431347
-8.61710117
-4.44918823
-7.74195584
-8.42885211
-8.88018434
-8.43372460
-8.44412612
-6.82679784
-8.28577773
-5.90822124
-6.91551196
-7.62893582
-6.57860111
-6.58140254
-7.50036652
-7.32451481
-6.87453071
-7.11091526
-6.96849585
-7.74065244
-5.38741884
-7.94272512
-6.69057300
-7.58786902
-7.42606524
-9.35139559
-7.60269360
-5.90637789
-7.10381433
-7.13320134
-7.20041435
-7.19395532
-6.05756364
-6.93468035
-6.93176319
-5.87925173
-6.72084332
-5.69274078
-8.48036690
-7.92611493
-8.48302935
-6.46937200
-6.53540823
-6.97212903
-6.42018439
-7.61201497
-7.51705311
-7.43322358
-5.91617298
-7.63290945
-7.47099849
-7.09950649
-6.78864899
-6.88302510
-8.39759218
-7.03347269
-8.09194268
-7.37853404
-8.02301206
-7.61723602
-8.44469087
-6.87631455
-7.05743537
-6.98934532
-7.36141239
-8.19621779
-8.22430573
-8.53828776
-8.98776651
-8.83309963
-8.28014614
-6.58690973
-8.09640843
-7.53814293
-7.89157571
-6.93031654
-8.06480600
-6.35739263
-7.91528753
-6.98379739
-7.97949745
-7.42431296
-9.36633843
-9.37099334
-5.22835100
-9.54104384
-8.26401333
-8.33967208
-7.13102140
4.85638860
5.19878945
3.98705008
6.13776378
6.52410511
3.68373993
5.23873610
4.49662521
4.57590312
5.07170143
4.32466794
4.67793053
5.13044349
6.36765569
2.70835036
6.29185836
3.72988291
5.20603110
6.25148617
4.60802304
5.43470769
4.02573499
4.72548880
5.42696840
4.39195122
5.53978049
4.27976221
4.89251522
5.79014139
6.36019821
5.43749006
4.99207456
5.43853100
3.97918388
4.22539668
4.15020184
4.81542712
4.34054735
4.55755253
4.64563632
3.98836720
1.73649562
3.39462361
3.94598936
5.16519575
3.53406435
2.84887429
2.80537800
4.30240662
5.29816174
4.82925087
5.51473183
6.10184836
5.03479927
3.42879032
6.20574716
6.39096046
5.77008244
4.39604314
4.96944002
4.69877638
5.38496055
4.29628959
3.45569989
4.77015438
4.45321807
4.20540085
3.10589731
4.54839906
6.13427204
3.12122626
5.13109019
6.08613002
5.98020480
5.93103036
5.36359475
6.11024148
5.08396156
4.78021240
4.29418994
6.82915301
4.57741554
2.50508788
5.37208318
4.19495976
3.56984976
4.49432771
4.55546450
5.49444783
4.90396550
5.77647234
5.78724754
5.01201028
4.87734915
4.79783669
5.53019379
5.68469736
4.98935684
5.69685169
4.15921218
