-5.36914365
-4.77136469
-4.77002928
-3.19459002
-4.35329902
-2.20623314
0.48433614
-5.37541837
-3.46236968
-5.59022164
-5.01307483
-5.53166231
-5.42921498
-3.22760369
-4.25948957
-5.60368092
-5.05233496
-5.69443466
-5.70308636
-5.34304467
-5.28130289
-5.13196561
-5.78530033
-5.96795336
-6.18820925
-5.67548108
-6.04018433
-6.56339770
-6.46518549
-5.07854416
-4.72430087
-5.79949117
-3.88708886
-4.20850895
-5.22282373
-4.01802660
-4.07047445
-6.66609796
-6.04553444
-4.79581267
-5.71235706
-6.72493795
-5.94766431
-5.13533284
-4.26865804
-5.78563076
-5.65639017
-6.54664438
-6.05513722
-5.89894477
-6.80344059
-5.96997958
-5.60750973
-5.77146232
-5.57653845
-5.81615877
-3.64168454
-4.53511680
-5.55829081
-4.86454672
-5.67932444
-5.40013432
-6.50382849
-4.55641354
-6.50804774
-4.68944142
-4.42248383
-5.95620940
-5.91362533
-3.51133098
-5.52477760
-4.99540750
-5.57398941
-4.35096136
-6.54798715
-5.55496387
-5.52621428
-6.15914961
-5.79753646
-5.83150374
-5.19007832
-5.60659404
-6.55358644
-4.91095639
-7.13672668
-6.69369287
-5.65750416
-5.67975711
-4.77747750
-5.81179589
-6.54277766
-5.75392598
-6.15669254
-5.65612931
-2.03820353
-6.69278361
-5.97910947
-5.94236354
-5.63581248
-5.89355520
-11.53833304
-11.53881900
-11.53905680
-10.16874355
-10.66307291
-11.35450115
-11.10403393
-11.09769966
-11.53698317
-11.53811366
-10.00718641
-10.09233537
-10.19722679
-10.14364139
-9.76689614
-10.07420302
-10.31466490
-10.15324844
-10.25873536
-9.93102200
-10.87054444
-11.25481980
-10.50232782
-10.30950357
-8.61307697
-10.26947074
-10.14520630
-8.94034625
-9.82330433
-10.03983007
-10.06439547
-9.38413237
-10.60606850
-8.68412943
-10.20048314
-10.33806784
-9.89887645
-10.75600537
-11.18050070
-11.54019659
-11.54337834
-11.53999006
-10.35343413
-11.53950099
-11.53944418
-11.53975339
-11.53961872
-11.53929450
-11.53987987
-10.28305266
-10.56511834
-11.00827113
-10.42168411
-10.79225209
-11.74854837
-9.98636792
-10.02226826
-10.26091693
-10.15090656
-9.70248648
-9.77411692
-10.19402366
-10.12474742
-10.19627858
-10.20681194
-9.47272995
-9.97405053
-9.96754610
-10.24094842
-10.49081478
-11.75444494
-10.98827119
-6.50699143
-4.52217266
-8.85545597
-7.52740411
-9.36180693
-9.22282209
-8.05901853
-6.62006531
-8.39691846
-10.26088927
-9.54847554
-8.61307697
-9.42982232
-10.26376437
-11.53889053
-11.54125151
-11.53829672
-11.53864864
-11.53905680
-11.53953749
-10.48892368
-10.43143450
-9.76618219
-9.79789718
-10.21521916
-11.00104032
-10.11041392
-10.13886052
-8.69657055
-8.33283559
-7.43583472
-8.12301882
-8.07088834
-8.02570743
-8.50478441
-8.21559558
-8.22157871
-8.09774917
-7.98788295
-7.75924622
-7.76107770
-7.91884049
-8.04627700
-8.45970581
-7.74860804
-7.03251768
-7.68401886
-7.13914839
-8.10948824
-8.20975565
-7.55864696
-7.87891272
-6.97334258
-8.00475383
-7.50269709
-7.73727611
-7.48632885
-7.25744453
-6.93943931
-7.26052538
-7.68505309
-6.57599529
-7.40185423
-8.00198821
-7.77324606
-7.43698381
-7.65727502
-7.73501514
-7.27409136
-7.37956847
-6.54218003
-7.37115009
-7.53239424
-6.81431906
-7.50459030
-8.33264727
-8.11658560
-8.03184125
-7.42555086
-7.81676574
-7.42627118
-8.07074146
-8.05022104
-7.84065203
-7.71374583
-7.41424971
-8.22351852
-7.34344724
-7.99195258
-7.85846669
-8.08281755
-8.02397794
-7.94505873
-8.06256258
-8.26937383
-7.25621913
-7.40047477
-9.10846898
-7.58047432
-7.01931225
-6.68924327
-7.04527797
-7.87570081
-8.18427959
-7.77384390
-8.01675464
-7.54246100
-8.83528165
-7.63491548
-6.59417486
-8.11833768
-6.95095600
-6.78349062
-7.76557268
-7.46738696
-7.48685497
-7.84574041
-7.56446866
-6.51629083
-7.77038924
-7.77296580
-3.24525631
-2.75788343
-3.01883019
-3.11341240
-2.98589091
-4.41745096
-7.15716581
-3.16766454
-2.71196239
-3.27688891
-3.03456674
-3.29073173
-3.08947734
-3.38020525
-3.06126036
-3.03534324
-2.60954246
-3.27198011
-3.19691063
-3.11843334
-3.14851904
-2.33045673
-3.18474825
-3.01808447
-2.95109246
-2.28350919
-3.07128196
-3.12804686
-2.74680379
-3.30944832
-2.59118366
-2.72857331
-2.25237549
-2.75559282
-2.91101681
-2.80134913
-3.00618282
-3.09947316
-3.46250940
-2.95706260
-2.82940851
-2.81943445
-2.85629735
-2.99355894
-3.54174112
-2.60764174
-2.95834713
-2.99483238
-2.84509197
-2.79071512
-2.94220540
-2.80053535
-2.85486292
-2.90610006
-3.09585149
-3.34996669
-3.04603708
-3.13948016
-3.29808980
-2.86092304
-1.82504354
-2.81925941
-2.80893689
-2.96188919
-2.13891499
-3.09665170
-2.46416042
-2.78451284
-2.38488747
-3.40032932
-2.88713523
-2.90183574
-2.00694591
-2.97678074
-2.77151806
-3.19373861
-3.16309084
-2.01040930
-3.61395832
-2.75417093
-2.79711605
-2.23725508
-2.63867850
-2.98455698
-3.18785468
-3.49961046
-3.17404587
-3.07986096
-2.90107894
-3.23782258
-3.07798291
-3.25698426
-3.31940731
-2.65452206
-2.52197812
-2.51320953
-2.85047894
-3.20902324
-2.85981198
-3.17394203
-2.87426530
-3.09576388
-2.41595969
-2.45805128
-2.83624715
-3.06857623
-2.60333668
-4.99342648
-5.42809751
-6.98212921
-6.85856764
-5.34805499
-4.50099741
-4.98307124
-4.79694438
-6.83108052
-6.50368925
-4.64194629
-3.94338396
-4.94745598
-4.13354401
-3.57641289
-1.06149364
-4.61011967
-5.84546703
-3.30055779
-3.57496997
-4.66331359
-5.64874068
-6.15559742
-6.10394666
-5.73075214
-5.00501042
-3.27028479
-6.78062044
-5.15463113
-5.01006616
-6.82575512
-6.16885095
-6.67487102
-5.15273394
-3.46681034
-4.84241495
-4.62620089
-3.93452615
-4.86908067
-4.98763061
-5.28560294
-6.88977334
-6.84835055
-6.37539585
-6.84802353
-4.95365102
-6.83919010
-5.29991817
-4.84498527
-4.92742528
-4.75722179
-5.31321759
-5.04144742
-3.68944819
-3.89123397
-6.44497003
-5.28176197
-4.65134237
-3.18904520
-4.62194632
-3.04810467
-2.11990024
-3.01606927
-5.49020766
-4.01256797
-3.45569782
-5.19205445
-3.50642975
-3.92143285
-3.21431069
-4.93135468
-5.15825336
-4.15695879
-4.79359193
-4.98969182
-5.95498244
-5.44849170
-4.81313453
-4.92340707
-4.68361424
-5.27454180
-4.87325488
-5.04802565
-5.93927184
-4.64631215
-6.35386911
-4.96077546
-5.09942021
-6.82763507
-5.25947062
-6.31145460
-5.87692278
-6.80340403
-4.95426587
-4.61565004
-6.12258499
-6.96431036
-7.02916714
-6.83577093
-6.89783795
-4.27829375
-3.69814313
-3.64700401
-2.75338368
-2.68994714
-2.77512116
-3.65339834
-4.69940896
-4.55720290
-4.01342636
-4.51258196
-4.58457109
-6.53292258
-4.32860109
-4.23293243
-4.22877128
-4.34060004
-4.25566308
-4.95492152
-4.30751933
-4.70293013
-4.73846064
-4.65884723
-4.81166759
-5.00964069
-5.28644997
-4.56234046
-4.93266124
-4.01025039
-4.66435186
-4.70185228
-4.95456468
-4.49951810
-4.50467587
-4.21480011
-4.43462760
-5.01003745
-4.90085841
-4.05412641
-4.63493199
-5.13543813
-4.56398852
-4.44771940
-4.66894546
-3.70508315
-3.96862125
-4.97037586
-5.17555494
-5.19381824
-4.52311578
-4.14531628
-4.94350333
-5.11947028
-4.97641885
-4.27583879
-3.82574030
-4.60648329
-4.49102873
-4.13579794
-5.27872946
-3.79337625
-4.10850824
-3.79737184
-4.83091405
-4.56424003
-5.42909298
-5.20951419
-4.65926046
-5.07202193
-4.53338035
-2.26591897
-4.02406077
-3.86394266
-4.09972964
-4.19884621
-4.42822483
-4.47651735
-4.48269579
-4.23296523
-4.34090918
-4.63198130
-4.51465373
-4.31771865
-5.23254317
-4.76491363
-4.80596197
-4.98767729
-5.28707905
-3.84446853
-4.02155490
-4.04895178
-4.77241474
-4.03220320
-4.29433035
-4.76308690
-5.40681953
-4.99040013
-4.92178757
-4.36329152
-4.08580407
-7.02621841
-7.52725741
-7.95470761
-8.32135394
-7.51516469
-7.42281751
-7.86480682
-7.60516006
-7.06187577
-7.76204142
-6.60539230
-6.39562772
-6.14871987
-6.51715879
-6.69123226
-6.90004058
-7.06998083
-6.66479319
-6.71667162
-7.01108013
-7.08644173
-7.25527290
-7.00167571
-6.27971824
-6.19698715
-6.32326587
-6.31515177
-7.30179600
-7.05903094
-6.16196927
-7.85525823
-6.91385015
-7.88338453
-7.86633354
-8.43094058
-7.60702947
-7.55217588
-7.60636717
-7.42035797
-6.97481866
-7.56119865
-6.78900941
-7.99467732
-7.47107799
-8.50670181
-7.46147399
-8.42299795
-8.37141408
-8.58658406
-7.19906049
-7.45934848
-7.22564046
-7.25911810
-7.65655858
-6.64960154
-7.93798817
-7.24313934
-6.64747314
-7.26070486
-7.14921877
-7.61783361
-7.34437180
-6.89570515
-6.88850178
-7.44993636
-6.88935582
-7.88089226
-7.52847946
-7.13878151
-6.89859811
-6.64706247
-6.95645221
-6.29800304
-6.29546407
-7.26858988
-6.17791069
-7.39058842
-6.57347974
-6.53310929
-6.48090964
-7.92789553
-5.69422269
-5.54059957
-5.97433035
-5.96707106
-5.78821836
-7.09993783
-7.72516621
-7.29604590
-7.74562695
-7.69805157
-7.65445143
-6.86456088
-7.27188199
-7.32421577
-7.28965467
-7.38248069
-7.69367247
-9.31200393
-6.19661652
-6.47852751
-3.54248409
-5.86267665
-6.37917396
-5.73692453
-6.45496767
-6.39685432
-6.38239059
-6.72681016
-6.54495932
-6.62689593
-7.43674871
-6.96695080
-7.55140955
-6.74960023
-7.40747383
-8.28993260
-6.22526943
-7.24802375
-6.95693742
-6.38637060
-6.38329075
-7.29610940
-5.87667942
-7.90205440
-6.75448655
-5.55858532
-7.09757685
-6.28370459
-6.18185475
-6.20484716
-6.40783596
-6.98418678
-6.88241550
-8.10210259
-7.57436019
-7.75906645
-6.57376746
-7.03036961
-6.87309234
-7.34052832
-6.03272840
-5.90199099
-6.65130451
-6.92378348
-6.10061255
-6.71190631
-6.47409993
-6.40603691
-6.26671538
-7.65135342
-6.87393835
-6.17050885
-7.85017114
-5.85142880
-6.51139626
-7.35265910
-8.32112587
-8.35258244
-7.58146211
-7.05318970
-7.73541258
-7.71530837
-6.91249376
-7.29439191
-7.86747770
-5.29089775
-6.39419155
-6.96974106
-7.67760350
-8.24412296
-7.22617286
-7.47020567
-7.47186102
-6.17533467
-7.42603496
-6.69249443
-6.62196484
-6.90817233
-7.39215847
-6.99074808
-6.58576434
-7.16182492
-7.10871313
-7.49279683
-7.17134442
-6.97546276
-6.43127193
-6.18064771
-7.30411859
-7.77479508
-8.27618314
-6.10933100
-7.73280836
-6.07177277
-7.26361013
-6.37940086
-7.22315585
-8.29774075
-6.35020515
-5.34296329
-5.79112708
-4.33621152
-4.24340455
-5.39433359
-4.17468018
-4.54348869
-4.76622487
-5.67176912
-5.46648465
-4.51866185
-5.52686306
-5.11512694
-5.09221829
-4.23777226
-4.95861631
-5.78786957
-4.38541392
-5.57187773
-4.14330309
-5.02378476
-2.90923787
-3.78562722
-1.68930937
-2.46818096
-3.97297305
-5.14744863
-3.42091055
-5.57962290
-5.45773206
-6.57896856
-3.81116379
-4.04173579
-4.49226457
-4.50524450
-4.68522850
-4.39306734
-4.64848614
-5.40140204
-4.87594258
-2.65259535
-4.50629889
-4.29839781
-4.44688397
-5.36252289
-4.29475659
-4.44457312
-4.46747227
-4.28398630
-5.91791975
-5.55752646
-3.30752690
-4.94217178
-5.87180566
-1.53387410
-2.10978621
-1.53392014
-5.94303851
-5.94520583
-4.74418931
-5.70586289
-5.83288789
-5.09652619
-5.75507570
-5.16941578
-5.07492845
-5.31587357
-5.63508971
-5.24543134
-5.23892662
-4.67161837
-5.11524749
-2.70900925
-4.64798219
-4.14174208
-4.32984040
-4.24954961
-4.11782657
-4.54993659
-4.54442559
-4.19274271
-4.51139053
-4.55570546
0.24522750
-3.86640910
-2.36183082
-3.60560706
-3.39247615
-2.82986041
-3.74958014
-5.08775545
-5.18314788
-4.99483010
-4.61147992
-5.04402140
-4.70931564
-3.49250462
-6.15949612
-6.07319098
-4.47497177
-5.72781314
-5.35520570
-5.63725603
-5.52681544
-5.35920000
-5.22021107
-5.15035085
-5.55818433
-5.92243491
-5.57494546
-5.39411503
-5.68596374
-5.48245718
-5.49883364
-5.17025250
-5.64628560
-6.24524063
-5.04780609
-5.28930957
-5.76456334
-5.35474711
-5.88980001
-5.40845693
-5.55135255
-5.44576603
-5.34719136
-5.23163564
-4.55795785
-5.06133772
-4.63609806
-4.63690635
-5.31496831
-5.43611041
-5.45660701
-4.37430006
-4.18463114
-3.36818819
-3.67767419
-3.73677575
-2.43116622
-2.88554854
-2.32047992
-3.69833736
-5.92122353
-5.32820245
-5.29321055
-5.44494041
-5.04281359
-5.90708666
-5.12135942
-5.58135703
-1.13482227
-2.78339685
-1.91159049
-5.03508267
-5.29016902
-5.34463352
-6.06515724
-5.66534294
-5.06304362
-4.40734487
-4.71576190
-4.96584225
-4.07039906
-6.06499222
-4.84730352
-5.89111629
-5.80994106
-5.69803187
-5.56164341
-5.86253772
-5.30385589
-5.06654213
-4.30009040
-6.11124098
-5.49810769
-1.69679689
-1.78966880
-1.29434199
-3.00924858
-5.42238130
-5.12602244
-5.26596466
-5.40607245
-6.04514147
-5.43518765
-5.84689344
-5.55325337
-5.39205092
-3.07504390
-2.09900878
-4.45391137
-5.10475979
-4.68245806
-2.71785554
-1.96258236
-5.36545162
-5.58025403
-5.32472143
-5.57512019
-0.34197267
-5.37985963
-2.30235604
-4.40485082
-3.37055446
-4.92426144
-3.26880631
-4.21800834
-3.87922085
-4.27199914
-3.54859531
-4.95043934
-3.80003560
-4.29446506
-4.59946001
-3.81191776
-3.08561808
-4.24668956
-3.26946947
-4.63669942
-4.04035696
-3.32577962
-3.74615309
-3.56922628
-4.34667223
-4.25416140
-3.38851857
-3.52595265
-3.19618760
-3.34726598
-2.31521256
-4.06902215
-3.17723664
-4.02552479
-3.13698400
-3.05867069
-3.52890527
-1.54213739
-2.32637910
-1.20381596
-1.44399022
-2.78458009
-1.40382838
-1.62667888
-1.71644818
-2.05529858
-2.65861122
-0.40195791
-0.03110370
0.61742338
-0.24385731
0.29933478
0.17235352
-3.54226140
-4.70100186
-4.60201181
-4.50191062
-3.78536167
-4.89055139
-4.87395821
-4.24117727
-2.29643845
-4.71613165
-4.19713437
-4.18169821
-4.44651736
-4.00425874
-3.76161240
-3.01060518
-3.57478861
-3.06791936
-4.04065269
-3.22744669
-3.22984694
-2.31322896
-3.74885761
-3.70859357
-3.61685157
-2.46527698
-3.43405102
-1.44446480
-2.43284651
-2.18309052
-3.11225794
-2.33586273
-3.03358443
-1.34546107
-0.63920534
-1.58064658
-0.89936571
-0.49835889
-1.03727936
-2.49693779
-0.89902853
-1.31859956
-0.20966993
-3.69743859
-3.65950851
-4.17701934
-3.50149831
-1.52833221
-2.19931577
-0.88736735
-0.41542889
-0.88289735
-1.17741643
-1.01518874
-0.91940544
-1.51788623
-0.05509311
-0.48578441
-0.80430609
1.48459511
0.51904057
0.02025921
0.01909097
0.41636734
3.59210493
0.75781929
0.50349061
-0.56436863
-0.38428344
-1.79470978
-1.86761198
-2.00643565
-2.00117580
-1.43408991
-0.90282691
-1.35675584
-1.28797277
-1.33139036
-1.74663582
-1.87322386
-0.44190321
-1.55437738
-1.13400266
-1.17264946
-1.89308586
-1.77998916
-0.84294610
-1.99364889
-1.74080794
-1.73183207
-1.30413276
-0.35443135
-0.47276126
-0.61902047
-0.43950488
-1.12154152
-1.98659346
0.43988614
-1.80938286
-0.63099689
-2.04381342
-1.96138158
-1.77614349
-1.92262550
-1.86039704
-1.57797955
-0.77508337
-0.28555849
-1.98087867
-0.88983054
-1.53134930
-0.85723893
-0.30877192
0.71754909
-0.55184654
-0.76357222
-0.99227931
-0.76462635
-1.87085995
-0.94102953
-0.83632863
-1.75745766
-0.82297882
-2.05313833
-1.13591761
-1.07627373
-1.12375276
-1.47455076
-2.03346650
-1.97429626
-1.89917514
-1.36241698
-1.70244982
-1.85363270
-1.99803267
-1.42858590
-1.75179618
-0.99145014
-1.30415958
-1.96607820
-1.42405258
-1.86490774
-1.56522244
-1.24549885
-1.91296884
-2.20888248
-1.34350512
-7.95383132
-8.03129477
-6.57315414
-8.07122834
-7.97882893
-8.20961119
-8.16955348
-8.30955783
-8.24045120
-8.05110549
-8.00994794
-9.03552676
-8.38662464
-6.21777641
-4.65836758
-8.02735288
-8.14256352
-8.10658611
-7.99362249
-7.82679266
-7.89449948
-7.79668390
-7.91408334
-8.02963836
-7.91800002
-7.93054936
-7.91055071
-7.77179486
-7.85779357
-7.62547544
-7.84213994
-7.72028031
-7.97367186
-7.35454752
-7.93075379
-7.72247622
-7.24925722
-7.75744614
-8.23478345
-7.77465613
-7.90331690
-7.56651726
-8.21544492
-7.41013230
-7.91998819
-7.95099567
-7.90789078
-8.04402151
-7.98147236
-8.05824496
-7.87245288
-8.26746099
-7.41383340
-7.79501703
-8.01899856
-7.65712863
-8.07913669
-8.89946615
-6.97766534
-7.89898138
-8.22144300
-8.14168450
-7.90650772
-8.42730778
-7.66040720
-8.47428778
-7.85660602
-8.10182964
-7.72749934
-7.63041436
-8.21411254
-7.92730053
-7.87943499
-7.52856946
-7.85144573
-8.00869611
-7.92002358
-8.11242171
-8.01554610
-7.77715201
-7.84458014
-7.98641185
-8.00440629
-7.94968052
-6.12542387
-7.11883358
-5.35748002
-6.15493986
-7.25449294
-6.46912198
-8.02973290
-7.89545407
-7.56333674
-7.50903480
-8.00838520
-7.16783308
-7.87549311
-7.23693507
-7.37383560
-7.83284978
-6.23680829
-8.17920345
-6.48658859
-8.50469573
-8.51865002
-7.76240817
-7.43830298
-8.76220148
-6.41934533
-7.79235995
-6.36059374
-3.71322505
-4.16044220
-6.87255064
-8.46291449
-7.61394967
-7.41853862
-8.60192223
-8.45257234
-6.90316671
-6.89984672
-8.30437728
-8.17977671
-7.25759185
-6.88955374
-7.17827443
-5.32337235
-5.57314877
-5.72757618
-5.67421442
-5.36976798
-6.18660927
-7.43499236
-5.57517596
-6.96902523
-8.62677370
-6.95306931
-6.73082206
-8.39950954
-7.52385631
-8.33342218
-8.59357001
-8.56214335
-8.25369439
-6.17455561
-5.46473172
-7.60153902
-8.48836926
-8.62643496
-8.49633017
-8.35513827
-8.38900847
-8.53748826
-7.52318252
-7.21497835
-8.22328501
-8.43705584
-9.03026884
-8.08261836
-8.21384465
-8.09855227
-8.23042874
-6.48427855
-9.40310780
-8.45774210
-6.80755632
-8.07260041
-6.97290767
-6.90243598
-8.28302784
-8.47388990
-6.70183976
-8.08080667
-9.13218827
-6.40722420
-6.79244324
-7.51454299
-7.54909459
-8.51460067
-8.59301158
-6.76585530
-8.45161776
-7.26622267
-7.57493881
-8.35357629
-7.16686714
-8.35080886
-8.38756740
-8.53983798
-6.13394258
-7.29691798
-8.23391791
-9.12044804
-7.44471493
-8.63937115
-8.62313341
-8.40742314
-8.46224979
-8.56215863
-8.64928167
-4.79751674
-5.24456996
-4.76628734
-5.88899690
-2.81058285
-2.48120203
-3.94845264
-5.08169368
-5.10954300
-5.32287695
-5.11489677
-5.15732712
-5.33411920
-2.91698935
-2.83098196
-4.10941157
-3.63421066
-4.66778402
-4.72577844
-5.05526464
-4.39492091
-1.83887490
-4.20730506
-5.40353264
-4.24807261
-4.30413193
-4.20768966
-3.62098693
-4.62873105
-4.14327077
-4.32167354
-5.14786540
-5.88698576
-5.23842129
-5.27589237
-4.93415151
-3.82521528
-4.72409950
-4.46816999
-3.79813117
-3.07871686
-2.49134895
-3.81738508
-4.48250834
-3.16683040
-1.06032739
-3.28749186
-3.08019048
-3.36900383
-1.39124270
-1.87808900
-4.27206641
-2.59783219
-2.55460885
-3.25120360
-2.24791365
-3.10886726
-4.77963537
-3.90376128
-2.91969659
-2.47133558
-4.53597193
-4.59169756
-4.51510288
-5.16529136
-4.23066330
-4.56195691
-1.97507069
-4.53630978
-4.29615742
-4.07580985
-5.70833313
-4.45956446
-4.80467102
-4.68653670
-3.36304289
-1.74735041
-1.69380518
-3.26277653
-3.16453269
-2.90524239
-4.45017999
-2.93591902
-4.08670412
-3.79090695
-4.58191485
-4.61319543
-4.71660941
-4.71615802
-3.72656936
-4.42746005
-4.38860315
-4.44537484
-5.14171686
-3.58119317
-2.16134212
-3.50000390
-3.37074975
-1.51941820
-1.04962981
-1.32246334
-1.26601923
-1.67152044
-2.01414356
-2.10463623
-2.31607574
-1.57152378
-1.62791383
-2.53164159
-1.86651654
-1.73218961
-1.85757097
-2.32279281
-3.44167271
-2.75500829
-3.49566095
-2.74211179
-2.79468917
-2.85343081
-2.46947544
-2.83851425
-3.15202058
-2.67452404
-2.67105968
-2.84607068
-3.38572408
-2.72338832
-3.40434092
-2.74262121
-2.74360343
-3.59527615
-2.66043136
-2.82149775
-3.33437346
-3.56491623
-2.71678493
-3.56198973
-2.80179697
-3.40405985
-3.42657318
-2.96874027
-3.55187078
-3.46091161
-3.68295773
-3.61592636
-2.90023537
-3.16285804
-3.35603068
-3.01498873
-2.77769940
-3.37643159
-3.46034448
-2.64822734
-2.15741483
-2.63852400
-2.90521702
-2.83131988
-2.81495527
-2.86886238
-0.43467112
0.07539898
-1.86874603
-1.32939047
-2.87584688
-3.63442681
-3.38589099
-3.45464093
-2.95839973
-3.57616427
-3.60802317
-2.82976421
-3.06444093
-3.49826765
-2.84914591
-2.81742287
-1.96723580
-3.40549851
-3.67150733
-2.53169502
-3.31383038
-1.88921815
-2.82836544
-0.49825608
-3.49659453
-3.00188022
-3.82974525
-2.93983500
-2.77749572
-2.82775742
-2.29217986
-1.40612186
-2.75803312
-2.78752590
-3.85113446
-3.80655778
-3.45874561
-2.71557864
-2.28161322
-2.29058567
-3.69310129
-5.27357431
-5.35584585
-5.05795129
-6.08749156
-5.33387871
-5.31532568
-6.07338584
-5.19289142
-5.31649131
-5.25220579
-3.89812792
-4.55851275
-4.44962965
-3.95641053
-4.66575025
-3.94737929
-4.28444785
-4.16010485
-4.12981437
-4.52558607
-3.45111339
-4.06653235
-1.11732790
-0.60467628
-0.59344970
-0.78677732
-3.98633845
-1.70162892
-1.26797069
-1.97837289
-5.28226933
-5.62114126
-5.06540679
-4.89396134
-5.32325585
-5.12310917
-5.66517212
-5.24732031
-4.79214256
-5.64652634
-4.76402088
-5.01901620
-4.75971625
-5.15750828
-4.87083731
-4.81590789
-3.09270490
-2.52453802
-3.91920113
-4.33419421
-5.21867376
-5.21189989
-5.75199539
-6.17371614
-5.32975885
-5.47191432
-5.69216088
-6.37634914
-5.84136090
-5.40878082
-5.41531821
-4.35019386
-5.16689032
-5.10607040
-5.43278130
-4.22478438
-4.72774882
-4.60704162
-3.23534549
-5.14776853
-5.05836072
-5.10615172
-4.57792842
-4.67498785
-4.60814787
-4.83647754
-4.00317790
-1.52279981
-4.11018430
-4.02838643
-2.25073919
-5.19359995
-5.28545329
-5.02479396
-5.51302622
-5.23125307
-5.00095701
-5.52906840
-5.16886211
-5.30356826
-5.14929855
-4.05526435
-4.97218626
-5.21785466
-4.74961379
-5.35174254
-5.29207849
-4.99801822
-5.15110696
-5.35217750
-6.36333219
-6.89191375
-5.72860186
-6.04350951
-5.92965898
-5.63886297
-5.42951974
-4.92738591
-5.77775374
-5.74398510
-5.69112292
-5.82148395
-5.51856230
-6.74891054
-6.60109552
-7.04151214
-6.86098874
-6.67033461
-7.66256521
-6.03745645
-6.86834810
-6.73947778
-6.47664560
-6.21715814
-6.29774432
-5.82327878
-5.84455695
-6.13018281
-6.43128837
-6.63185990
-6.29899823
-6.54473233
-6.10105743
-7.06216839
-6.71500448
-6.78972799
-6.15331081
-7.40842262
-6.66586937
-6.84864431
-6.43578417
-7.45580309
-7.05467144
-7.12132906
-7.29050232
-6.87968813
-4.68159072
-7.10511399
-7.10289783
-4.77169996
-4.77169996
-4.68159072
-4.68159072
-6.37147710
-7.14858724
-5.99793151
-6.00207476
-6.54329155
-6.74751240
-6.21379034
-6.57536648
-6.06581429
-6.29658150
-6.42513575
-7.01050687
-6.35282780
-7.22519320
-7.58770338
-7.11383115
-5.70550697
-5.94640222
-4.28286026
-2.39113619
-5.34498748
-5.27109547
-1.30035071
-6.88663942
-6.41001507
-6.34898236
-6.07964372
-6.94835655
-6.75031250
-6.94320956
-7.28799903
-6.72294082
-6.25422756
-6.32354118
-6.11331792
-6.17049783
-5.51827336
-6.01755679
-5.95650254
-6.42032512
-7.12146260
-6.49679533
-4.68145717
-7.17539776
-6.96117779
-6.70446096
-6.54288897
-5.91733079
-5.13355514
-5.28425493
-5.46441421
-5.65677966
-5.26579713
-5.16795779
-5.52250846
-5.27722551
-6.35611698
-5.62548200
-5.58753110
-5.57923849
-5.44133394
-5.43311251
-5.45780438
-5.66413400
-5.66161612
-4.31631442
-6.03185479
-5.05932041
-5.36579866
-5.32125341
-5.13729083
-5.31153063
-5.55261238
-5.58737089
-5.40166496
-5.66040853
-5.47440773
-5.30359535
-5.53486877
-5.68802691
-5.39431831
-6.11130592
-4.03170710
-5.67600158
-5.91549276
-5.10471128
-5.43029948
-5.17404793
-5.60448038
-5.62751234
-5.57702574
-5.44205456
-5.26979797
-5.49980064
-5.49032626
-4.90690813
-5.16381027
-5.95606339
-5.64500322
-5.15552253
-5.53368532
-5.49188135
-5.18417986
-5.23407811
-5.64527913
-5.24163350
-5.46278521
-5.43150622
-5.46291647
-5.46990198
-5.84039435
-5.45789544
-5.48783487
-5.12778764
-5.52329701
-5.53245109
-5.40929603
-5.38840390
-5.56700857
-4.33453246
-5.37764932
-5.63088062
-5.18424666
-5.47286448
-5.97278453
-5.38385824
-5.45170039
-6.08016611
-1.99454908
-5.09050225
-3.35051529
-3.72674519
-3.63857595
-5.96172291
-3.17938815
-5.29256973
-5.14784101
-6.17305173
-3.95409603
-6.51535232
-6.16073738
-5.10954052
-6.48669430
-5.31243196
-5.31694043
-5.26077936
-6.53536992
-9.24188845
-8.88242549
-9.07491787
-9.14143229
-9.43192924
-9.29333921
-9.30624925
-9.11140682
-9.17230389
-9.35904172
-10.29356361
-10.56488374
-8.96131056
-10.04762520
-10.02931381
-9.95498711
-9.96200874
-9.98079374
-9.99296508
-9.69898016
-8.42576345
-9.88469602
-9.99513970
-9.14465838
-10.86180691
-8.96343295
-8.90719909
-9.02242511
-8.97971281
-10.21422655
-8.78628333
-10.40157926
-8.90558411
-10.18605450
-10.20709233
-10.39510201
-10.22201632
-10.19670558
-10.19918966
-9.36709634
-10.71085437
-10.71005123
-9.07305547
-8.74600307
-10.62667293
-9.12075211
-9.27273247
-9.02705168
-9.35100604
-9.35681000
-8.67773715
-8.87645703
-9.34379078
-8.78233303
-10.43650261
-8.95219091
-10.15563500
-10.14306508
-9.24668532
-9.07952015
-9.20268021
-9.05799797
-9.26992718
-9.14429834
-9.30236083
-9.41438228
-9.12249299
-9.61725902
-9.13870359
-9.66509577
-9.64867376
-9.54255780
-9.30557113
-9.45565769
-9.47936528
-9.42112456
-9.58405292
-7.87072958
-7.80653848
-9.03443555
-8.43844348
-10.05659774
-10.12355687
-9.15197069
-8.93777515
-9.23152573
-9.33958386
-8.83409791
-9.18784741
-10.60772772
-9.17330806
-9.31424927
-9.06127632
-9.15532292
-9.25374742
-8.95900719
-9.31245536
-9.07208631
-9.33871927
-9.26554213
-12.63269172
-13.43304951
-13.42221692
-13.07209359
-12.95642113
-12.99665285
-13.27387947
-13.05179271
-12.74006522
-12.88803037
-12.81189596
-12.64438751
-12.91403293
-12.68538437
-12.54668362
-11.72728092
-13.14074905
-12.84850091
-11.96928184
-12.97638909
-11.95790071
-12.83301463
-12.28826412
-12.77887000
-11.28679044
-11.66422164
-11.42047263
-11.64573436
-11.15103862
-11.67941673
-12.34880948
-8.31819979
-10.84548550
-11.15744093
-11.22282221
-11.97162653
-12.55240389
-12.18203315
-12.70773905
-12.66540930
-12.92614654
-11.88721924
-12.64022099
-12.06807651
-12.26948010
-13.05322896
-13.00939877
-12.77876908
-12.88927711
-13.01568731
-12.77490129
-13.29725995
-13.13941798
-12.52972057
-12.94372227
-11.87734719
-12.98572135
-12.99643344
-11.80490643
-12.69200821
-11.34583624
-12.15395232
-12.77888950
-12.74437540
-12.68097283
-11.91735749
-11.85256640
-12.86812227
-12.89912206
-12.82746120
-13.32718664
-13.52843423
-11.96154729
-12.89302239
-12.81199119
-12.07090266
-13.53946191
-12.39017221
-13.33696820
-12.33426652
-12.21391519
-12.91868670
-12.51178439
-12.73364844
-12.66650200
-12.63648300
-12.41185168
-11.75872818
-11.98667871
-11.73316459
-12.28649232
-12.86412117
-12.76097493
-12.57863788
-12.48401724
-12.82267499
-11.88551128
-12.78796398
-13.02306750
-12.74924861
-11.98452498
-11.90743953
-11.57433480
-11.56277077
-11.61876478
-11.54852074
-11.47398641
-11.70739573
-11.69808214
-11.40335466
-11.55896127
-9.84822057
-11.06249485
-10.98126317
-10.55241339
-11.76707738
-11.11257248
-11.38283385
-11.57083048
-11.00934279
-11.05465273
-10.94497152
-12.42992351
-13.13035900
-11.30982077
-10.96246217
-11.33166693
-11.21061646
-13.26500165
-13.26785272
-11.90848915
-11.59907246
-13.10249268
-11.84389315
-11.79424551
-11.90619841
-9.99601144
-13.24510379
-12.08671673
-12.05278203
-13.10816243
-12.08664219
-12.07944892
-13.69494002
-12.22605840
-12.34895873
-12.48729325
-11.57897885
-9.62840947
-13.26658871
-13.27677437
-9.42857397
-9.58924890
-9.57344276
-12.06301790
-13.18322594
-12.47081536
-12.10516474
-12.06316452
-13.49816848
-11.73722189
-11.57700827
-11.57922367
-11.56436393
-11.48649010
-11.44723749
-11.29311488
-11.33801726
-11.29387461
-11.23573095
-11.56908692
-11.93216404
-9.93776678
-10.85331653
-11.90648533
-11.95453640
-12.23350674
-11.94972863
-9.21597987
-10.78024965
-12.14272580
-10.40544752
-9.40470405
-13.03549503
-11.72857982
-11.00309643
-13.39656546
-11.91388394
-12.43212533
-11.71496250
-13.73108335
-11.75863442
-11.87688910
-11.94569055
-13.35328422
-13.75542431
-12.13993234
-13.61203096
-11.59960147
-10.38988751
-0.43477319
0.38618819
0.16211150
0.62929037
0.59347341
0.02769305
0.00596423
0.03112960
0.11033294
-0.07799062
0.17776966
-0.86791847
-0.07224456
0.28175131
0.74144579
-0.19612571
0.19464649
0.23388868
-0.41644619
-0.18370502
-0.24479019
-0.12536310
-0.22016285
-0.13040610
0.27984266
-0.10362192
-0.22891440
-0.43491392
-0.37456683
0.82879596
0.93293074
0.92228285
2.50323068
-2.15808799
1.06798804
-0.97795250
-0.14507159
-0.33324375
0.37687317
0.65730357
0.06007571
-0.27951154
1.42589199
1.58651773
-0.10678727
-0.50152736
-0.28691837
0.42382403
0.67143598
-0.16146236
0.42373209
1.40302006
2.94071769
-0.56339434
0.17562071
-1.34687145
-0.13628714
-0.17964002
-1.26172268
-0.48351977
-0.67970645
1.14716246
2.46667128
3.13592952
2.68925218
3.71203503
-0.16709080
-0.44994355
0.87801423
-0.19942609
-0.18661519
0.24099893
0.36513542
0.23553177
-0.38154889
-0.01967014
0.49980308
0.11671937
0.77638434
1.96831704
0.02881223
0.61517417
0.68037472
-0.22333223
-0.24021713
-0.13083402
-0.28076756
0.24362453
0.34797924
2.43774718
0.69051787
0.04580200
0.26104997
0.32859998
-0.16104367
-0.26350158
-0.16106076
0.08762955
-0.49331165
0.03809726
-0.15981134
0.51164105
0.81878723
-0.67842850
1.55323752
0.04207996
0.59493117
0.35529924
-0.69446213
0.71242372
0.40538563
-0.48497280
0.14758608
-0.28718468
-0.52579691
-0.24577913
0.38030477
-0.05468630
-0.19453075
0.32835963
-0.68961830
-0.36122116
0.29639528
-0.29882867
0.23040214
-0.57593692
-0.45782743
0.28024495
-1.06469598
-0.50621921
-0.52093103
-0.71691930
-0.37742334
0.00354484
1.05880472
0.44891463
1.04573459
0.00809768
-0.77314735
0.52481950
-0.72405115
-0.71599701
-0.22651304
3.04881827
0.34932701
-0.69773044
-0.38259851
-0.71428046
0.78725179
1.27930519
1.32761666
0.25125915
-0.72170098
-0.95846886
-0.55777379
0.03442936
-0.62774710
-0.22486289
-0.47789095
-0.56354218
-0.34417535
-0.41166054
-0.57937489
-0.66500430
1.21470281
-0.54119065
-0.56374784
0.21959723
-0.56904468
-0.82780827
-0.01585258
-0.19588671
-0.54870829
0.03563748
-0.24317789
-0.83780394
0.23091751
-0.57959388
-0.63784307
-0.53592008
-0.28673106
-0.51002129
-0.48787198
-0.50053520
0.61785104
-0.24663867
0.00930249
0.01314986
0.19997455
-0.48165177
0.10719894
0.34431329
-0.70338140
1.38007893
1.03208319
1.05108077
1.34139808
1.28390331
2.85591633
-0.50289437
-5.72377920
-5.76458991
-6.07752271
-6.75516092
-6.78794383
-6.70636874
-5.95825494
-6.64590346
-6.62321486
-5.75189435
-5.77041225
-5.64891274
-5.87108723
-6.70749015
-7.05479700
-6.37267868
-6.66574607
-5.77554819
-6.17456563
-4.92010965
-6.89575588
-6.69754799
-6.65864540
-6.78726994
-5.49479119
-6.72288454
-0.82951194
-4.88566231
-2.65989989
-1.59527210
-6.06649724
-6.01200420
-6.55523668
-5.87784480
-5.87655161
-6.04663254
-6.62775126
-6.70783503
-6.84140258
-6.91092893
-6.80894616
-7.18694366
-6.76516835
-6.24269847
-7.15568871
-6.88441344
-6.45307516
-8.01251671
-7.06128339
-6.89386529
-6.45851644
-7.01327857
-5.84849698
-8.04118428
-6.77717966
-6.70433763
-7.22958463
-6.97466695
-6.91097999
-5.66474643
-6.87767384
-7.44874718
-6.08666514
-6.81844411
-5.39369936
-6.86236414
-6.70771053
-6.81939780
-6.07469337
-6.82120831
-5.85927879
-6.64297117
-6.81867070
-5.50879464
-6.70963657
-5.62032789
-6.06719608
-5.75158806
-4.99173772
-5.97471940
-5.43667507
-5.56641541
-5.83070954
-5.74949565
-7.07065052
-7.06660785
-6.78746824
-5.74326968
-5.70494151
-6.66893669
-7.99292394
-5.95699778
-6.23584185
-6.30728111
-7.11588796
-5.97935448
-7.05313534
-6.83400363
-7.13554386
-5.57144528
-2.91518897
-1.97674928
-2.78209686
-3.12733593
-2.53687666
-1.98652918
-3.35601176
-4.09414145
-3.50821081
-3.38175781
-3.48004367
-3.02275968
-4.53108996
-3.99196739
-2.34651517
-2.12419535
-1.88234159
-1.56855905
-0.28308029
-3.53954744
-3.51706987
-3.46791520
-3.77709243
-3.52643620
-3.50756973
-3.97260488
-3.55093244
-3.98290079
-4.62656025
-3.67650194
-2.86684368
-3.64641036
-3.52492474
-2.93232325
-3.01927020
-3.16574318
-3.38369150
-3.13308187
-3.27546520
-3.57295398
-2.99450545
-3.10747418
-3.05275672
-3.53798686
-3.67520564
-3.10141723
-2.97807782
-3.19066504
-2.95443539
-3.23795873
-2.44612571
-2.85856893
-2.77247873
-0.98178881
-0.99453756
-2.86567825
-3.07047406
-2.71772254
-3.32459539
-4.05269678
-3.55200323
-3.70099031
-4.44248860
-3.78890221
-4.57953874
-5.00388321
-3.57126300
-3.42588562
-4.09525684
-4.68811999
-4.76681547
-4.34369508
-2.91447368
-3.17824596
-4.35736145
-4.27845783
-4.02790256
-3.26676264
-3.44088694
-3.50352424
-3.62381264
-3.79696100
-3.12402629
-3.51964487
-4.20385378
-2.11204000
-3.34449786
-2.45775407
-3.26609818
-4.46201359
-3.14495471
-3.31542150
-2.70601668
-4.43538760
-4.62456650
-2.91206390
-2.23687821
-2.58522518
-2.74256055
-2.89920862
