-9.15602189
-8.82681258
-8.69745927
-9.28644281
-8.54687833
-9.21061223
-8.49705958
-9.58696432
-9.15195722
-8.63091662
-8.80411454
-9.22693711
-9.04861606
-8.75263662
-8.93669698
-9.32537430
-8.64083157
-9.22220522
-8.67212449
-9.03879458
-8.86081303
-9.50711383
-9.74165468
-8.86473805
-9.06069992
-9.41666138
-9.65390321
-9.95392905
-8.76986243
-8.85059918
-9.28309041
-9.31949733
-8.83262154
-9.59031796
-9.44876629
-9.15929153
-7.82301159
-8.71201847
-9.54765685
-8.95018469
-8.88150973
-9.47441488
-8.81121896
-9.27443260
-8.81580369
-8.88431649
-9.02999256
-9.52632930
-9.62616738
-9.53254896
-8.62938728
-9.28220576
-9.56179761
-9.36022671
-9.16837037
-8.77772581
-9.18822008
-8.88630217
-8.94238337
-8.95493394
-8.84429367
-8.79040610
-9.23572641
-9.44149065
-9.23349677
-9.97523321
-9.20341227
-9.65641492
-9.69149273
-8.78674572
-9.42370767
-9.44252659
-8.93380175
-9.64136455
-9.03106152
-8.88252532
-9.50959624
-9.36951241
-9.40969235
-9.10279094
-8.85012210
-9.57586252
-8.68571547
-9.07356748
-5.41368704
-8.02483633
-8.37916145
-8.39922086
-9.23293525
-8.42053504
-9.07768259
-8.62692862
-9.54057115
-9.46358265
-9.63170520
-8.97960787
-9.45247052
-9.53959519
-8.95056297
-9.58901425
-7.19358379
-8.65064798
-8.92763247
-8.35323743
-8.72026644
-8.80579051
-8.05204761
-8.89334455
-7.64121118
-8.69968051
-6.89972871
-7.12416972
-6.47915106
-6.01664548
-6.82309092
-8.62994714
-5.28389043
-8.66403408
-8.51288659
-8.67928217
-8.91815322
-8.27378006
-7.05266330
-8.81524483
-8.63571017
-9.13250172
-8.81237606
-8.71046882
-8.51167088
-8.70757466
-8.89450716
-8.80559311
-8.73633479
-8.30477222
-9.47251496
-8.44796363
-7.63624245
-7.52319345
-9.46469027
-8.83701334
-8.73674602
-9.08331006
-7.37316250
-8.77960858
-8.22262782
-7.60103924
-8.38847237
-8.33947184
-5.56567084
-8.09407422
-7.35124575
-7.08632614
-8.68105684
-8.56264655
-8.68180164
-8.89355286
-8.71893011
-8.69697125
-8.78686671
-8.67385955
-7.26262812
-8.67409027
-8.67606235
-8.82956866
-8.68236440
-7.80414232
-8.57753168
-8.78683961
-5.99241055
-7.69198023
-8.76187641
-8.82908056
-8.62414481
-8.87070987
-8.73612454
-7.67392950
-8.56567614
-8.80285358
-8.72029263
-8.84760681
-8.48737047
-7.60538812
-7.89068374
-7.68020417
-8.60621444
-8.82686270
-8.36309634
-8.62927781
-9.07753249
-8.80213880
-8.70771732
-9.14842499
-9.49592897
-9.08472357
-8.82318245
-8.18279903
-7.88545795
-7.33823450
-9.08231693
-8.69324882
-7.76145923
-7.68724983
-8.29799395
-8.11723053
-8.78333198
-7.35016948
-9.39528897
-8.68734644
-7.69886208
-8.02646894
-8.29465211
-7.65439803
-6.78456936
-7.80284234
-7.67717679
-8.27056541
-7.39217597
-8.08755907
-7.72866151
-7.47243212
-9.10320505
-7.79090470
-9.39344124
-8.76751362
-8.98711292
-8.28477352
-8.19626234
-8.09237222
-9.61388279
-9.19257862
-8.03133333
-9.09203257
-8.91826167
-8.28024306
-9.82037088
-9.31272261
-7.65186312
-9.02550204
-8.40264891
-7.48662696
-7.63212433
-8.97092919
-8.35511304
-8.39473642
-8.03065726
-9.75585015
-8.13532668
-7.28411721
-9.66606331
-10.02601809
-8.98929600
-9.18143371
-8.17977905
-9.18097370
-8.84301230
-7.76990693
-6.87301450
-9.04496527
-7.57134994
-7.80031558
-7.76398373
-8.42646363
-8.34874373
-7.93622269
-9.43245288
-8.49318903
-7.99597719
-8.50779841
-8.34875932
-8.56745689
-8.15420620
-7.16775207
-7.50872762
-5.86345054
-7.16330769
-7.17074022
-7.90993088
-8.46281731
-8.64433042
-7.61011673
-8.95064305
-9.24576884
-9.45738861
-9.26586954
-8.28768412
-8.99456707
-8.41780320
-9.27215856
-8.20954401
-8.37591427
-9.26931770
-6.98621942
-7.89430975
-8.73631446
-7.36296197
-7.36540566
-4.14159322
-9.04249616
-7.37398346
-7.82550210
-7.58045060
-7.38068741
-7.42740153
-7.54651704
-7.31313904
-7.52880129
-7.29365576
-7.39722691
-7.15111762
-7.52107435
-7.24949703
-7.42937404
-7.44380889
-7.06785862
-7.21287715
-7.23338624
-6.82473094
-7.17656501
-6.82488794
-7.01155423
-6.88739213
-7.65674892
-6.87876921
-6.07788815
-4.94165561
-6.41364143
-7.28596660
-6.31377662
-5.23871492
-7.34235795
-6.79923926
-7.42307748
-7.56929710
-7.14709326
-7.70403118
-7.40148806
-7.04948715
-7.51580015
-7.19001187
-7.60584440
-7.42458309
-5.96398247
-6.62275627
-6.65171539
-6.24970643
-6.64618630
-7.14129664
-7.09403769
-7.02125627
-7.20678782
-7.44179033
-7.55748251
-7.22382740
-7.51870991
-7.54866389
-7.40286301
-7.64574938
-7.22431385
-7.41895921
-6.81632952
-7.37193460
-7.27179539
-7.42948354
-7.65928175
-7.13983862
-7.23578701
-7.26573559
-7.47907687
-7.23287820
-6.36556145
-7.13112765
-7.72777382
-6.15459548
-5.30744252
-3.48550112
-6.78947563
-6.73645772
-6.45538236
-6.79377981
-5.39823705
-6.39621452
-6.96344316
-6.00143361
-6.75481937
-6.44662402
-6.86097797
-7.11710355
-6.74116783
-7.13042622
-7.23561979
-7.58069520
-7.54804741
-7.53795774
-7.53636627
-6.94575419
-7.38860195
-7.36413999
-7.38990759
-7.58935052
-7.41064294
-4.21171386
-3.88429729
-3.83230311
-3.01791693
-3.79060841
-3.31077220
-3.45445081
-2.47014531
-2.60824034
-2.70511841
-2.82472913
-2.94208428
-3.09817151
-2.51829624
-2.52805763
-2.63329934
-3.18537316
-2.45517388
-4.10272595
-4.20954118
-3.70272722
-3.92470840
-3.64282335
-3.59167444
-3.83433370
-4.18571137
-4.01373127
-3.99628035
-3.96355178
-3.93616335
-3.74898090
-4.65354459
-4.29835078
-3.83970588
-3.25591973
-3.45129371
-4.06422632
-3.85396599
-4.15746854
-2.99196585
-4.72362574
-4.08660243
-4.38213220
-3.97737949
-4.07998300
-4.21219117
-3.21953573
-3.64887548
-3.18168894
-3.88473380
-3.54323341
-4.76248746
-3.83484845
-4.02811369
-3.33550392
-3.31161572
-3.92213973
-3.50077431
-4.07889681
-3.73378303
-3.44605486
-4.32214580
-1.77979967
-3.24920791
-3.82672549
-2.32270400
-3.38979256
-2.56543408
-3.49460594
-3.97686509
-4.24687948
-3.08438001
-3.86043949
-4.26198936
-4.52869784
-3.77761821
-3.86916022
-3.58551122
-3.97283071
-4.27607044
-3.68077922
-3.06464996
-4.03737129
-4.60154267
-3.01559515
-3.71563461
-3.60042978
-3.56216894
-3.43318245
-2.55385433
-2.65584807
-3.52156027
-3.58797982
-3.45072960
-2.89550320
-2.86014278
-3.25911324
-2.83498957
-1.39610443
-1.34766907
-5.14750947
-5.43361037
-4.14256295
-4.87169475
-4.58110334
-4.63687938
-4.42412998
-5.12837462
-4.57050930
-4.38940057
-4.94490112
-2.78242780
-6.11506799
-5.14555573
-4.76732932
-4.62530005
-5.28184385
-5.74404383
-4.99791043
-5.17616684
-5.63774197
-5.17724548
-5.37453187
-4.90369451
-4.92633693
-6.02328386
-6.06232615
-4.49082901
-5.21248692
-5.85746794
-4.65706126
-5.36245217
-5.47318094
-5.96344362
-6.23234794
-5.17563861
-4.86522484
-4.89729731
-5.02951555
-5.16460350
-5.34598949
-5.12170154
-4.72841126
-4.94019843
-4.92308898
-4.55321082
-4.54212018
-5.12267559
-4.81717929
-4.36201700
-4.90472377
-4.90887908
-4.49913362
-4.48675064
-4.45342134
-3.71257344
-3.73818417
-2.41226543
-3.22644804
-3.79416681
-4.46614576
-3.53361782
-4.85770642
-4.38712537
-5.23038921
-5.82330169
-6.16705857
-5.79975702
-4.89679263
-5.39489486
-5.89065536
-5.52902850
-4.89324868
-5.42019301
-5.83437080
-4.83272710
-5.65006281
-5.79166021
-5.03270255
-5.81604638
-5.22390228
-4.72328255
-4.73651744
-5.50748133
-4.66501601
-5.16521989
-4.75067476
-5.56606218
-5.21349770
-5.26817967
-4.54944521
-5.45603457
-5.28790000
-5.15705118
-5.34746238
-5.45641797
-4.84915653
-5.19379179
-5.69314137
-5.69254171
-12.77435742
-13.28222376
-12.99753600
-12.92698405
-11.78943013
-12.45261894
-11.25321947
-11.07867801
-10.87134834
-13.00955178
-11.26405900
-10.51311504
-11.05851560
-12.40628465
-12.10158043
-11.12565684
-10.49770266
-9.96923855
-10.92004654
-10.12569010
-10.24361296
-10.97188843
-12.84965247
-11.93764889
-12.73980054
-12.97678003
-12.51486501
-11.66265555
-12.81042061
-11.66563069
-11.10806308
-12.08278475
-12.17216553
-11.06740955
-11.25108270
-11.54064414
-11.16324313
-12.57343963
-11.35200831
-11.74055374
-11.56657936
-12.45661290
-11.38436159
-12.39925787
-11.52051691
-11.41000041
-11.65625449
-12.46785045
-11.68416120
-11.58113807
-12.35311845
-13.10702783
-12.39806488
-12.80248566
-12.31378775
-12.86485772
-12.54538872
-11.28161299
-12.52845002
-12.23526006
-11.39884351
-11.24344407
-12.72254291
-12.12890103
-10.51138780
-10.16504528
-10.77522406
-10.43261026
-12.59221190
-12.07049050
-11.98421201
-12.04234270
-10.75389164
-10.89225520
-11.01342011
-11.91649855
-11.58923600
-12.30875530
-11.56606952
-13.22505359
-12.02204894
-11.72530432
-13.04746174
-12.06972975
-12.25800919
-12.48029624
-12.93557287
-12.74193775
-11.24888834
-12.75693136
-12.69290702
-11.66346985
-13.38083841
-12.35948094
-12.81142163
-11.79210422
-12.40805709
-12.78677584
-12.91027090
-11.28336288
-11.42435553
-12.00233316
-11.73224586
-13.41116928
-13.14739521
-11.54424160
-11.54424160
-12.68158711
-12.92753100
-12.69041470
-12.82472441
-12.62213970
-12.51016648
-14.27170232
-13.07076747
-12.91317867
-12.71770745
-12.88915121
-13.10660062
-12.50566212
-13.11263769
-13.06818472
-14.45388311
-12.95606884
-12.94553455
-12.94892706
-12.95521346
-12.83785652
-13.07082617
-13.64191771
-12.95378014
-12.96909650
-12.92376384
-12.96289750
-13.01400845
-12.70409047
-12.97337145
-11.79729601
-13.00914624
-12.88202955
-12.99728123
-12.94702148
-12.83892465
-12.98176178
-13.40983158
-12.97874349
-13.01721065
-13.33882468
-12.72734808
-12.61933524
-13.05369530
-12.53605192
-12.63366041
-13.13122541
-12.97265733
-12.85271831
-14.05992776
-12.26495935
-13.09985656
-14.26043740
-12.81870581
-13.58074480
-13.11121522
-12.95145172
-12.90932603
-13.18475179
-13.00391800
-13.06481323
-12.93410031
-12.85092227
-12.93687851
-12.93061129
-12.93411003
-12.94635363
-12.74621195
-12.94766126
-13.52642633
-13.06311336
-12.80923366
-13.28950352
-12.71864965
-13.00751714
-14.38575702
-12.85605319
-13.08054938
-13.46905847
-13.42722450
-12.98121522
-12.73450574
-12.94926174
-13.01551922
-12.85530750
-13.60355393
-12.86209079
-12.92091179
-12.92982400
-12.65347100
-12.77076240
-13.01350863
-12.81423944
-6.13564790
-5.68592018
-5.98919216
-5.45114890
-5.63546525
-5.89208614
-5.91309948
-4.63334370
-6.60283922
-5.75244260
-4.66029885
-5.44220877
-6.02168710
-4.74385354
-4.99338419
-5.28716686
-5.13957667
-4.79069036
-4.78925019
-5.11711388
-6.58496382
-4.98930434
-6.12282221
-5.52549603
-5.60472372
-5.54582199
-5.63903466
-5.28195717
-5.79602895
-5.58823548
-3.91588094
-2.93814790
-3.53528179
-2.34871906
-3.98149237
-3.44807440
-3.80808898
-4.92079326
-4.86677298
-4.32847067
-4.43986693
-4.95029614
-4.32610275
-5.29009652
-4.21339002
-5.29221310
-4.78502538
-4.30044604
-5.36506639
-4.45209175
-5.89876759
-3.94972515
-4.87444966
-6.19309914
-5.52423719
-5.53139394
-5.56256752
-5.41277576
-5.42895470
-5.63667667
-5.78281048
-5.64747631
-5.54593453
-5.82243829
-5.47433871
-5.70196587
-3.68917988
-5.87939864
-5.01454672
-5.51968827
-5.39828883
-6.00408097
-5.58705363
-5.84059296
-6.23550413
-5.09627364
-5.46495178
-5.67035001
-5.59394169
-5.43814499
-5.43592179
-5.51772557
-4.79810579
-4.07348367
-4.14825612
-4.01091799
-4.38288917
-4.53050749
-4.80607432
-4.89026816
-4.79631943
-4.82482887
-6.33484067
-5.34364335
-5.01979114
-4.29802464
-4.74127273
-4.41552927
-5.04601847
-4.81826827
-7.19032162
-8.03936243
-7.63912131
-7.25030535
-7.21288018
-7.38389343
-7.19508640
-7.62192558
-7.36060195
-7.14912359
-7.65180753
-7.74992919
-7.44649157
-7.01608333
-6.95703146
-7.17678651
-7.51187093
-6.83944375
-6.82272737
-6.91689873
-7.43754740
-7.65205827
-7.33473027
-2.45383298
-5.71574175
-5.96207076
-5.87575429
-5.81056558
-6.31315278
-5.37406998
-7.38723155
-6.36201152
-7.10603979
-6.82193777
-7.85634273
-7.39676803
-7.37241811
-7.76334235
-7.81440638
-7.14907642
-7.04487168
-7.52718648
-7.73390549
-6.84798728
-7.55791903
-7.55565614
-7.74256270
-7.72680022
-7.72272771
-7.80042344
-8.44240370
-6.68341700
-7.16445472
-7.73928606
-7.65329211
-7.73894177
-7.92320418
-7.82115674
-7.66017757
-7.17682343
-7.85857330
-7.77805052
-7.87048769
-7.55879393
-7.49631869
-7.83739332
-7.17332296
-6.73369875
-6.26148505
-6.25936112
-6.58153468
-6.77694776
-6.68442029
-6.38343311
-6.36718393
-6.89563032
-6.83613306
-7.72437704
-7.15232416
-7.60562607
-7.08105009
-6.90968981
-7.64917528
-7.83404006
-7.36331761
-7.61578271
-7.62294724
-7.50624883
-7.27594722
-7.17627693
-7.51250532
-6.86543739
-6.93100805
-6.80787326
-7.74735396
-7.77914897
-6.89963197
-6.73544921
-7.51394001
-6.98899242
-2.09625707
-2.99933226
-2.35328237
-2.16139173
-1.53711332
-2.48981383
-1.46939296
-1.75042593
-2.28644579
-3.17146508
-1.90633973
-2.00811954
-2.44768078
-1.64910007
-3.45891859
-2.06122346
-2.38995934
-2.60783542
-3.30615125
-2.84233148
-2.13888212
-2.72278645
-1.94502459
-2.26989566
-2.03763525
-1.72524104
-1.68874826
-1.58919833
-1.75365223
-1.45308078
-2.68357911
-2.16055638
-2.02196080
-1.90336963
-2.68294105
-2.43452505
-1.55237945
-2.39939892
-2.68568201
-2.83046594
-2.08651626
-3.39142721
-1.54172123
-2.14451857
-1.87755318
-2.76175655
-1.29117379
-1.18901492
-2.06303782
-2.50297425
-1.50831519
-1.72381392
-2.78994808
-1.98239147
-3.38410616
-2.54676798
-1.74812580
-2.21997231
-1.61216352
-1.65526504
-2.27501842
-1.69828603
-2.83723610
-2.94691882
-2.99288671
-3.86956801
-2.28877636
-2.90973128
-3.65172467
-2.96953752
-2.01120561
-1.61172990
-0.06424004
-1.59650803
-1.11315300
-1.80102042
-1.54111068
-2.17140238
-2.99359781
-2.51846801
-2.61304707
-2.42571512
-3.71992393
-2.54317574
-3.14848356
-2.38216868
-1.49243594
-2.59580244
-3.18048862
-1.65885233
-3.26041911
-1.64747491
-0.62976159
-1.98072786
-1.82245630
-2.18561939
-1.95160645
-0.93967983
-2.64474131
-1.78308604
-6.83583121
-6.65313390
-5.97208395
-5.56604774
-6.94695775
-6.95750159
-6.74500689
-6.79721473
-6.55662788
-7.11608811
-7.95994007
-7.07492426
-6.92035687
-6.71451474
-7.03039346
-7.04224897
-6.70556136
-7.46170231
-6.79151221
-7.83668334
-6.50773511
-5.93478478
-6.12884617
-6.42420120
-6.30438866
-5.99811108
-7.51026700
-6.97029314
-6.99069926
-7.85356998
-6.75500475
-6.95254999
-6.80562909
-7.83328628
-7.71716768
-7.48004957
-7.10417370
-8.04416812
-7.55106573
-6.78727209
-7.05763777
-6.65117633
-6.40759666
-7.02441134
-7.44369651
-7.06930298
-7.10035584
-6.34641774
-7.28831926
-5.66745873
-6.76197428
-7.71069003
-7.20964091
-7.82366642
-7.18886626
-7.00452363
-7.10292775
-7.08449333
-7.67772852
-7.44365576
-6.22306875
-7.53447663
-6.74860379
-7.12184603
-7.41339147
-6.79917639
-6.21932357
-7.84820591
-7.31490984
-6.91306856
-6.92569230
-7.47138931
-7.24253995
-5.98813999
-6.85556603
-6.74455598
-6.84888321
-6.94992421
-8.48140068
-6.81974502
-7.61186038
-6.19029339
-7.04800031
-7.86921846
-7.49337160
-6.73032523
-7.20754712
-7.60288129
-7.53194642
-7.35944726
-7.31323471
-7.64527575
-7.77451947
-7.85724468
-7.16401099
-7.26982137
-6.56130945
-6.56873741
-6.85812852
-7.71903778
-7.63546345
-7.67698348
-7.75260417
-7.37989466
-7.67992282
-7.70534503
-7.62080943
-7.75681616
-6.58510977
-7.83525199
-7.87677853
-7.34819021
-6.61864491
-7.61153267
-7.79743415
-7.35178059
-7.86204493
-6.97520869
-7.62684732
-7.68954008
-7.66953589
-7.35900902
-7.45026294
-6.70466557
-7.24091515
-7.39507271
-7.74098831
-7.74995499
-7.33632580
-7.76571397
-7.63964169
-8.01257033
-6.79010488
-7.69901168
-7.29476325
-7.73643867
-8.05727082
-7.83826271
-7.20097776
-7.33427410
-8.03232780
-8.01562046
-6.85923686
-6.62053889
-7.84465848
-6.03795293
-7.84491970
-6.03795293
-7.90929848
-7.61478276
-6.53483110
-6.66481247
-7.49312457
-7.21806574
-6.61091150
-5.77017677
-6.51809557
-6.75172026
-3.53941916
-6.50004090
-5.24787129
-6.83863205
-5.58831695
-6.33243330
-6.46157205
-7.62813658
-7.86353416
-7.81276878
-6.71043473
-7.72745641
-7.83117913
-6.71043473
-7.65032220
-7.94658235
-7.78835240
-6.72405495
-7.65123217
-7.65862381
-6.01988320
-6.61173011
-7.72134197
-7.21976570
-6.92960872
-6.53810744
-6.54288036
-5.75675910
-6.07159048
-7.10247176
-7.93059525
-7.30581899
-7.84465848
-7.72106228
-7.72728889
-6.07993418
-6.80144077
-7.71897361
-7.13810276
-6.50917689
-4.68547447
-6.52020431
-3.09854976
-3.32791163
-5.76263079
-5.51384124
-5.84984957
-5.61033292
-5.07579961
-5.30133669
-5.80884154
-5.93157740
-5.40071812
-5.69443004
-5.81853156
-5.83296315
-5.88069182
-5.47121998
-5.71237108
-5.63466526
-5.83052439
-5.91590024
-5.63124176
-5.55081599
-3.18802360
-2.67752737
-3.13886676
-3.13026763
-3.27492911
-1.18993733
-4.14187333
-5.89996068
-5.49617630
-5.49608743
-6.16375874
-5.92337732
-4.44889225
-5.80577575
-6.07245867
-6.04001815
-5.85418837
-5.83127744
-6.48637304
-6.83123124
-6.78087619
-7.95853860
-4.15549226
-5.88681907
-6.98711686
-5.48358296
-5.74333697
-0.95398129
-1.73798543
-1.27930285
-1.28077506
-1.14440890
-2.19085767
-3.27152734
-4.94397852
-2.14964038
-5.60948877
-5.15484378
-6.73908814
-5.34574809
-4.38909494
-5.82175454
-5.90942030
-6.10555686
-5.97742121
-6.47398803
-5.76863128
-5.59139011
-5.98945409
-6.34598392
-6.28829545
-7.08371984
-6.15963026
-5.87735828
-5.61626688
-5.81644194
-5.92480177
-5.81041958
-5.80752342
-5.96040914
-5.66009221
-5.87714990
-6.66115172
-5.98251009
-5.60333381
-5.98962507
-5.92244107
-5.63066207
-6.14067166
-5.91681509
-6.02423857
-5.97763043
-5.89923815
-6.19451552
-7.27004163
-5.99845965
-7.99610107
-0.91661643
-6.03751711
-5.95718562
-6.61250551
-6.30253471
-5.66652621
-5.63521691
-4.36537268
-1.35158157
-4.37817583
-3.92076548
-4.50684036
-3.72184263
-5.24755874
-4.36829599
-7.53636425
-7.12402817
-7.46090735
-6.70728584
-7.44114418
-7.79986579
-7.88575112
-7.68098338
-7.69541057
-6.67191225
-7.66527584
-7.18595461
-7.53551840
-7.65217484
-6.48242632
-7.10915999
-7.67758435
-6.65481304
-7.19636167
-6.47825048
-7.42230590
-6.65047746
-6.34867803
-6.57440176
-6.47682753
-6.57273783
-6.51863389
-7.49020872
-6.54103616
-7.52424183
-6.54434207
-7.35153705
-7.54689115
-7.08047880
-6.14932363
-6.70813980
-6.33858010
-6.05023109
-5.15986538
-7.17381928
-6.94390910
-7.51572285
-6.69590184
-6.45713342
-6.78466985
-7.05160942
-6.37177043
-6.30668748
-7.04400378
-6.59182575
-7.18219674
-6.49193939
-6.62139969
-6.50154724
-7.99989359
-7.26720117
-6.22035922
-7.73563509
-7.31464288
-7.79768727
-7.67273193
-7.60145490
-7.10689262
-7.19583994
-7.71836578
-7.49096641
-7.11957479
-6.33570658
-6.06297845
-6.53903774
-7.57563158
-5.93358900
-7.35075900
-6.06290868
-6.54058449
-7.58391719
-6.49029625
-6.06242061
-6.66044146
-6.06784266
-7.00455084
-6.41604620
-6.74806171
-5.72202340
-6.04196434
-7.76796775
-5.49896238
-4.93549798
-2.87710830
-4.81475895
-3.88584675
-4.29664111
-4.78749973
-3.94099741
-4.55482182
-3.63871678
-4.99443909
-4.50600307
-4.76438183
-5.72240287
-5.25697686
-4.73456547
-4.61431713
-3.58086903
-4.17036666
-4.75765134
-5.12127081
-4.75468889
-4.71238448
-3.26319631
-2.79972168
-3.23482404
-2.92633563
-1.49829044
-2.33918250
-3.76121724
-3.23306812
-3.82597906
-3.99090608
-2.99659134
-3.89160802
-3.89766129
-3.74313816
-3.46735565
-3.90133122
-6.20034280
-5.54911848
-4.86687729
-4.50643414
-4.65644027
-5.74406728
-4.81961192
-4.21827197
-5.09671270
-5.59234338
-4.91235770
-5.53402014
-5.75008666
-3.95859861
-5.54275666
-6.02757214
-5.59946550
-5.84905166
-5.54362147
-4.59045555
-5.76550870
-4.20924104
-3.90106986
-3.58297208
-4.58431985
-3.43149738
-4.09252612
-3.88949505
-3.72484293
-3.84034061
-4.49559684
-4.55103733
-4.20945565
-5.10481009
-4.33627638
-6.89761339
-4.41492432
-3.32715442
-4.60589014
-4.03546363
-3.85711670
-4.57699272
-3.09767528
-3.25431535
-2.96342889
-2.60470870
-2.65102111
-3.24999172
-1.89095108
-4.45750372
-4.80809241
-4.79681802
-4.48312051
-4.10331308
-4.06407059
-4.86311585
-5.40439217
-4.85955030
-5.56648141
-5.50242789
-4.11033509
-3.30566688
-3.53079998
-2.08931648
-3.46022940
-3.86745727
-3.40948862
-3.92026674
-3.05197051
-3.21837724
-3.08154028
-3.22320424
-3.04881093
-3.49159195
-3.87743380
-1.89295144
-3.47496256
-3.40045274
-3.43889553
-2.99969827
-4.43109476
-3.81366385
-3.62121787
-4.43021888
-2.60281178
-1.47985846
-3.74079420
-3.62309589
-3.82414929
-2.11655798
-4.01285473
-3.50585892
-3.31289600
-3.53892385
-1.91766344
-3.17762368
-3.22763035
-2.25687280
-2.79427007
-2.23964422
-0.49615139
-2.61591959
-3.26156634
-3.43926184
-2.77447923
-3.03476262
-2.87857609
-2.20171076
-3.69443302
-3.75959907
-3.60291246
-2.19515122
-3.46973066
-3.56151143
-3.56386530
-3.54948881
-4.13085301
-4.01078740
-4.38515063
-3.47278572
-2.09055382
-3.55908961
-3.58928515
-3.64228236
-2.58108673
-3.30773581
-3.31559161
-2.90074971
-2.40636790
-2.73800900
-2.72551462
-2.05806602
-2.93942440
-2.20427135
-1.38754644
-1.32049386
-1.52603811
-0.45912433
-2.34973748
-2.45804296
-3.68251338
-3.27539344
-4.05128687
-3.11450093
-3.10645940
-3.34391442
-3.57780051
-3.41959724
-3.47248558
-3.47912922
-2.91159058
-3.28123050
-3.24691951
-4.19526978
-3.81537130
-3.51212295
-3.52708339
-3.36657531
-3.06879717
-3.43340277
-3.42853067
-15.06527208
-14.90841195
-15.75320274
-13.82261594
-14.89042349
-14.06865821
-15.36874241
-13.96044711
-15.02892806
-14.78692699
-13.86216011
-14.88297502
-15.86807159
-14.86411031
-13.85721203
-14.76970929
-14.42176957
-13.77396456
-14.70079553
-13.95201819
-11.94066436
-14.62281481
-14.47900436
-14.57883469
-14.75700549
-15.00172727
-13.82757753
-13.74457433
-14.01961088
-14.68483178
-14.66643324
-13.80185724
-15.34128878
-14.14522078
-13.45940046
-10.61702225
-13.81548788
-13.40852871
-13.52999302
-13.69293530
-13.45971798
-13.69749366
-13.86736495
-14.47739353
-10.88666074
-10.53568713
-10.80576515
-10.88608384
-9.33668244
-9.64168500
-5.18802308
-14.09985568
-15.30640546
-14.35085827
-15.03703699
-14.91305109
-14.37001639
-15.19892668
-14.25873061
-14.26567003
-14.72143643
-14.06732919
-13.92580540
-14.80564843
-14.77996620
-14.73381159
-14.03962543
-14.85973116
-14.20659625
-14.02362886
-15.56574804
-14.80623606
-13.90220091
-13.64776886
-14.60325030
-14.63690460
-14.80773767
-14.81217422
-13.58286686
-15.14616935
-14.39274147
-13.53056964
-14.49051287
-13.61558098
-14.79364436
-14.34332937
-14.44314609
-13.33643383
-14.65242091
-13.48338213
-11.32942015
-8.53723957
-14.33891013
-10.86845638
-13.40061686
-13.04814151
-11.02849354
-14.92991962
-14.17830076
-13.47865154
-2.98162640
-2.88052540
-2.77579549
-4.41440912
-3.43110318
-3.66199527
-3.63245153
-3.72596893
-2.76867181
-2.86144817
-2.71578364
-2.71527090
-3.14559676
-2.94958603
-2.91884949
-1.27183777
-4.20965755
-3.32780283
-3.32007058
-3.57133948
-1.89488882
-2.04974386
-3.58900462
-3.49865975
-3.28110579
-3.38254978
-3.38197587
-2.65223020
-3.13681348
-2.74883636
-2.95716762
-2.51728182
-3.46175244
-2.57188762
-3.33262489
-2.94912930
-2.87564997
-2.91234041
-2.85274559
-2.84070183
-2.59119639
-2.93128125
-2.74839922
-3.11183373
-2.55931585
-3.72920575
-2.58361768
-3.12540966
-2.57574519
-2.80699276
-1.56918947
-2.87131188
-2.81661103
-2.68218332
-3.25726075
-2.87625032
-2.71078978
-2.70540379
-2.90114250
-1.73185357
-4.11432652
-3.93050715
-2.71680085
-3.02713336
-2.84179207
-2.82898231
-2.60949939
-3.00106093
-2.91460598
-3.01068493
-2.61403132
-2.79345342
-2.98188303
-2.74309225
-2.60293958
-2.81071026
-2.93548524
-2.85780446
-2.75141440
-2.85207636
-3.06966836
-3.10829348
-2.28380203
1.33400443
-0.39622331
-0.80465091
-1.61577026
-1.24738823
-1.58365962
-2.21081051
-2.46031060
-3.88954673
-2.99379031
-2.83567867
-2.93352800
-4.35205232
-2.69734170
-4.29809985
-2.83746385
-3.10296067
-5.78254562
-5.65441129
-8.70203579
-8.41768594
-8.28174962
-8.72981477
-8.71619101
-8.51241297
-8.54205354
-8.55050903
-8.58434000
-8.50384282
-9.75753490
-8.78671969
-8.57532531
-9.59773003
-7.72808104
-9.07594847
-9.27342350
-8.72030224
-8.10801300
-9.24184920
-9.33376892
-9.27783214
-7.71712273
-9.41294935
-9.45100200
-9.49294619
-8.82351968
-9.63104007
-7.57491016
-6.17162636
-6.32955500
-6.95999119
-8.53294946
-8.87197845
-9.14442498
-9.39890417
-8.74090759
-9.34724746
-7.88629133
-9.38454087
-9.23836722
-8.60427016
-8.87996317
-8.93208904
-9.40436120
-8.78264803
-9.13888617
-8.71508795
-8.37006195
-8.66547578
-8.27683795
-7.62199364
-8.64112798
-8.95098770
-8.78820294
-9.11574288
-9.35463182
-8.55696151
-8.57390314
-8.57225472
-8.84194704
-8.75791370
-9.41245936
-7.69222386
-8.55923650
-8.57816040
-8.71125341
-9.37283049
-8.98990332
-7.69913379
-8.58223126
-9.53769576
-9.28484529
-9.40560428
-7.94217156
-6.54375767
-9.33678972
-8.78353076
-8.60421463
-9.12593231
-8.32319795
-7.78472239
-9.27677525
-8.63871126
-8.77505623
-8.73367411
-8.26912437
-8.79134735
-8.73964246
-7.51187862
-9.11022628
-8.06690044
-8.45241214
-9.59309241
-9.55110039
-9.24685721
-10.00283452
-8.94584515
-7.24756308
-8.08797659
-6.10280314
-6.07653585
-6.20581125
-7.15484535
-5.93703499
-6.19071311
-6.83111058
-6.09530776
-7.87217549
-7.08575669
-7.67961022
-7.36217880
-5.97896888
-5.91873532
-5.10411969
-3.31578026
-5.09608627
-4.56952883
-5.47923596
-5.98133338
-5.96404788
-6.98558707
-7.74211439
-5.54298383
-6.71614138
-6.49059729
-7.04615611
-5.90141258
-6.82687255
-6.80170074
-6.93998040
-6.91308537
-6.33305462
-6.64204028
-7.02292028
-6.85389725
-6.81391342
-7.63123355
-6.75554502
-7.25326012
-7.25241496
-7.25349467
-6.11956608
-7.49338949
-6.26363259
-7.09276816
-6.41384731
-6.38033710
-7.10256885
-7.83216275
-6.41603450
-7.01147662
-6.22496446
-6.48422964
-6.72199185
-3.70600559
-6.04509024
-5.95500266
-5.91938385
-6.90593567
-6.14047701
-7.38755729
-6.17087141
-7.01273183
-6.09922954
-6.20967086
-6.28221740
-6.47475145
-6.34669748
-7.07677296
-7.11879993
-6.95976753
-5.95384385
-6.11517397
-6.46095874
-6.00031629
-6.12327168
-6.14687159
-7.69127504
-6.13501242
-6.11007980
-7.34927744
-7.43104229
-6.92355846
-7.33791826
-5.77851191
-6.59234486
-7.18367707
-6.66089292
-6.45299938
-6.97154550
-7.51465624
-7.39465819
-6.82220195
-6.28429223
-6.97094405
-6.49185421
-7.12419585
-5.96800206
-6.33811038
-5.96113375
-5.98766658
-5.62210587
-6.10465061
-6.00033154
-6.72534019
-5.42610808
-5.88590964
-4.85779046
-5.27012815
-6.15714430
-6.42775837
-6.32096253
-5.57095311
-6.24249167
-6.29644243
-5.22726308
-6.18897440
-6.36964947
-5.85813355
-5.41189131
-5.94567650
-6.49538834
-6.05059244
-5.02982145
-3.31406556
-5.00650454
-5.20091298
-5.16819024
-5.53030385
-6.14111883
-4.40426584
-5.89309451
-5.09948693
-5.36778562
-6.19756151
-5.21473324
-6.10137924
-4.70292841
-5.49925776
-6.50624950
-5.71738734
-6.11991120
-4.96647799
-5.17776969
-6.24525359
-6.25352845
-5.10748907
-6.45316303
-5.26473748
-5.29301385
-6.17524324
-5.86652872
-5.27233110
-4.90425335
-5.76197727
-5.93506446
-5.91237656
-6.15693544
-6.36499841
-6.05811647
-5.77099757
-5.33246341
-4.72436396
-5.59511054
-5.91250563
-5.72580304
-4.92352486
-4.98520863
-4.92283963
-5.85635858
-5.74260471
-6.35728998
-5.30966083
-4.89372637
-4.83764602
-4.38766265
-5.64999298
-5.15537418
-3.58674047
-5.43910520
-5.85767522
-4.89048392
-4.44018538
-5.95618586
-5.26292043
-4.85226137
-6.00109897
-5.61942949
-4.75610164
-6.11393068
-5.24055309
-5.52654996
-5.46832056
-4.69129413
-4.86795461
-5.63629729
-6.37854561
-2.86431155
-3.28306283
-3.21205989
-2.73867105
-2.69156173
-2.91380326
-3.16797909
-2.78853451
-3.31990894
-1.78279362
-2.16579576
-2.51913234
-2.30887602
-2.28212768
-3.19394205
-2.00632037
-2.43322774
-3.10579904
-2.96120212
-1.99907429
-1.76378433
-1.36816390
-1.43659942
-1.52093736
-2.13172391
-1.68966308
-3.23214715
-2.10799084
-2.21479346
-3.50426115
-3.23850409
-2.47059736
-2.72399745
-2.95532092
-2.56616229
-3.08753763
-2.89508990
-2.51546749
-2.99797644
-3.18322692
-3.36555213
-1.24838340
-1.92858753
-2.16728946
-2.43598038
-3.67073152
-2.72838300
-2.42115880
-2.73465770
-2.51237314
-2.53293037
-3.21132690
-3.36635386
-2.76696228
-2.85434920
-3.08015563
-1.91626909
-3.29625518
-2.33876857
-3.45415620
-2.99395745
-3.72019648
-4.03870706
-3.47860598
-2.53325910
-3.52984973
-3.49465880
-2.54335572
-1.89758051
-2.37818069
-1.93230605
-1.68918829
-2.30166133
-2.22858161
-2.84278053
-2.39140488
-3.72610994
-2.74329029
-3.38005794
-2.18085250
-2.40431252
-3.19330468
-3.21239774
-2.94980514
-2.21177774
-2.85362439
-2.89164905
-2.37461563
-2.54515734
-3.37779277
-3.58203900
-3.89658470
-4.46659851
-3.07198439
-2.69036774
-3.85052163
-2.76803556
-2.60740790
-3.35770372
-2.90871163
-9.28499393
-9.36728820
-9.75066643
-10.61534248
-10.51608124
-10.99836049
-10.72133390
-8.76194815
-9.96670615
-9.17983630
-10.04411927
-10.14434693
-9.39615229
-9.69338926
-8.87209751
-9.92244698
-9.27295174
-8.99226318
-10.97015537
-9.82117915
-10.40057104
-10.28103199
-9.55961522
-9.10787100
-8.96338530
-9.97281662
-10.72040328
-9.37526643
-10.89115377
-9.77811507
-9.57811832
-8.72564111
-9.41331194
-10.13877288
-9.08884086
-10.93887911
-9.88357249
-10.92824338
-9.83138639
-10.41393225
-9.56142813
-9.26670914
-9.02070884
-9.24713986
-10.06070387
-10.01941998
-9.73577876
-10.46021576
-9.18600228
-9.29581302
-8.97300891
-9.35377330
-9.93850719
-10.99855576
-10.17124939
-8.90035101
-10.02779320
-9.05318093
-10.21647400
-10.07210868
-10.99102109
-9.25120436
-9.11124799
-10.28290923
-10.06771544
-9.94561386
-10.10808801
-10.09479511
-11.12568113
-9.67477040
-10.30843888
-8.90993524
-10.01425958
-8.73813992
-10.69950910
-10.70718526
-9.74208010
-8.83441066
-8.55858132
-8.57589474
-9.15702341
-9.09849162
-10.88773334
-10.91335274
-10.87533210
-10.03907800
-9.97807828
-9.06561697
-10.28951960
-9.16126195
-8.98144167
-10.03547209
-8.57974072
-10.82839690
-9.91062225
-10.82334747
-9.97354599
-9.34387384
-9.26708491
-11.00480731
-8.08319156
-7.81723170
-7.83066210
-8.06271409
-7.96869500
-8.36449272
-8.47255524
-7.80760826
-7.87077873
-7.59953476
-7.46411650
-8.36324541
-7.79776887
-7.79366630
-8.49662990
-7.74802071
-6.62234131
-6.89838362
-6.79133555
-6.57751468
-6.51701051
-8.17660882
-6.40583351
-6.60499414
-8.03237453
-6.01352551
-8.00030712
-7.27881830
-8.83893668
-6.25493370
-7.52995294
-7.20679742
-5.88696312
-5.90208073
-5.27273419
-6.02845760
-6.09346681
-7.76173409
-6.07618320
-7.91330402
-7.90545953
-6.61565431
-7.71440991
-7.93675955
-8.15654724
-8.26221872
-6.71792533
-8.33597450
-7.66057526
-7.71345530
-7.83425703
-7.95848926
-7.69935506
-7.83032812
-7.59001279
-8.47955782
-6.84986609
-8.50478001
-6.85876338
-6.87187944
-6.85704728
-6.40198041
-6.52081677
-6.61269260
-6.62882796
-7.26808517
-6.60593817
-6.38424619
-6.34926622
-7.71164415
-7.50246766
-6.07119659
-6.02703856
-6.16245278
-6.02785478
-7.32846859
-7.43079146
-6.16729088
-6.98050782
-5.18400194
-5.62200814
-5.16186453
-5.26913425
-6.65269866
-6.95274066
-5.61958989
-6.11271526
-5.41260406
-5.53372936
-7.60783851
-7.94556283
-8.10621216
-7.90208210
-7.64945125
-7.91367740
-7.97495935
-7.52192506
-6.63994089
-7.83120730
-7.91793609
-3.87325378
-3.92726709
-4.60165147
-4.15668688
-3.86278985
-4.19785949
-3.92915303
-4.28113225
-4.09623994
-4.03779360
-4.44031409
-4.41289044
-4.15832278
-4.83952186
-4.39511178
-4.03857386
-4.46891357
-4.56879043
-4.30771539
-4.37939832
-4.85158026
-4.08672933
-3.64028827
-3.69809970
-3.54197094
-3.72922755
-3.68574671
-3.83547243
-3.74920843
-3.44031644
-3.59715221
-4.71852114
-4.33043273
-4.49682769
-5.11874536
-4.49834266
-4.30446561
-4.43423794
-4.18109255
-4.32908201
-4.70525540
-3.20631518
-3.55646826
-3.17393234
-5.63610338
-4.47491254
-4.35705711
-4.82396191
-4.83824611
-4.85603664
-4.52711952
-5.76521249
-5.08918477
-4.60354932
-2.09411056
-4.26132522
-3.98095933
-4.50075974
-4.79585219
-4.42798213
-4.06195751
-4.33256762
-4.04448221
-4.26683715
-4.36151316
-5.25919660
-4.67261008
-4.25345771
-4.64061739
-4.26496016
-4.20063420
-4.57529067
-4.56196984
-3.11709603
-3.71455056
-3.13096255
-3.42827872
-3.88746478
-4.47575252
-3.33641329
-3.73880325
-3.99217638
-3.88156850
-4.48580898
-4.26079607
-3.67284823
-4.70858301
-4.36423170
-4.37795131
-4.35636924
-4.67577811
-4.37890028
-4.15186324
-4.58378045
-4.76019291
-4.62562317
-4.78496841
-4.67500437
-4.73327346
-5.06058852
