-13.77664513
-13.74146918
-14.21129617
-12.80475815
-13.14298553
-14.16796519
-14.16209216
-12.98514356
-12.58888299
-12.42952768
-14.11338917
-13.68003553
-14.10656133
-12.41111165
-12.92813711
-13.70850706
-13.13857592
-13.09498408
-12.67968555
-12.08519576
-13.09645418
-12.07966849
-13.06162771
-12.96880737
-11.82536156
-13.61583215
-12.89493086
-12.69567296
-12.77941766
-14.02495949
-11.43355829
-11.65262022
-13.76468929
-12.38237357
-11.85597063
-12.64035587
-12.18525002
-13.00419105
-12.67615193
-14.18504644
-12.97840934
-12.82885467
-12.47616838
-13.16562094
-14.22277635
-14.18682609
-14.19474619
-12.70139398
-13.38596388
-14.21801388
-13.10440755
-14.13995821
-14.15989463
-12.92764232
-13.70607365
-12.91734188
-12.51351598
-13.08708022
-14.18035063
-12.99658036
-13.04468375
-12.15821482
-12.78865333
-14.08456208
-12.47683701
-12.84889836
-12.86087900
-12.05183195
-12.43012372
-12.42036821
-13.55473506
-13.64376145
-12.48128403
-13.09432878
-13.52488986
-12.85237258
-13.07998045
-12.86961790
-12.92894422
-13.95258045
-12.58704665
-13.75084513
-12.44715749
-14.17813922
-12.67454206
-14.17858284
-13.78059661
-12.73864151
-12.98529662
-12.73215629
-13.18374196
-14.20936137
-12.82158904
-12.73708457
-12.58727551
-14.20431210
-13.75059534
-12.84908356
-14.20378284
-13.07228030
-13.19886145
-12.87459615
-12.88089473
-12.74620477
-12.69595534
-12.75687767
-12.81434670
-12.76061373
-14.42095941
-14.41496262
-14.85733864
-14.68941018
-15.24127192
-13.77634225
-15.06356588
-14.67752946
-13.57239362
-14.69349693
-13.71236848
-14.66241059
-14.35725613
-12.63929168
-13.14827221
-12.91800951
-12.55625161
-12.47939429
-14.23601668
-13.12597783
-13.45683588
-14.55947621
-14.59850059
-14.95453384
-15.42389248
-14.89019673
-14.83822591
-15.38174904
-15.40647696
-14.53422482
-15.74535830
-15.27733600
-15.32343119
-13.97091487
-14.19699130
-14.35939473
-16.38538331
-15.52857731
-14.85469771
-14.97067964
-14.89121546
-14.92203975
-14.59685595
-14.53138486
-14.52039197
-14.48059238
-12.93308454
-14.45498557
-14.65857509
-14.70517525
-12.80038835
-14.47341291
-14.55329067
-14.65782836
-14.83549909
-14.71083000
-14.89363308
-13.38871516
-14.71749623
-14.73086834
-14.14478544
-12.21607330
-9.58855296
-10.09394946
-12.44166793
-12.61952684
-14.06645968
-12.71385279
-12.76139844
-14.32698317
-12.71265715
-13.20975243
-12.77082760
-15.12518064
-13.32665127
-13.73566582
-12.76486792
-15.41664014
-14.51725507
-14.70186600
-15.39077148
-14.43283942
-14.91514310
-13.35650475
-15.32546958
-14.74030635
-15.62517026
-14.84912238
-15.24689681
-14.60164153
-14.80579958
-15.60896165
-18.57629752
-18.43954084
-18.59575856
-18.35128301
-18.67478578
-18.61367050
-18.82075351
-18.03033686
-18.14244636
-18.39216437
-18.37878950
-17.88045801
-18.09169419
-18.18942529
-18.51617889
-18.41364671
-18.08612903
-18.09473956
-19.04905937
-17.59489196
-17.93948901
-18.24359969
-18.03722084
-18.06747595
-18.13109096
-18.64277694
-18.64179896
-18.12053409
-19.04735106
-18.56274658
-18.64876776
-18.63529919
-18.75886013
-19.06518782
-18.23557982
-19.07621764
-18.37229908
-18.84048606
-18.50391296
-18.67243488
-18.67913989
-18.19796316
-18.18513555
-18.35603404
-18.66542989
-18.10730986
-18.31220864
-18.14931877
-18.67204583
-19.04228766
-19.09055538
-19.24992741
-18.33022467
-18.75325728
-18.98345237
-18.22342122
-19.12800812
-18.18923201
-18.53039826
-18.23089471
-18.68288313
-18.65578989
-18.63105911
-18.82303008
-18.50202351
-19.15451813
-19.08310078
-18.38667952
-18.72520479
-18.85925807
-18.69663383
-18.09345802
-19.28039875
-18.18652424
-18.84981087
-18.33672252
-18.98090160
-18.67657374
-18.39254605
-18.34268284
-19.03917224
-18.57957751
-18.29232248
-18.63664696
-18.21377826
-18.51117291
-19.04672190
-18.47928057
-18.57330726
-11.71995325
-18.19352495
-18.09795639
-19.16817010
-18.50306447
-19.22861041
-18.38769572
-18.81283395
-18.66885776
-18.34473231
-18.80505444
-11.52828074
-11.97967090
-10.51301066
-11.27027487
-12.05188656
-11.27160395
-11.14251967
-10.87455090
-10.90605726
-10.23510838
-10.40202235
-9.75128245
-8.21445736
-11.88297048
-11.02701025
-11.95870050
-11.89733432
-11.37067289
-11.30219131
-10.38117460
-11.14487264
-11.98488548
-11.18752980
-9.45207654
-9.37476613
-9.61512889
-11.94243282
-12.00042981
-7.38501266
-8.16062622
-10.96649799
-11.16588320
-11.42356613
-5.97229481
-11.84106487
-11.35790596
-11.17104752
-11.25847571
-12.15779599
-11.10521225
-11.42709462
-11.21759695
-10.67244149
-11.03238521
-11.89585142
-11.83661737
-11.22625210
-11.90975570
-11.87066544
-11.82387155
-11.37247368
-11.58962484
-11.49837727
-12.07586446
-10.39632754
-11.89468527
-10.89811374
-11.75873117
-10.99843437
-7.55156224
-8.55631843
-7.13542938
-6.77570311
-5.90131835
-5.72575011
-11.46775736
-11.54145157
-4.78691687
-4.36101874
-5.75664783
-4.49448177
-4.59748800
-4.11119278
-11.08745471
-11.07830760
-11.36838016
-11.15320034
-11.30237445
-11.97280256
-9.61661272
-8.70126872
-9.43630026
-9.11119738
-11.77145394
-11.82800506
-11.29084986
-11.97713600
-10.54092996
-11.05564622
-9.66776905
-8.21273414
-11.34781950
-11.85725663
-10.99343223
-11.25182949
-11.13286207
-7.24878360
-11.47883495
-7.35812246
-11.55058365
-17.00014314
-16.49295942
-16.55393700
-17.01064241
-15.54792693
-15.43709234
-15.90726174
-16.02861681
-15.19030625
-14.36484861
-13.92101961
-14.22650810
-15.24201699
-15.47131578
-17.08102039
-16.92899974
-16.69763442
-16.18326984
-15.83482380
-15.55434899
-15.70650021
-16.66796537
-16.49728036
-15.04544151
-16.02033924
-16.41979588
-16.02693220
-14.44566527
-15.40710001
-16.93190736
-15.82595635
-15.86942469
-15.66291247
-14.04655977
-15.30276875
-14.98023582
-15.08199235
-16.41349292
-15.00824549
-16.92140563
-15.58725953
-16.99135050
-17.07025603
-16.96207433
-17.11802634
-15.15907432
-17.04317075
-15.14930598
-15.07169125
-15.05215243
-15.10484104
-15.07857910
-16.47544264
-16.40022583
-15.29903119
-15.66136963
-15.59087879
-14.19453063
-15.87567882
-14.07809407
-15.71363792
-16.19550773
-15.66145334
-14.44816368
-15.58578459
-13.51556815
-13.35054578
-13.79856045
-15.00246884
-13.27271414
-16.52724366
-16.91757962
-16.94513117
-14.61751644
-15.62561158
-15.10262937
-15.03494598
-15.96877425
-15.54211915
-14.55567884
-15.38423895
-15.93595396
-16.49699482
-16.47661221
-15.31161450
-13.94436727
-15.67395654
-15.63219623
-16.21860201
-16.46944382
-15.06801909
-16.93368644
-16.07534103
-16.63653732
-15.08344452
-16.93439026
-16.94887059
-16.61373335
-16.95458997
-17.02637634
-13.53916027
-13.91285944
-13.18312015
-12.05763165
-13.29262284
-11.96484366
-12.71832923
-12.86996880
-13.52475281
-12.99325854
-13.10168191
-14.27963821
-13.49981001
-13.04957341
-13.00715084
-13.09903212
-13.09313876
-13.95329742
-13.17207875
-13.07367299
-14.06398628
-14.25977119
-13.90083053
-14.11891061
-13.48814821
-14.57221058
-11.94948279
-14.69721673
-14.65441790
-14.31255295
-14.21167389
-14.44807034
-14.07982097
-14.42457669
-14.14850292
-14.08869634
-14.39371585
-13.99932173
-14.42930003
-14.64774592
-14.63732019
-14.17546648
-14.07593078
-14.07338994
-15.22111655
-14.04876932
-14.12963307
-14.23929334
-13.96595255
-14.14944215
-12.76540302
-12.41553864
-12.41329554
-12.29506833
-12.95062690
-12.18631085
-12.36733042
-12.17047536
-11.14579353
-12.40756870
-12.94064205
-12.97162995
-12.80832428
-12.98944161
-12.11659493
-12.09475610
-13.38893798
-12.23448307
-12.76713980
-12.84438367
-14.58450172
-14.18906400
-12.78612488
-14.06231462
-13.89650293
-13.80708402
-14.06463045
-13.87902810
-13.00276736
-13.93027161
-12.87695537
-14.36051288
-14.10881889
-14.05228750
-14.20894908
-14.22272717
-13.96019310
-12.96470597
-12.91566638
-13.49498407
-14.51641592
-14.19147578
-14.06743989
-14.24783197
-14.23232430
-14.03852583
-15.25297919
-14.11618044
-15.26077609
-14.20072732
-18.94706270
-19.04522488
-18.83708662
-18.91396805
-19.04924406
-18.56597369
-19.24142862
-19.14477315
-18.89382214
-19.15709158
-19.13485559
-19.05016974
-18.92440036
-19.08425288
-18.75491479
-19.00786316
-19.00143385
-18.95700407
-18.75197721
-18.92755288
-18.54385405
-18.99589903
-18.94638658
-18.60712073
-18.75356625
-19.07486025
-18.83863196
-18.52566028
-18.82295895
-18.34837838
-18.64921006
-18.54658386
-18.95821162
-18.92249257
-18.80987011
-18.35691365
-18.60512075
-18.68541820
-18.73360157
-18.71701169
-18.71651150
-18.62451912
-18.92067237
-18.79140909
-19.34393810
-19.41171426
-19.31469042
-18.98625664
-19.05255896
-19.13551002
-19.38365939
-19.42317265
-18.27170263
-17.98490890
-17.82366615
-19.03204263
-18.81171494
-11.98542812
-18.80868012
-18.98389586
-19.12361547
-19.04096522
-19.14434785
-18.94143251
-18.86781826
-19.07746334
-19.15110889
-18.80276533
-18.69415435
-19.09333911
-18.84885702
-18.76729805
-18.80989906
-19.01523495
-18.94177437
-19.04742692
-18.97052645
-19.01840140
-18.74060382
-18.77006219
-18.62479858
-18.72031404
-18.50093957
-18.55700427
-18.71235522
-18.83595250
-18.62867370
-19.17571632
-18.82014766
-18.81130361
-18.48058056
-18.48564640
-18.62115554
-18.69914781
-18.39709043
-18.56286673
-18.71218825
-18.54098985
-18.62627468
-18.95052838
-15.46768258
-15.46750071
-15.28552276
-14.87385455
-15.36866598
-15.15497699
-15.20214075
-14.62553072
-14.93308968
-12.61051308
-14.96347172
-14.01096714
-15.24267339
-15.16943294
-14.35947622
-14.40763410
-13.26840488
-14.17160297
-15.14246912
-15.02431207
-15.23600012
-14.60958541
-15.28669488
-15.21856521
-14.28396224
-15.46274906
-15.33478592
-15.24181984
-15.05511447
-15.39064741
-15.25822104
-15.34687183
-15.20747648
-15.25889602
-15.07341383
-15.61406717
-12.93063551
-15.36907142
-15.03518404
-15.08144663
-15.01259238
-15.00573249
-15.07371407
-15.12601929
-15.10934294
-14.95452940
-15.06545286
-15.15685618
-15.11582500
-15.32488415
-15.93080466
-14.23393727
-14.87715080
-15.86461872
-15.24604256
-15.34632252
-14.87749038
-15.20833555
-15.27035722
-15.00214331
-15.12992291
-14.87743233
-15.58278182
-15.32144280
-15.32031145
-15.35838559
-14.14235636
-15.03813362
-15.00371638
-14.97657182
-14.13542539
-14.57776595
-14.46950331
-14.93844316
-13.43709396
-15.11283915
-14.34215476
-15.32969546
-15.26791003
-15.34017607
-15.25694558
-14.96887865
-15.25804543
-15.27625578
-15.39683337
-15.21706288
-15.24882072
-15.30390558
-15.40715000
-14.99504865
-16.13714483
-15.27162737
-15.22754915
-15.07175867
-15.04253378
-14.91279154
-14.99239491
-15.76546525
-16.40455709
-15.40422941
-13.17660066
-14.44763784
-14.01833937
-14.39031614
-12.85999541
-13.47456082
-11.27867984
-14.75221411
-13.65751567
-14.24483186
-15.45069281
-14.39169309
-14.45194035
-14.91148978
-14.47269499
-14.91791883
-14.89043953
-14.38443457
-15.42917003
-14.32525669
-15.33107820
-14.37308738
-14.53850042
-14.37303891
-15.27200062
-15.50869771
-15.09425053
-15.20446089
-15.20826314
-14.85288161
-14.72094185
-15.18582183
-15.14738366
-16.46863608
-14.09991059
-15.03234002
-14.82037226
-15.36622618
-16.57589033
-14.69470754
-15.78661816
-14.51410967
-15.48842873
-14.47296988
-14.65177102
-14.59691727
-16.52359082
-14.97675426
-15.48341048
-15.25728645
-14.37634499
-13.19103056
-14.33229637
-14.18836696
-14.26412300
-14.48719442
-14.16688868
-14.32297096
-14.61161039
-14.75707365
-14.94483851
-14.64925315
-14.93011607
-14.21221396
-14.68139774
-14.98173812
-14.47391315
-14.90339212
-14.53366461
-14.99754650
-15.56635344
-14.26405915
-14.57230918
-14.42862451
-15.55907643
-14.34510667
-15.55797012
-14.45559954
-14.94366788
-15.09579216
-15.54906524
-15.53900436
-15.70085242
-14.70122237
-15.02846440
-14.46481155
-14.93672426
-14.69552745
-14.72290746
-15.70353469
-15.89625302
-14.53299562
-14.73206384
-14.95018691
-15.43870105
-15.02744891
-14.87473128
-14.15144570
-14.03056385
-14.33084343
-9.68101536
-10.63245942
-10.44244393
-10.27316731
-10.38975621
-9.59530491
-9.64076720
-10.51117996
-9.89771425
-10.01699548
-9.66590413
-9.73827389
-10.46975912
-9.31128319
-8.93411616
-9.21819293
-9.81319558
-9.35596388
-10.35398056
-9.32778622
-8.85602613
-9.87591070
-8.97168233
-9.26449375
-9.54134872
-10.06579399
-9.38131419
-9.32465121
-9.67550534
-10.56182830
-9.68511736
-9.19730305
-8.95015229
-8.59090815
-10.03873473
-10.01596240
-8.88787599
-9.36310394
-9.86248640
-8.13693656
-9.02723797
-9.59370010
-9.95648178
-9.17837076
-9.25147899
-8.84871926
-8.50682445
-7.18533997
-7.93735547
-9.58500784
-10.10857242
-10.37245425
-10.27413416
-10.51918959
-9.04067172
-10.84049840
-10.31135061
-10.95647094
-10.06722663
-10.11252079
-9.69382983
-9.31929553
-10.37912809
-9.12113309
-9.40002718
-9.77293002
-10.46538517
-9.88561793
-9.41652079
-9.28113817
-10.43432220
-10.81060037
-10.80864475
-9.87939315
-10.56253311
-10.28647074
-9.32296895
-9.31019493
-10.35407128
-9.25044720
-10.42278986
-9.49885110
-9.79534932
-8.60540870
-9.17899740
-8.44715319
-10.39799983
-10.47144178
-10.18226368
-10.75605694
-10.30975133
-10.11075753
-9.81468678
-9.65337303
-10.65731346
-9.78581469
-10.35959158
-10.73667247
-10.66180553
-10.42507332
-14.56261839
-15.85725422
-14.36197434
-15.86593019
-14.77886952
-17.24823258
-16.97025401
-16.60141378
-16.16059957
-17.13439684
-17.06499854
-15.98370242
-16.69312914
-14.99485465
-14.62142929
-16.14242178
-14.85895861
-14.78055590
-14.81415798
-16.27283942
-14.65499357
-14.93226164
-14.74198362
-16.34674460
-16.53581703
-15.25465375
-15.08690825
-15.24743385
-14.30103205
-16.13444477
-15.94921755
-14.92962859
-15.23479847
-14.99728914
-16.16746110
-15.07818096
-15.73580665
-15.59650430
-16.86241977
-16.77045787
-15.76600076
-16.15352392
-16.90345058
-15.99976767
-16.52875884
-15.81076349
-16.47881875
-15.70442248
-16.71565932
-15.63854255
-16.81570164
-17.63593490
-17.08381146
-17.61049803
-16.65799565
-16.07125918
-18.17515542
-16.61660201
-15.90257036
-16.00674758
-16.98942654
-15.74710995
-16.88562658
-17.01243670
-15.34267348
-15.67187996
-14.90316062
-14.90810508
-14.43299910
-14.82813298
-16.29354525
-14.96636577
-16.77356545
-14.89643387
-14.94835347
-16.28116560
-16.02923826
-16.22774771
-16.16555675
-17.53523591
-15.35464230
-15.23074092
-16.83446880
-15.60727566
-17.56920891
-16.19379247
-16.19249768
-16.21842684
-14.66037829
-14.48589118
-15.56616485
-15.62807512
-18.07268980
-16.12922649
-15.62996435
-15.83981106
-16.86778806
-17.49085381
-15.77314043
-18.07522700
-12.34263705
-12.45734142
-12.40026946
-11.46850251
-9.93584266
-9.57060322
-9.47365063
-9.05779130
-11.72187947
-12.41190563
-10.42617658
-10.59711820
-11.11980457
-9.63556958
-12.30774644
-9.41977292
-12.35475200
-9.55872457
-9.78044680
-12.27928323
-11.94188044
-11.46835078
-10.02787745
-12.31549792
-11.99156285
-11.69776340
-11.70338203
-9.98398811
-12.31053153
-11.69030680
-12.32089318
-12.17577836
-9.99426502
-9.06309500
-12.14681445
-8.95161453
-8.88041978
-9.74434912
-11.35368503
-9.04705408
-10.14675988
-9.16084455
-9.92793488
-10.26775370
-11.40499792
-11.45650629
-9.17599783
-10.48708699
-9.15039357
-10.06346891
-8.80898771
-6.47744255
-12.29418061
-12.28703173
-11.64402485
-11.49287221
-11.58061691
-11.08005818
-10.94681700
-12.34506136
-12.18441064
-12.16280029
-12.15028577
-11.87625965
-10.50412292
-8.96005946
-12.14623275
-9.11769252
-8.80940632
-9.41878908
-12.23890318
-11.45803968
-10.25754553
-10.28545374
-10.35156070
-9.84515881
-9.42193273
-11.87652726
-12.29092821
-10.07078846
-12.31624393
-9.38305640
-8.66035809
-8.77642443
-8.79649068
-6.69225629
-8.33899780
-8.93852778
-9.24945020
-12.04406659
-8.79192802
-11.74406694
-11.64355968
-12.41178781
-9.40228309
-11.99720002
-9.29174822
-9.40918870
-11.58253385
-12.29188726
-12.66855035
-13.90178662
-12.39464193
-13.34825006
-12.98484194
-12.58239946
-12.89238971
-12.88868428
-13.55151185
-14.16034329
-13.04579228
-12.69590766
-13.09784828
-13.76753871
-12.70795557
-13.17056792
-11.84340323
-12.63930615
-12.62889593
-13.09262953
-12.31349075
-12.11988033
-12.45823063
-11.78555175
-12.83991506
-12.12831366
-11.27116261
-11.59832121
-11.28690580
-10.89000935
-11.61635363
-10.89737976
-9.63586960
-12.74824789
-13.64526143
-13.53373179
-13.08464120
-12.39812850
-13.49468817
-12.88145071
-13.68390052
-12.78756423
-12.83291644
-12.94945482
-12.56368328
-12.82451502
-12.83509551
-13.12059245
-12.90067552
-12.32613781
-12.84682010
-12.63435002
-12.80420482
-13.70670035
-13.67356376
-13.67049720
-12.90624310
-13.34003721
-13.56298311
-13.48670507
-13.19098975
-13.83755082
-12.43845016
-12.48241210
-11.82793993
-12.97309202
-11.67151687
-12.03278446
-12.07401831
-12.22799786
-11.62777410
-13.68236656
-13.38782673
-12.61307528
-12.77918518
-12.70793222
-12.82417619
-12.92226266
-13.98022844
-13.62873806
-12.88599625
-13.39913920
-13.23584835
-12.53732799
-12.61895573
-13.26958381
-12.75353585
-12.56205879
-13.61681109
-11.62316636
-12.53457021
-11.50298755
-13.22296838
-13.71043597
-13.57362673
-12.80662725
-12.97301936
-14.27218418
-13.62727376
-13.65266451
-9.78754255
-10.31547213
-10.77303976
-10.76866704
-10.16583704
-10.19043698
-6.59230893
-7.75954593
-8.59106108
-7.87604074
-7.80622639
-7.41382461
-6.80161562
-6.73946265
-7.30058203
-10.31328452
-10.15660829
-8.52530308
-8.65560795
-8.61791385
-9.94708511
-9.61505066
-9.79928059
-9.24550132
-10.19106739
-9.14387381
-6.10113967
-5.50933580
-5.90782822
-6.22738525
-6.58057692
-5.59632256
-5.66559016
-5.47409016
-5.01411644
-10.28902671
-10.23047960
-10.45416870
-10.21125929
-10.29258330
-11.33844545
-10.29943204
-10.02478016
-9.85696889
-9.96129473
-10.37572321
-10.26510558
-10.16243740
-10.37488513
-10.48201089
-10.32166216
-8.81096695
-10.31306229
-10.35990123
-6.98761824
-9.61859904
-9.42148610
-8.60342389
-9.28989571
-9.29062351
-8.39533748
-8.28012741
-7.86326864
-6.26188386
-9.23579097
-8.90620794
-9.29342277
-9.97151197
-9.84356223
-9.70599574
-9.93529327
-9.92183785
-9.59867064
-9.79739558
-7.27686887
-8.16055210
-3.79369504
-4.76993535
-5.44168478
-4.55752453
-4.75062142
-4.65630964
-5.87399280
-7.67292430
-7.47065251
-5.97206126
-7.91541551
-8.27290521
-8.33362897
-6.92252794
-6.85978448
-7.62292467
-7.84314384
-8.42783946
-9.73869684
-10.36272553
-8.33058177
-8.33526849
-6.56588092
-7.64291040
-7.58362660
-7.59911177
-7.54340269
-7.54307082
-7.20442140
-7.65211555
-7.60438504
-7.67551857
-7.37090247
-7.04178737
-7.81414935
-7.64578512
-8.21239624
-7.11497289
-5.89060045
-6.90726390
-6.94344244
-6.94487211
-7.07809233
-7.28148327
-7.60420440
-6.94656230
-7.10485221
-7.32119308
-7.14981808
-7.14455774
-7.14455774
-7.14455774
-7.14455774
-6.90572381
-7.35169997
-6.82861694
-7.56840676
-6.77709757
-6.16858835
-6.77806676
-6.16488986
-4.74958864
-4.85190579
-5.78453093
-4.89204393
-4.86465668
-7.50148973
-7.83514847
-7.68846255
-7.34827438
-8.40721767
-7.59589264
-7.34355371
-6.98327276
-7.71018153
-7.41005059
-7.72405155
-8.52122982
-7.83890536
-8.15218012
-7.52572693
-7.44564528
-7.74761036
-7.83832404
-7.80631635
-7.74328416
-7.50447634
-7.14455774
-6.54547012
-8.37144256
-7.12622318
-7.12549687
-6.95584190
-6.95584190
-6.91896134
-6.95399060
-6.95584190
-7.53835378
-7.53833137
-7.21572636
-7.53835378
-7.53668643
-7.50975765
-7.53815496
-7.53668643
-7.54278067
-7.54123348
-5.05458099
-4.51407761
-4.44695746
-4.57102247
-4.57353903
-4.64750123
-4.65016842
-7.10905150
-6.71066219
-5.78255732
-6.01889415
-6.12872320
-6.69597946
-6.72660034
-6.35601724
-6.71791245
-4.77828296
-11.23635529
-10.96359096
-11.18063061
-10.79513085
-11.95404306
-11.27776359
-12.06214880
-11.95588780
-10.61868192
-10.42897966
-11.30033005
-11.56838146
-10.69245247
-5.36018452
-5.41145426
-5.66056912
-10.54944666
-11.55753014
-6.73096881
-6.32536463
-7.15396717
-5.58910052
-5.23788251
-5.57346572
-5.44609511
-11.00962047
-12.12962253
-10.61728791
-10.93900937
-10.34160856
-10.04666499
-9.94789369
-10.17291848
-9.59862671
-10.29090189
-9.98582390
-10.29103365
-10.73053361
-10.15875939
-10.21858586
-9.84133676
-10.07508052
-9.68659696
-9.50008290
-8.92118209
-9.67773650
-8.13249971
-9.68571444
-7.33902155
-10.56557287
-10.45352519
-10.74041537
-10.48991277
-10.80007862
-9.97338445
-11.09638403
-10.70760149
-11.04304759
-10.53766304
-8.41323195
-10.45254041
-8.23924032
-6.28650530
-10.44580954
-10.27302553
-10.97847890
-10.69178219
-11.24431669
-8.38202823
-8.54533560
-9.38812031
-8.37900252
-8.86331443
-8.04226921
-8.22048563
-10.85689102
-11.15374781
-4.72283859
-4.16238571
-4.70093990
-5.77772761
-4.21326390
-5.36830255
-4.93756953
-10.61218215
-10.09757301
-10.32427885
-10.44559958
-8.63612754
-10.42923431
-9.60123060
-9.71317678
-9.45739881
-9.33297752
-9.43404183
-8.93242255
-9.52944326
-9.71142828
-9.90068686
-9.53959175
-6.81269656
-7.79090126
-9.33089120
-8.33802251
-6.26768122
-6.70670226
-6.59322839
-6.47370712
-8.55302300
-6.17653985
-6.15245494
-7.90227581
-7.60244011
-8.27101281
-7.22579337
-7.47738450
-7.23846868
-6.28979673
-7.90108565
-7.64711690
-9.18585558
-8.13100280
-8.70297021
-7.34289769
-7.13099238
-8.85729657
-7.62375626
-8.00918248
-8.81098996
-7.85664013
-7.45755191
-7.03073746
-6.32934455
-5.92985835
-8.52099421
-6.28638023
-8.34440375
-5.71957185
-7.05011855
-4.06414290
-1.85288252
-2.66715730
-8.42740510
-6.87389441
-8.22061065
-9.21505100
-8.18451151
-2.97642417
-8.36077291
-8.29681844
-8.01817869
-7.74881860
-5.63586163
-8.36865802
-8.14647952
-5.14128860
-8.63333829
-4.99504765
-5.23630730
-4.97766417
-5.55869390
-4.70549203
-5.77297840
-4.71985805
-4.82297339
-6.78785087
-7.96712217
-8.18677034
-7.00515566
-7.85684209
-7.39143251
-5.23066302
-7.39718440
-7.83903535
-7.75653188
-7.53802704
-8.97809408
-6.93365122
-7.90918613
-7.72434558
-6.62613840
-6.73557690
-7.01058219
-9.00416184
-7.22262191
-8.25476088
-2.82520999
-3.98310829
-2.89332749
-6.62249923
-4.39057808
-3.92451565
-3.81949807
-4.46686555
-4.08593526
-4.11348502
-4.46239892
-4.48307470
-4.64547591
-5.20536405
-19.58597385
-20.91117437
-20.93111121
-18.69330082
-20.92397209
-20.01504592
-20.02692038
-19.66769901
-18.82487265
-18.36908896
-19.10497301
-19.10672894
-19.18475759
-18.66097041
-20.53587460
-20.94005560
-21.35693136
-20.82356836
-21.97928074
-20.89130180
-20.68561212
-20.89176170
-21.08308181
-22.52424065
-20.99784900
-20.99499306
-20.98919350
-22.03134772
-20.97877324
-20.98722152
-21.02412546
-20.99323577
-20.98896349
-20.65484860
-21.61614842
-21.12611270
-20.60088988
-21.10899439
-20.25056696
-21.13933914
-21.50170419
-20.31215796
-19.75981116
-19.12094079
-20.17483484
-20.09292847
-18.94609756
-18.25766403
-18.59094133
-18.99619555
-18.70220122
-20.94823392
-20.83528244
-20.93473033
-21.94470308
-21.94240703
-20.92295937
-19.74455782
-21.20383076
-20.31072255
-19.67858063
-19.84809651
-21.14750387
-21.14475229
-21.14711551
-20.93087884
-21.92803476
-20.93894494
-20.91821966
-21.02906158
-21.02885141
-22.05271504
-21.03775091
-21.06508320
-22.05449234
-21.03733669
-21.01825321
-21.04257948
-21.06397537
-21.00068399
-20.89885377
-20.98244270
-20.86151697
-20.99173094
-21.00175097
-22.01035634
-21.41145438
-20.69848052
-20.75420400
-22.21935890
-20.91550979
-21.01304198
-22.02932794
-21.48917384
-21.02739701
-21.02269324
-21.53600242
-21.02926985
-21.02517381
-20.90068531
-15.37501137
-16.31047647
-16.03086931
-15.37457406
-15.44711893
-15.85974814
-15.91415950
-16.57431207
-14.88197971
-16.01748994
-15.40322016
-16.32807290
-15.51845964
-14.62374234
-15.65117852
-14.70069960
-16.32374911
-15.13940998
-15.48465578
-15.61993635
-16.01578022
-15.61378440
-14.85627151
-15.37836935
-15.36344118
-15.86256899
-15.94470323
-15.81836686
-15.05262851
-15.48130249
-16.39772877
-15.37508532
-15.61918611
-15.97785162
-15.93981402
-15.98694077
-15.57074274
-14.73733160
-15.40198268
-15.49355225
-15.62847573
-16.43111141
-15.69497359
-15.55343984
-16.12786287
-15.43279418
-16.52191972
-15.67237279
-16.42355356
-16.33259463
-15.22148966
-15.26340702
-15.96792432
-14.87125984
-14.44872333
-15.03463931
-15.11467590
-15.00302059
-12.37880971
-15.77337866
-15.06293638
-15.16219426
-14.60069995
-15.94687446
-15.08793362
-15.23388597
-15.18823206
-15.15828006
-15.51460281
-14.62380764
-15.65514733
-15.64689852
-15.64677348
-15.52832026
-14.66415393
-15.46567852
-15.98621922
-14.92393609
-16.36164346
-15.62194231
-15.66341540
-15.49814354
-17.28462976
-15.60780542
-14.95496006
-15.63951652
-15.95828302
-15.55349769
-15.59619997
-15.77982179
-16.93521335
-15.68549981
-16.43647703
-15.61633363
-15.51478065
-15.98078210
-15.62145900
-16.31723366
-15.99950611
-15.78969956
-16.57243599
-17.69456550
-16.63778268
-16.11632201
-16.47929997
-15.88901530
-16.95957096
-17.41448038
-14.16984135
-17.36318728
-17.60564888
-17.01953272
-17.32494413
-17.26016041
-17.24941634
-17.15386569
-16.54322633
-17.44894620
-17.82670858
-17.28616037
-17.75496815
-17.88543453
-18.59683456
-17.03015119
-17.77013343
-17.96727306
-17.58740369
-17.71395708
-17.47929207
-17.33193644
-17.49487008
-17.84190934
-17.41898186
-17.32880894
-17.53804542
-16.65143536
-17.34333608
-17.26002152
-17.75621050
-17.56823175
-17.21011751
-17.55147060
-16.72756237
-17.22587296
-17.26553006
-16.11437199
-17.38107606
-17.56540763
-17.59331041
-16.36334580
-17.26639517
-17.45025645
-17.05646152
-17.11433895
-16.79869710
-17.84201526
-17.23411522
-18.03419835
-17.90598482
-17.72485554
-18.21448213
-17.48202747
-17.84472490
-17.53192482
-17.87219308
-17.96104841
-17.82112628
-17.95379855
-17.95968566
-16.79454053
-17.12805578
-17.98325183
-17.92547743
-17.71694878
-17.43935903
-17.79527457
-17.76295042
-17.83920311
-17.69576849
-17.93150035
-17.89707101
-18.09551249
-17.96401165
-17.69331945
-17.03515463
-17.15834397
-17.95787226
-17.97069741
-17.90674084
-18.03057888
-17.85545970
-18.10424162
-17.22736135
-17.40794492
-16.54788954
-17.81487873
-17.03046773
-17.25735106
-17.01255701
-17.93340968
-10.44050266
-9.74366402
-10.46290331
-10.28894635
-9.22612649
-10.29586075
-10.69096108
-10.71004236
-10.31583574
-10.73519356
-10.59011655
-10.63366880
-12.71979596
-11.19016434
-10.26365772
-11.21748576
-9.72786001
-11.74714536
-11.50256345
-11.23268981
-11.24366058
-10.56876362
-10.53190397
-11.16640423
-11.68211166
-8.28451916
-8.24318226
-9.09234314
-7.72351218
-8.53729181
-8.76261758
-7.36176623
-9.24469184
-10.72287585
-9.32008116
-9.92967344
-9.80653523
-9.49320655
-10.58505396
-10.16218203
-10.59923678
-10.78462551
-10.62639865
-10.53172107
-10.61079468
-9.32252421
-9.10523480
-9.92414980
-9.60381374
-9.07850708
-9.38515830
-9.42438100
-10.06227954
-10.33208838
-9.50662743
-9.14812029
-9.17315875
-10.32731745
-11.51520994
-10.28267566
-10.36396084
-9.90075325
-10.83917608
-10.27484931
-11.12355467
-10.71780711
-10.82170859
-8.98185211
-11.76861828
-11.14732273
-11.14098719
-9.72669829
-7.98651143
-8.38985257
-8.30720234
-8.43367342
-8.46333444
-10.01374193
-9.44285197
-9.09766364
-6.52395839
-6.88754284
-7.59363066
-6.34892452
-7.68918353
-7.07922578
-7.28502444
-10.07484506
-9.63108421
-10.43323058
-10.80336199
-10.21513989
-10.51896497
-11.07501133
-10.46786283
-10.95957341
-10.07842978
-10.58741568
-9.29818144
-10.43096915
-18.87108819
-18.92208437
-18.93846245
-18.86267803
-18.86074109
-18.98437696
-18.83020820
-18.22694998
-19.06224721
-18.98138797
-18.91649681
-19.02415000
-19.14443377
-19.01316009
-18.95544341
-18.97884915
-18.90057921
-18.91879091
-19.03113917
-19.10876897
-18.96650900
-19.50243004
-19.36862581
-18.95185606
-19.28557260
-19.35709774
-19.28345402
-19.15757339
-19.26010920
-18.38071077
-19.17692486
-19.06602917
-19.33683838
-18.94595515
-19.33307635
-15.73189890
-18.56133443
-17.80217704
-13.54535130
-12.89692208
-12.78054350
-12.47498239
-15.20916530
-17.97069607
-18.81406286
-19.11780521
-18.84088798
-18.97786499
-18.79341061
-17.67664837
-18.83188453
-18.84636647
-18.78660700
-17.60046629
-18.79103496
-18.94481042
-19.10647330
-17.84218765
-18.88677446
-19.92213937
-19.28339285
-19.03646064
-19.09594606
-19.08400958
-18.37498094
-18.99373135
-18.93695837
-19.07953030
-19.24004479
-19.47261594
-19.08853975
-19.21921043
-19.10393249
-19.07521296
-19.07800931
-19.03771741
-19.03866741
-19.39488925
-19.51808529
-19.22693472
-19.22401819
-19.11197245
-19.23377395
-19.31543414
-18.91397615
-19.05940774
-19.20860355
-19.20945413
-18.16724549
-18.91078085
-19.83945909
-18.35121807
-15.50053090
-15.32659829
-15.34649778
-18.33800804
-17.87279775
-18.33442276
-18.37811364
-15.80359933
-14.00735929
-14.05003553
-14.98724771
-14.80025052
-15.62148023
-14.10330679
-15.65892853
-14.77318266
-14.27532965
-13.83925355
-14.72282443
-14.65837396
-14.77669827
-14.08040156
-14.85957286
-13.57262308
-15.29269155
-14.81359316
-13.10776010
-14.66806989
-15.30079926
-13.88292353
-13.75444801
-13.64277020
-13.80217548
-15.54689560
-15.63143705
-13.61473545
-13.61112520
-14.75165426
-13.66162228
-13.49537516
-13.20055110
-15.45221785
-13.95662760
-9.65894745
-14.21545791
-8.32543661
-11.21066552
-9.51158697
-10.11293171
-8.10022955
-10.90718811
-10.08697714
-14.92762587
-15.19749857
-13.68768989
-13.99173988
-13.80179349
-14.80268774
-13.38264937
-14.68411408
-14.90598632
-14.03877434
-14.28068225
-14.62352067
-14.35838284
-12.82945057
-11.48264665
-13.66372334
-14.03156833
-13.97392295
-14.50389704
-14.51633015
-14.80279771
-15.67994639
-15.02097690
-14.38207553
-13.86516527
-13.66943828
-14.57170332
-13.79765157
-14.81232852
-13.84928461
-14.28473129
-14.97296999
-14.74343551
-13.78266018
-14.82200301
-14.82061361
-13.80707341
-13.77969863
-13.52204993
-13.57549406
-14.63759768
-13.53536797
-14.03225143
-14.87672409
-12.54144817
-14.94988965
-13.45899343
-14.50495952
-14.47347890
-12.94993919
-12.46583026
-13.20930166
-13.93448863
-10.41847629
-12.52174831
-14.28873259
-7.82001050
-7.59538067
-7.21516035
-8.02761001
-7.22664045
-7.73707220
-7.68768771
-6.77409002
-7.78869556
-8.37857815
-7.91298033
-6.38431466
-6.23255704
-6.05180241
-7.05255316
-6.43259025
-5.77668317
-5.48629030
-6.14756985
-6.09950673
-6.05028218
-7.22973077
-4.50341553
-5.01349417
-5.59657794
-4.81967508
-3.09144247
-5.97531000
-6.92189404
-7.56953014
-5.87237914
-7.61532936
-7.66289179
-7.67330395
-8.50080470
-6.89785637
-6.83863569
-7.59865493
-8.50614928
-6.41187114
-7.63131152
-6.76337599
-7.29671045
-7.35039870
-7.50146283
-7.64510574
-7.39935552
-7.37323838
-7.41999666
-5.88867310
-7.97523443
-8.07385029
-7.43254274
-7.32653107
-6.77489129
-7.50593662
-7.54196566
-7.52972296
-6.26674497
-7.27802619
-7.21620200
-7.48645312
-8.39600340
-6.21546443
-5.63735021
-6.76255643
-5.95704945
-5.38517344
-5.76417223
-5.81488029
-6.02247158
-5.70830587
-5.13471028
-7.19449619
-5.98890612
-6.39144964
-7.60391763
-7.11471829
-7.01748042
-6.98164402
-6.28362962
-7.85684376
-7.77989009
-7.16806350
-7.27485887
-7.01686868
-6.94223670
-7.48363030
-7.15086248
-6.18642881
-5.96690414
-7.92453591
-7.07695119
-6.76857467
-7.51555825
-7.98581171
-7.75307057
-7.82640892
-7.86086540
-7.82083617
-5.58995133
-9.92864203
-10.46858880
-7.08407352
-7.69140318
-6.28928595
-4.66212382
-8.39111630
-9.91351240
-9.18741253
-9.69108325
-10.02535122
-9.00793664
-9.37598981
-9.50060190
-9.21058431
-9.48127775
-9.81064686
-9.84387382
-10.19562396
-9.49048901
-10.27140895
-9.43152427
-9.96844287
-10.50649228
-9.91922044
-9.60165962
-9.89551328
-9.64165543
-9.20408265
-8.61513306
-9.77580255
-9.95773710
-9.84470119
-9.61549132
-9.77649943
-9.16686798
-10.34321916
-10.41466085
-10.35332854
-9.18782765
-10.67274409
-9.24813155
-9.75787236
-9.69198764
-9.77984116
-9.90482936
-10.66099221
-9.17791738
-9.68628647
-9.90270828
-9.85448107
-10.62194822
-9.84308695
-10.02603911
-10.25099436
-9.88136352
-10.17460014
-9.88639167
-9.75766525
-8.47221164
-8.46458272
-8.99094767
-7.34236690
-9.29892336
-9.13668418
-9.16829322
-9.34078319
-9.67923045
-9.40334854
-9.38728032
-9.56912302
-9.41232325
-9.08973135
-9.55812887
-9.54315072
-9.67099224
-9.12703429
-9.47837793
-9.29404212
-9.86132115
-10.41113258
-9.62740063
-9.50957320
-9.86133500
-9.91309899
-9.44151594
-9.61325535
-9.48173631
-9.70357096
-10.21725721
-10.20104771
-9.48014980
-9.19980536
-9.78284289
-10.72137673
-10.23533774
-9.94443607
-9.65826969
-9.67330982
-9.80887762
-10.77736974
-10.76057700
-9.97574302
-10.38164589
-9.98061741
-11.13887398
-10.59728379
-9.75455566
-11.15909799
-10.25594971
-10.71221995
-9.54323885
-10.04893834
-10.72734945
-9.83999509
-9.56870668
-8.92497283
-9.38518797
-8.66947643
-9.58117980
-5.99065681
-10.48284932
-10.83223010
-10.25259921
-10.52042205
-9.88616421
-10.34623638
-10.91567207
-10.74373257
-11.48622079
-9.75815669
-10.01475293
-9.48670818
-9.84133928
-9.83374195
-9.26244763
-10.01709654
-10.79302674
-10.73383136
-10.28339624
-9.93990864
-10.08817322
-10.67660550
-9.81706708
-10.80380396
-9.68886482
-10.83836384
-9.69794116
-10.20749208
-10.61653239
-9.98422563
-10.88778447
-10.79613080
-10.06121901
-9.21970512
-9.89933320
-9.43150519
-9.70432711
-10.57029671
-9.70486901
-9.23665849
-9.93235230
-9.53084581
-9.35773382
-9.21860073
-9.55766856
-9.65582347
-9.68890850
-10.13546863
-10.59651321
-9.44177146
-9.74968490
-10.89596177
-10.73982210
-10.33674005
-10.54083029
-9.78469756
-10.48225732
-8.87816526
-9.70005524
-10.60855504
-10.89617291
-10.85807738
-10.12884229
-10.08055857
-10.80899090
-11.16281335
-9.97845850
-10.72742614
-9.87234305
-10.75868804
-11.06320193
-9.99511990
-10.05626064
-10.66671504
-10.03126461
-10.66658507
-9.96610204
-10.56685085
