-1.44066948
-2.45749061
-1.98924528
-2.28457834
-2.72685477
-3.64910804
-0.16971044
-1.75883081
-3.18288160
-2.29627508
-0.88700133
-2.22771272
-2.84684288
-1.98635798
-0.28460857
-2.37532613
-2.56268140
-2.19106310
-2.39202166
-1.08467984
-2.04891106
-1.42074890
-2.98770821
-2.85716852
-3.05456325
-3.31308863
-2.38262831
-2.76476355
-1.66610728
-3.23501274
-1.90181984
-1.73211562
1.21403360
1.12564945
-0.40375301
-0.50711473
-1.51761830
-2.53433894
-1.68116015
-2.28423573
-1.82589979
-1.71403959
-2.37023044
-3.28054569
-3.45934771
-2.62511706
-2.82595198
-2.86852155
-3.66931632
-2.23714319
-3.48945551
-2.70981077
-3.87579222
-2.07542870
-2.78253554
-3.11178258
-1.61911780
-2.68202409
-3.54509562
-3.11502827
-2.55253259
-2.90128644
-2.16692081
-2.60935348
-1.09644405
-3.44351875
-3.02975499
-2.14831893
-2.70194729
-2.83728390
-2.83371077
-1.51014239
-2.70309639
-2.31155829
-2.73609286
-2.65900361
-3.41136036
-2.62281250
-3.45452739
-2.54884419
-3.08274189
-2.90949873
-3.84731097
-2.58922139
-1.79713156
-2.39111297
-2.20325991
-2.40135720
-0.96014610
-2.88710297
-1.73938153
-1.75334953
-1.01404734
-2.15223996
-3.12146078
-1.55375074
-1.65014063
-2.86625832
-3.40846850
-1.83464866
-9.96500600
-9.35255242
-9.82851945
-10.12859376
-9.87231994
-9.80953781
-10.25714992
-9.57342114
-10.25204084
-9.89083132
-10.05059333
-9.61350611
-9.97480843
-10.16694881
-10.00750501
-9.87604666
-10.23393834
-9.72805716
-9.39675768
-8.09538682
-8.91926565
-9.05544604
-8.99416479
-8.82223682
-9.62866911
-9.52497393
-10.33946180
-9.18282011
-9.44286159
-9.15673752
-9.39787849
-10.71438261
-9.71414239
-9.55262669
-9.74270576
-10.13673872
-9.86382489
-10.29171432
-10.41350949
-10.03846911
-10.14416887
-10.06274393
-10.01238302
-10.73299794
-10.00607788
-10.12930059
-10.04489307
-9.91637344
-9.98092282
-10.01028742
-10.12286122
-9.96806280
-10.05201241
-10.15626313
-9.99824338
-9.69554245
-11.03394664
-10.19189653
-10.03301083
-9.63281244
-9.85675234
-9.82296896
-9.73427156
-9.77582033
-9.79160680
-9.76971822
-10.56870069
-9.27434556
-10.50915778
-9.66181918
-10.10331615
-9.67912335
-9.96344165
-9.51194564
-9.79678442
-9.90597971
-9.79267691
-9.87082200
-9.74864493
-8.84238785
-9.05552924
-10.13885791
-9.27563991
-8.62987422
-9.56604962
-9.36845296
-10.09105631
-10.33436507
-9.58800472
-10.32542903
-9.70779690
-9.65800955
-10.15146241
-10.30255550
-10.05035304
-9.89326851
-10.16010465
-10.22974034
-10.52247282
-10.00133095
-8.04654428
-8.53201653
-9.26553177
-7.71883726
-8.17598112
-8.16749269
-8.43722222
-8.00960840
-8.39680943
-7.70146093
-7.23623474
-8.03041721
-7.23491525
-7.61216033
-7.60560240
-7.89730830
-7.00042262
-8.59414799
-7.57153351
-8.77168605
-7.85781153
-8.56792490
-7.44424949
-7.47991315
-6.66674210
-7.41096583
-7.63661496
-7.66750169
-5.84137867
-7.30695599
-7.58824276
-7.26586337
-8.67981550
-7.47043433
-7.26497481
-7.46368679
-7.36143111
-7.71317892
-7.41921935
-8.23854699
-7.20959272
-7.41043007
-7.89586561
-7.31087994
-7.60569483
-6.97857543
-7.15873224
-7.73090575
-7.47709265
-8.86999023
-8.26217926
-7.59413835
-7.72594627
-7.86327954
-7.61075292
-8.46925939
-8.69610203
-8.28233220
-8.06077752
-7.92107095
-7.74816566
-8.69462521
-7.45895054
-7.69948988
-8.43467851
-9.00683391
-8.45899178
-8.59688823
-8.38249334
-8.59736646
-8.56377592
-8.08351211
-8.42436955
-7.47221081
-9.08297911
-8.77579989
-8.71721561
-7.83752609
-8.09229061
-8.34185790
-8.16835660
-9.17189861
-8.76377912
-8.45830085
-8.31378822
-8.86073819
-8.09258981
-8.47141665
-8.74339046
-8.18209909
-7.22164964
-8.10075194
-8.29159836
-8.39905077
-8.36761325
-8.44940192
-8.42391743
-7.88198829
-8.01923251
-9.07848950
-5.88888299
-5.88616682
-8.67437307
-6.29663706
-6.34347005
-6.39696282
-6.41972312
-6.58557096
-6.35143954
-8.03324281
-7.90078601
-7.91000622
-7.94908151
-8.18588896
-7.25887809
-7.95249763
-7.15333472
-8.08559610
-6.73636598
-8.12493233
-8.12578880
-6.51925190
-7.90061222
-9.49211691
-7.70499632
-8.06318673
-8.31510916
-8.24020122
-8.28160547
-6.91306001
-7.00754246
-6.46336393
-6.60254256
-6.90766195
-7.07799085
-9.70811653
-8.64438479
-8.52422188
-9.20428234
-8.85448652
-7.07768175
-6.81753259
-1.95540035
-6.16338171
-3.27655096
-3.14796063
-2.64673789
-5.68435667
-6.23587790
-6.21477207
-5.97486563
-6.68784820
-7.87269329
-6.68988418
-6.69949823
-6.56041560
-6.84886708
-8.02031296
-7.11099228
-6.84636385
-5.45183366
-5.76021327
-5.91283749
-7.70484842
-7.91272154
-8.11853306
-7.17137498
-7.91825543
-8.40109005
-6.87861350
-6.98241225
-7.32155723
-9.45955204
-8.37443381
-6.93881110
-6.91037356
-6.88733006
-6.66370601
-8.37898380
-6.71187542
-6.63925344
-8.07655744
-8.55635551
-7.97472244
-6.96140838
-7.01132334
-6.77440897
-6.89250119
-6.87691793
-8.33092816
-7.13227590
-8.18345114
-6.25713382
-6.20768120
-6.27581713
-6.09907922
-6.18098333
-5.93325326
-5.76166896
-5.93155463
-7.08062354
-6.73786681
-7.01436742
-6.69256032
-7.34671061
-6.62336879
-7.68684749
-6.75946034
-6.84615066
-6.73356246
-6.92106911
-8.23924166
-6.63043750
-6.63366455
-6.39701932
-6.69693726
-6.45942494
-6.84807318
-6.48249532
-7.26759470
-7.35876963
-6.95869543
-6.74235142
-6.44131869
-6.96661819
-6.79017765
-7.11568069
-6.94087195
-6.73514630
-6.46585067
-5.58687158
-6.21157474
-6.45337161
-6.08871319
-6.11733896
-6.54431950
-6.06418628
-6.39884639
-6.28608727
-6.34949496
-6.74075224
-6.67711028
-6.50476161
-6.05093320
-6.96400606
-5.73060068
-6.08857263
-6.46619185
-6.62676431
-6.56377377
-6.50998654
-6.79471818
-7.05096282
-6.70740963
-6.75326911
-6.08877998
-6.75981976
-6.76149619
-6.78041586
-6.92504444
-6.83100152
-6.39757869
-6.27284084
-6.38209378
-6.55958718
-7.14457762
-4.94805139
-6.15233096
-7.25534375
-6.14836779
-6.77264978
-6.42526422
-6.52358286
-7.68126491
-6.96020581
-6.73154211
-7.33742201
-6.52858841
-7.23523586
-6.62410174
-4.74342001
-5.86494070
-5.70622426
-5.33815776
-5.18773931
-6.22493650
-5.47624116
-5.21946348
-5.96597488
-5.93022483
-4.86816635
-6.83471156
-6.51299347
-6.64176854
-6.41525639
-6.39612619
-6.04429645
-6.54055651
-5.77765246
-6.39876009
-11.86922595
-11.76958125
-11.56925174
-11.77705794
-11.69451939
-11.82413214
-12.84289288
-11.61005823
-11.51336877
-11.98146401
-11.76426119
-12.56891137
-12.06068503
-12.06356508
-11.50841347
-11.37247643
-11.34153223
-11.39518422
-11.26987029
-11.60553879
-11.04569831
-11.94652577
-11.68981632
-11.39882506
-11.60482276
-11.29847162
-11.37476482
-11.54266710
-11.60310081
-11.58043524
-11.47717000
-11.47707591
-11.33903870
-11.54355284
-11.48679851
-11.29803014
-11.26230851
-11.61070566
-11.55046473
-11.83787332
-11.78781850
-11.68153998
-11.61894192
-11.58458079
-11.47860150
-11.75452204
-12.00892182
-11.62426234
-11.54218355
-11.88278202
-12.46970932
-11.54098606
-11.89942959
-11.42040339
-11.69994310
-12.17511610
-12.05237255
-12.19069082
-11.75588407
-12.00710360
-11.65468585
-11.58767998
-11.67207477
-11.61495338
-11.27446870
-11.47282406
-10.80063350
-11.53077992
-9.77204735
-9.11601208
-9.25576987
-9.37159702
-9.65729473
-12.28656165
-11.62114594
-11.71962371
-11.90915412
-11.06789291
-11.53017855
-11.37218341
-11.51003436
-11.20075967
-11.54711264
-11.43158869
-11.50690579
-11.09177673
-12.03245061
-11.99853035
-12.15876068
-11.61908956
-11.74234138
-11.46849446
-11.66686136
-11.46366340
-11.29347226
-11.56260482
-11.87982478
-11.40391530
-11.83829381
-11.29045874
-8.79190160
-8.69487243
-8.66786801
-8.42040785
-8.54435727
-8.43780579
-8.54120303
-10.49641120
-8.52474512
-8.65393890
-9.49118138
-6.01474692
-5.87043485
-6.83833237
-8.49140590
-6.82723207
-8.49762029
-7.14384047
-8.65806282
-8.53014857
-7.81748830
-7.82846276
-7.30406768
-8.40350579
-9.52321279
-9.30832192
-8.84873907
-8.82321140
-8.74476234
-8.73003143
-8.70126760
-8.76090999
-5.78352399
-5.92943510
-8.36797711
-8.51079942
-8.48015048
-8.79076409
-9.34340758
-10.52970649
-8.56630777
-8.73263730
-8.50627925
-8.63389446
-9.13366603
-8.50892620
-8.19748791
-8.49769534
-8.59262313
-8.42906018
-8.56967122
-8.80905456
-7.54543922
-7.97275570
-10.37185524
-9.82787964
-8.92016836
-8.85435203
-6.77620466
-9.02335994
-8.70872164
-8.84539563
-9.26030661
-9.10796858
-9.20162005
-9.51905040
-8.33411039
-8.59558980
-8.59995200
-8.14039200
-8.32467958
-8.22908630
-8.23755257
-8.19774303
-7.49794656
-7.87407550
-8.30949609
-7.72047351
-7.93957234
-9.34878070
-8.86580485
-8.72980025
-8.59168357
-8.68208802
-8.70666953
-8.52056423
-9.74979888
-8.59595903
-8.80996507
-8.82304816
-7.94252350
-8.69588995
-8.56716045
-8.53190245
-8.20378179
-8.26718592
-8.56627164
-7.93749657
-8.29427372
-8.33187998
-7.58886355
-6.94904113
-7.62010958
-7.45747842
-7.39623159
-7.76953951
-7.21986081
-7.21216335
-6.96875947
-7.84615475
-5.46629750
-7.73599167
-7.25009614
-7.76419885
-6.62293521
-7.72438356
-7.53027785
-7.60644037
-7.62716253
-7.71957308
-7.43876783
-7.66637146
-7.32589752
-7.26438075
-6.19494719
-6.90223101
-7.60210736
-5.81741498
-7.14222264
-7.42710205
-6.52553550
-7.13481811
-6.08688801
-6.52130321
-5.80859717
-5.78773101
-5.45296662
-5.54301450
-4.76017430
-6.44428338
-7.29444043
-7.35129371
-6.93268447
-7.16990154
-7.50961269
-7.70126761
-7.24678537
-7.75527273
-7.47186840
-7.71037707
-8.13666026
-7.24223769
-8.13538891
-7.89500920
-7.45349626
-7.51918116
-7.56834982
-7.44066241
-7.60687128
-7.77621789
-8.10245192
-7.44129203
-7.54498538
-7.96278496
-3.29543976
-4.99604894
-7.53160057
-6.80491071
-7.39730014
-8.16098368
-7.73951345
-7.44803734
-7.46434662
-6.64622843
-7.66922581
-6.55113003
-7.06878821
-7.07060432
-6.32287721
-7.09013321
-7.14018989
-6.63181140
-5.75574415
-3.71509894
-4.79619872
-3.45407536
-6.66101689
-5.68194185
-6.18143782
-7.52461372
-7.71159074
-7.49757711
-6.60098419
-7.32277657
-6.45627671
-7.71686869
-6.39104825
-7.46678791
-7.83855659
-7.79706971
-5.94744787
-5.55642857
-5.92901044
-3.95789275
-4.64652234
-4.79333405
-3.78097587
-4.50893556
-4.55016302
-4.53521044
-4.62188083
-5.44210103
-6.17939622
-5.71373767
-6.10315093
-5.77076952
-5.77214992
-5.82299191
-5.51045881
-5.19093450
-5.80941257
-5.57951029
-5.77456475
-5.40580308
-5.75386643
-6.59650835
-6.01396092
-5.81437684
-5.68779814
-6.27595770
-6.01060042
-5.29858979
-5.41539876
-5.19975911
-5.25125998
-5.67186829
-4.51345134
-4.90273958
-5.79106082
-5.62878865
-5.48647447
-6.05043078
-6.25635301
-5.67571667
-5.76756111
-5.91110843
-4.19209886
-4.49782926
-5.84245156
-6.17587443
-6.01805867
-5.70852048
-6.19965595
-5.73181098
-5.78631006
-6.21248580
-5.11937827
-5.72296640
-6.03285633
-5.38424123
-6.10567725
-0.48219549
-1.99592199
-4.15824425
-4.00844802
-5.91713143
-4.80655811
-4.99932468
-4.67079676
-5.43394029
-6.12521914
-6.32201891
-6.10103818
-3.53185677
-5.60077869
-5.63161127
-6.00136019
-6.45125637
-4.98090294
-5.52827292
-5.86354398
-5.97995082
-5.66808229
-6.26175915
-5.50404051
-5.88551903
-6.49971734
-6.11520972
-5.53767453
-6.21213661
-6.29051342
-5.89663576
-5.52143307
-6.62879098
-4.06304693
-5.16564663
-5.53991363
-5.28673472
-5.15000007
-5.75832919
-5.37781657
-3.69591516
-4.39636777
-5.70637903
-3.99431309
-4.49420380
-4.19130908
-4.16580651
-5.18036773
-4.96997496
-4.98644825
-5.34391044
-5.46000543
-5.60325170
-5.36755376
-5.10741229
-5.42888244
-4.84257041
-5.56064939
-5.32954963
-5.51742744
-4.65383131
-6.03826944
-5.78198419
-6.80227242
-5.80081147
-5.39453863
-6.15760753
-4.69774247
-5.25394851
-4.60545640
-5.35900672
-4.08663822
-3.95824118
-4.51688054
-5.83400049
-4.97402706
-4.53120119
-4.45888612
-4.40355797
-6.31549822
-5.53271420
-6.13645603
-5.57366484
-5.50142348
-4.88450723
-4.65915379
-5.53831837
-5.60168812
-3.90675319
-3.64555308
-3.01853441
-3.68412208
-2.05326195
-4.13734221
-3.61405697
-5.18758489
-4.40080278
-5.49580288
-3.62590640
-4.35472314
-6.21277893
-4.39339629
-4.89588884
-4.65105550
-4.64173590
-5.00873367
-5.43806473
-5.08967337
-5.21774004
-4.60495422
-4.68478026
-4.95531978
-5.01580704
-4.83029047
-4.75051107
-6.18918831
-6.54971427
-6.01439310
-5.16789931
-5.61713972
-4.65494487
-4.84013878
-5.07730753
-5.01678656
-5.10388371
-5.58855975
-5.54115402
-4.95154904
-5.45076680
-5.75514100
-6.00139405
-5.54537873
-5.51202617
-5.82622281
-5.06893287
-5.37183978
-5.50829992
-6.44206661
-5.92611402
-7.02641056
-6.25868036
-7.51094357
-7.74040597
-6.82484115
-7.78852400
-6.62035166
-6.05560001
-6.31924171
-6.82971236
-6.70794798
-6.59406267
-6.72488139
-6.98754401
-6.10129663
-7.70258372
-7.47667804
-5.95882295
-6.48208193
-7.38862491
-7.27033680
-6.12971180
-7.04835451
-5.52729035
-5.44836650
-4.70707777
-4.80769232
-3.84305120
-4.40966173
-4.32159987
-5.99361258
-3.64027984
-4.49247210
-4.38046259
-3.86400101
-6.74113611
-5.73730852
-6.35852269
-5.74997968
-6.15268045
-7.96504404
-6.31555708
-5.95412505
-7.02888671
-5.92969398
-7.65606147
-6.03941962
-6.27233201
-5.83077885
-6.47306043
-7.14724400
-3.98986677
-6.72513740
-5.34456542
-6.11936504
-6.46280099
-6.22383914
-6.42128539
-6.55166284
-6.36058097
-6.24683234
-6.49853983
-7.11853488
-6.21263441
-6.67991817
-6.85818824
-7.88205130
-6.69516661
-7.71459078
-7.57503547
-6.31824431
-6.23575126
-6.31116464
-5.82831164
-6.24325153
-5.78895420
-5.77252888
-5.35075557
-5.15665331
-1.60511778
-3.38523448
-2.94655403
-2.53991185
-1.64829319
-5.53858413
-6.20451558
-6.08596934
-6.80153991
-5.18016540
-6.72924505
-6.61375706
-6.57398848
-5.97233935
-6.98890270
-6.30808802
-5.31202898
-6.53414415
-6.33585402
-6.54609754
-5.41769808
-8.74566062
-9.17543951
-8.65582815
-8.73052313
-8.64637622
-8.59144039
-8.35143912
-8.77754478
-8.64559091
-8.26877797
-9.80204269
-8.46075143
-8.22019074
-8.49801344
-11.31555444
-10.76831430
-10.79317578
-10.88274107
-10.77616912
-8.70448887
-10.40120051
-10.15467693
-11.58377316
-10.46429258
-11.13292801
-10.81723222
-10.80062771
-7.91667393
-7.75894932
-7.81804438
-7.34434011
-7.95186122
-7.68890813
-7.86799216
-7.49570727
-7.47903391
-10.13455865
-9.88860867
-10.86732729
-11.01764078
-10.10506790
-9.43335404
-8.98895859
-9.28447421
-9.74401583
-10.79776331
-10.21907410
-7.65527684
-8.87083255
-8.70838703
-11.62278261
-8.99368838
-9.18703810
-8.29107439
-8.73670761
-8.69418407
-7.96141650
-9.48670552
-10.00363316
-9.48670552
-9.48670552
-11.03188348
-12.56391631
-10.00363316
-10.98861587
-12.17865870
-11.20167505
-9.44500666
-10.48216473
-10.97526742
-9.88118705
-10.12400060
-11.46444251
-11.52577140
-9.48670552
-9.77175512
-10.19413980
-9.48648254
-10.62393272
-8.26733512
-8.17070711
-7.82487312
-10.95124942
-10.89611052
-10.84557164
-8.89747735
-9.13629305
-7.23068880
-3.22902793
-5.51852674
-5.38444116
-5.62561485
-8.42083401
-8.18532257
-8.14947620
-7.88379701
-7.97040766
-8.21993720
-9.42859407
-9.51379206
-15.57771946
-15.51853186
-13.22475119
-14.48614381
-14.47637557
-12.65839060
-12.75638446
-12.74450385
-11.67923010
-12.33757793
-12.45321525
-12.73244504
-12.42230761
-2.95094841
-3.34003770
-3.34728381
-3.21499774
-2.98639361
-1.59470341
-3.10506248
-3.58728446
-2.41505103
-5.65967529
-4.88979990
-5.07025792
-2.41035749
-2.95550850
-2.86390472
-2.85384768
-4.16169598
-3.35986712
-3.19314493
-3.74234669
-2.92809639
-3.49062225
-3.50859770
-3.55496749
-3.86059455
-2.38042222
-2.61230897
-2.47445432
-2.62557198
-2.27045341
-2.59319814
-3.55586610
-6.04917290
-5.42423151
-3.10280889
-4.04130496
-3.86740971
-5.50730832
-5.40801143
-5.58782205
-4.54627251
-4.50541564
-4.02345877
-4.03514373
-5.53903323
-4.45571702
-4.38178088
-5.31231253
-4.27363494
-4.54960952
-4.56081282
-5.49264632
-5.29868076
-5.04992791
-4.59887782
-4.51053431
-5.12774829
-4.18859345
-3.87594201
-3.33404921
-3.08091021
-0.94184934
-1.30257437
-0.67379022
-0.92122704
-1.81678237
-2.46766699
-3.49035720
-4.97711165
-3.07092229
-3.23351204
-2.52338261
-2.56564151
-5.51078062
-3.59031093
-3.54768566
-3.82935544
-3.55609432
-3.39294483
-2.60025538
-4.05283372
-4.07030733
-3.68376313
-4.22722350
-4.28885328
-6.45268298
-4.80478469
-4.21936079
-4.71786778
-4.73170901
-4.45111489
-5.07803744
-4.20122350
-4.59718964
-4.58981916
-4.52962039
-3.80455790
-3.70302365
-4.79907979
-4.59656585
-9.85915542
-8.97693445
-9.53770944
-8.57377388
-8.55589360
-10.96727554
-9.50642592
-9.78420400
-8.28939207
-9.33963522
-8.01224271
-8.43397221
-9.55826196
-9.85494088
-8.81230723
-9.58861680
-9.75207855
-9.02049506
-9.51084996
-9.70650892
-10.66820683
-10.08442564
-10.14694839
-10.32244581
-10.49152178
-9.19499340
-8.67493581
-10.99267170
-11.32749700
-8.46389052
-9.65448806
-10.54826929
-7.88406346
-8.03162347
-9.03707654
-8.80415521
-9.55000196
-9.01859178
-9.58992365
-8.99349437
-9.92272739
-9.17806178
-8.59180205
-9.76571610
-9.62313294
-9.70614047
-9.85382878
-10.48794513
-9.79302046
-9.78119040
-9.73881712
-9.65178149
-9.19371994
-11.16687231
-9.98143040
-7.38405306
-8.27029681
-9.68304557
-8.89676227
-10.49494644
-10.10381364
-9.75599273
-9.91040907
-9.98021054
-9.94636428
-10.11301072
-10.05461719
-10.18862612
-9.94443292
-9.12427876
-9.93326743
-9.20249379
-9.80717575
-10.21544058
-9.44921696
-10.04036530
-9.59937768
-10.35755427
-8.49860956
-10.20510919
-9.06645078
-10.44680851
-9.68643360
-9.89335081
-9.43443669
-9.89529232
-9.82369791
-9.98231973
-10.85316013
-8.52770584
-9.85278434
-10.45404985
-9.90456960
-10.28309596
-11.34154179
-10.23094369
-10.00135418
-9.75622137
-9.95569705
-9.67635426
-4.91525053
-4.38423711
-4.24952482
-5.41984784
-7.49499267
-4.65220618
-3.93691688
-6.41770920
-6.86723299
-4.31732605
-5.76878240
-7.12309263
-3.29671109
-4.22628003
-4.19005078
-4.71641036
-4.71641036
-5.05377348
-3.87742118
-3.61842517
-1.84443201
-1.83733695
-2.20892918
-1.83690175
-2.70978713
-1.82133324
-1.82853185
-2.17436885
-2.71723404
-0.88252068
-1.32197554
-2.32741182
-2.52548244
-2.99412840
-2.51325907
-2.56929450
-1.90583305
-2.27709768
-2.71923894
-0.48001839
-0.62146447
-2.57594692
-2.32602025
-3.62707308
-6.32347706
-2.90449080
-6.13506563
-5.83246494
-2.72365106
-7.98019904
-6.32975020
-2.26997103
-5.31322739
-5.47409275
-1.81029976
-5.48068482
-7.12469070
-5.00641655
-2.75288438
-2.44947055
-2.44947055
-2.44947055
-4.34134695
-4.20193893
-5.43851986
-5.08450841
-2.44947055
-2.44947055
-0.36348978
-0.45127954
-0.28298242
1.68221189
1.70132849
1.21512264
2.44945504
-1.86109759
-2.66241621
-2.21470528
-1.92130451
-1.76024019
-2.52777059
-2.17574522
-2.38216890
-2.59538774
-2.84810098
-0.57610059
-2.28874862
-2.32068518
-2.61785752
-3.00164695
-3.01013079
-4.09309018
-5.35824905
-5.27796089
-5.98631913
-3.63699549
-3.98669253
-5.34391663
-3.86377341
-3.48761588
-7.86235891
-6.28143129
-6.52396991
-6.60871403
-6.38526171
-5.85956818
-7.43403304
-6.82021238
-7.86620413
-7.70840164
-7.73575560
-8.24475785
-7.87607919
-8.10316749
-7.34633758
-7.90442189
-7.39809703
-7.48287424
-7.97273565
-8.78696477
-8.68186848
-8.55873721
-7.39890670
-7.65446839
-8.62267755
-7.82737876
-8.35179743
-8.33363152
-7.63913434
-7.92299161
-8.85318947
-8.01824870
-7.64334304
-8.28108499
-7.59272279
-7.42493802
-7.61419487
-7.92591862
-8.60252768
-7.79987583
-8.17920122
-7.97501390
-8.14107442
-7.57183510
-8.03670966
-7.98422419
-7.66898820
-8.63765164
-8.71991941
-8.95661514
-8.56745314
-8.38915991
-7.60033408
-8.04530623
-7.75718658
-8.59000576
-8.09690302
-8.06981311
-8.33282832
-8.75373159
-6.58410069
-7.99206979
-7.35758666
-7.08868733
-6.80477691
-7.48894108
-4.82390583
-6.78517662
-7.44346753
-7.73827880
-8.20037944
-8.87308632
-8.36412088
-8.34917539
-7.84724021
-8.04706248
-7.86858075
-8.00592741
-8.19074239
-8.66729296
-8.92964111
-7.80885619
-8.00011633
-7.96402788
-8.08131542
-8.66604961
-7.99572612
-8.37147973
-8.44232787
-7.90489302
-8.70524535
-8.60091901
-7.86988008
-8.43981168
-8.49762026
-8.52532102
-8.14127280
-8.46070437
-7.49838059
-8.56852182
-3.90729347
-3.90826494
-3.26976556
-4.09914144
-3.07431078
-4.73059480
-4.19494618
-7.30725361
-6.46816382
-8.03715680
-6.94736783
-6.73547286
-7.01393600
-7.16248925
-7.08163369
-6.15104842
-6.11425414
-7.70744084
-5.69249609
-6.34576126
-6.76643097
-6.65571021
-6.59197883
-6.88169898
-7.32477705
-6.52302678
-7.16551121
-5.76945149
-5.56750487
-5.75888628
-5.69302418
-6.45607649
-5.88104883
-5.75460696
-7.09949285
-4.90697633
-6.05867031
-6.18732469
-5.10863033
-5.09286536
-5.35713767
-5.11019009
-6.02478813
-5.30656596
-5.23024356
-6.25886466
-4.01934084
-4.39117063
-4.26921202
-4.33710727
-5.50511413
-4.29065874
-4.56109660
-4.45249320
-4.13573355
-4.72152481
-7.26698343
-6.55118966
-6.24420565
-6.81470706
-5.98794251
-6.35251311
-4.48317638
-7.16594042
-6.05185981
-7.13840050
-6.59263401
-7.14427758
-6.21251341
-6.30303584
-6.79414743
-6.98993581
-5.74865565
-5.14148066
-6.23027794
-7.12620355
-6.06898835
-6.17811456
-6.29440567
-6.56330275
-4.87641782
-4.81554211
-5.23253844
-5.28557572
-5.55767083
-5.43791584
-6.47607258
-5.85507829
-5.32937923
-6.33666711
-5.33567031
-5.66125719
-4.73356601
-2.45558111
-4.47560282
-4.14770107
-3.52552674
-4.27930756
-4.29429538
-4.44207644
-3.29894938
-3.58358370
-7.89281996
-6.95352583
-7.14478279
-6.89160974
-7.10420189
-7.28584618
-6.65018853
-7.11443608
-7.10981023
-6.53321720
-6.71588715
-6.42127333
-6.45887725
-6.74976013
-6.29295288
-6.67824582
-7.69660118
-7.29430860
-7.82290644
-7.62749105
-6.78806547
-6.36416817
-6.68470771
-5.62686245
-5.37768952
-5.32201643
-5.46300886
-5.57357634
-5.54341259
-5.63486298
-5.69075302
-5.74548891
-5.71141455
-4.08308979
-3.50218038
-5.16298672
-5.00038837
-3.82429526
-4.37314924
-1.30331653
-2.16603658
-0.22967610
-1.33171138
-5.79970753
-5.79392519
-6.02044767
-6.26610226
-6.06356552
-6.68399273
-6.87768884
-6.22237140
-6.73523828
-5.87615743
-6.93050103
-8.07706930
-7.00157488
-7.07106499
-7.79378552
-7.87968664
-6.82951878
-6.82389325
-6.82868443
-7.29698695
-7.34427376
-6.99277427
-7.43310784
-6.25860416
-6.40698402
-6.95865823
-6.76875971
-2.01183879
-6.79421774
-7.45233180
-6.44927092
-6.52581867
-8.27079973
-6.74292949
-7.19324719
-6.40540457
-6.23494354
-6.35308429
-6.50554753
-5.91884340
-5.93342140
-4.23887954
-4.30389024
-1.39047886
-4.01283769
-5.00169230
-3.47593907
-6.01722756
-7.17491350
-3.56431860
-6.12539252
-7.07024740
-6.28892025
-7.06234478
-6.68077837
-5.92161909
-6.30575506
-5.67298238
-5.96036213
-5.93057424
-5.72736493
-5.04513143
-6.47414177
-6.21117343
-6.11001057
-5.83552963
-5.54297141
-5.87509495
-5.98363306
-5.81881407
-5.02879178
-5.95252849
-5.13318940
-5.89709525
-6.27697156
-6.20418593
-5.84154587
-6.08029506
-5.99903778
-5.89321511
-5.62465382
-5.98221889
-5.67158329
-5.99553159
-6.40953426
-3.61541930
-2.95259420
-2.51882957
-1.28578944
-3.96711604
-4.24953778
-3.88242375
-3.45495285
-4.32905834
-4.37879489
-5.16358188
-5.40654065
-4.72081157
-4.52160623
-3.71780415
-4.61059316
-4.66447145
-5.15742613
-4.77379940
-5.42003782
-5.40238957
-6.71038807
-5.37695486
-5.90364292
-6.13547588
-5.89733497
-5.96556685
-6.27675237
-6.58328648
-5.83104133
-6.05840160
-5.97576737
-5.91592371
-4.79049003
-5.96115245
-4.57802011
-5.74034754
-6.06461031
-5.06322400
-5.72132950
-6.31848775
-6.09815666
-5.16496656
-5.68935891
-5.56744979
-5.73465334
-6.00437576
-7.07091568
-6.02081942
-6.12091894
-3.83353580
-3.73910450
-4.17157406
-3.72871109
-4.31877972
-4.30770489
-3.42009026
-4.52732566
-3.94325419
-5.27292186
-5.98910874
-5.75359173
-5.39726073
-5.43662156
-5.02406510
-7.16749659
-4.74395187
-4.88383886
-5.32839320
-4.42270311
-5.65442104
-5.96943540
-5.89016820
-6.09973132
-5.74651111
-5.62334131
-5.78753374
-6.41298322
-5.74213996
-5.87317966
-5.85160733
-5.58993624
-5.75369664
-6.07933140
-6.12343347
-5.48539200
-5.87813302
-6.02831200
-6.04870829
-5.71919568
-5.47816995
-5.57216562
-5.89508305
-5.54705410
-5.31554283
-5.58711179
-4.94774970
-5.54639861
-5.75673804
-5.35178642
-5.21699726
-5.19065697
-5.54248102
-5.66153550
-5.32936595
-5.49190601
-4.13039800
-5.85201840
-5.60281816
-5.53243639
-5.84157011
-4.63603710
-3.81771335
-2.64941551
-4.07681111
-4.74971335
-5.41662714
-5.44206102
-5.18956635
-5.30470874
-5.80835926
-6.11937396
-5.92607336
-5.81156685
-5.71810614
-5.63534724
-5.54459855
-5.54863591
-5.64143397
-5.93107860
-5.43356909
-5.70157258
-6.49134572
-5.56460358
-5.63516768
-5.74584684
-5.71535056
-5.94244145
-5.91050403
-5.79554745
-5.60100901
-5.37835803
-5.24190967
-5.76528048
-5.81419103
-5.60977745
-5.46850260
-5.70415004
-5.38563463
-5.51183572
-5.29406137
-5.49869936
-5.28279941
-5.62598076
-4.69390001
-5.80215163
-5.16296125
-5.24824089
-5.50003172
-4.68105241
-5.00530431
-4.57691965
-4.26720657
-4.38493557
-3.66600809
-4.11464092
-1.39127542
-3.07443367
-5.37912386
-4.83479531
-8.78499326
-8.15852106
-8.99145811
-9.40665895
-10.40142323
-9.40036318
-9.59581060
-7.19089686
-9.27860067
-8.46042050
-7.94215863
-9.70864632
-9.38104888
-9.49629098
-9.07545442
-8.99648802
-9.19321066
-11.01337104
-8.62020229
-9.57756888
-9.92965434
-8.69738204
-11.03206486
-9.18406495
-8.69470757
-10.98319792
-10.95204692
-9.84555349
-10.94115889
-9.19579491
-9.23457499
-8.36042436
-8.92613381
-8.95029432
-9.04938182
-9.39708479
-9.92961400
-9.32060633
-10.06767811
-9.22799095
-7.57596749
-8.46785262
-10.86160583
-9.16090726
-8.00123556
-8.05498148
-10.89553779
-8.47148291
-8.20828125
-8.72699766
-9.02156676
-8.37202053
-8.67293180
-8.98203062
-9.73684828
-10.11730471
-8.69089265
-10.24131542
-7.69030234
-8.52969664
-7.00849169
-9.03660487
-10.78331843
-8.39866115
-5.55419244
-5.52917939
-4.62328930
-5.17948607
-5.99444600
-7.60928362
-10.72676560
-9.89823166
-9.22618012
-8.27401587
-7.34121627
-9.52124244
-9.04340556
-8.72321350
-9.61491399
-9.24061829
-10.99023023
-9.91884827
-8.99875983
-9.01338881
-9.35684472
-8.75358368
-11.03884890
-9.51801845
-9.41845213
-9.51620562
-9.30774734
-8.62405837
-10.91178181
-8.17243341
-11.00304949
-11.01757550
-9.23310938
-5.97386493
-6.38575611
-6.67200074
-4.72198899
-5.05586748
-4.62009376
-4.10251438
-4.74112273
-4.76846883
-4.46386903
-4.56240746
-4.65499886
-4.56010191
-4.54204796
-3.69035212
-3.52314555
-3.50283340
-3.71433317
-3.24694501
-3.83443883
-3.52675371
-3.50846282
-5.68072696
-4.94387227
-4.85534775
-4.79284994
-4.75586017
-4.58443228
-3.53713393
-3.34511127
-3.72960979
-5.16720636
-4.16532531
-4.43786423
-5.02815131
-5.42160264
-4.73181570
-4.30543486
-4.83440730
-4.17104592
-4.59674480
-4.62256181
-4.81053296
-4.58808638
-4.52614397
-2.97153703
-4.74650273
-4.84995138
-5.07081274
-4.34811366
-4.58390074
-4.78492246
-5.07908877
-4.83261916
-4.57924061
-4.83077454
-4.85741477
-4.83128333
-4.81894176
-4.23719976
-3.92991610
-2.44830172
-4.02007289
-0.99003519
-2.67224438
-3.83810974
-3.51193428
-2.94645254
-4.22629231
-4.32133159
-4.21889712
-4.53250514
-3.95823758
-4.12942373
-4.07774072
-5.07573455
-4.28123788
-4.44301058
-4.85454434
-4.46200567
-4.42076855
-5.47303868
-4.44516058
-3.58862448
-4.46241524
-4.68306567
-4.12226761
-4.44670515
-4.39955130
-3.98519381
-5.34282372
-4.20548934
-4.40737999
-4.44667833
-4.10137176
-4.11652967
-4.01871580
-4.35620772
-4.45881732
-4.27378671
-4.39131209
-4.31155877
-4.54518875
-9.00934584
-8.81640409
-8.62227915
-9.44735364
-8.63748434
-9.05188115
-9.46431519
-8.49549479
-8.75603644
-9.12482182
-8.36083796
-8.36030292
-9.38824710
-8.60696965
-6.56716975
-8.05496305
-9.02433825
-8.81090105
-8.36277951
-9.37776126
-7.93025590
-8.69726313
-8.56910186
-8.07182401
-8.12651446
-8.41802485
-8.51612085
-9.28089937
-8.59086607
-8.35242604
-8.86963120
-8.96766038
-9.54405475
-7.95492715
-8.56656770
-9.49248144
-6.15850446
-7.55839812
-7.94311078
-6.05494762
-8.07734403
-8.10994901
-9.04973505
-8.91261832
-8.10353088
-8.21000068
-8.59885257
-8.26180223
-8.22110235
-8.43616895
-8.45956951
-7.82813742
-8.55892742
-8.29896416
-9.94502154
-8.90818669
-8.82233888
-8.87107617
-9.37449935
-8.91590947
-8.82911937
-9.23454258
-9.45185128
-8.85077278
-8.86369971
-9.38031536
-9.87495219
-8.91722387
-8.83896614
-8.41627528
-8.71245424
-9.10716993
-8.88336117
-8.50041174
-8.25593285
-8.53426486
-8.81462778
-8.35159996
-8.06602918
-7.89013908
-8.55341928
-8.66851516
-8.62560342
-8.39854979
-9.29036572
-8.58971387
-9.25194727
-9.47511500
-8.60132491
-8.50477738
-9.39538222
-8.99827380
-8.53119143
-7.39590574
-7.68577696
-7.94716464
-7.85174512
-8.48260163
-8.58974553
-5.55062206
-8.19538275
-7.69228364
-9.29656522
-8.25928417
-7.78608657
-9.01086475
-7.93261209
-7.79085940
-9.28885751
-8.33288164
-9.13562362
-9.05790551
-8.79137047
-8.45304707
-9.37008863
-9.24281606
-9.56245774
-8.59946356
-8.85716197
-8.43806634
-9.08718770
-9.60464947
-8.97902219
-8.74408522
-9.17843700
-9.60213578
-8.76065040
-9.52228257
-9.84286393
-9.72887106
-9.59952446
-8.20357130
-9.50583564
-9.08248670
-8.80604081
-9.83327920
-8.75760610
-9.12236730
-9.54937274
-9.33450233
-8.84253295
-9.72072887
-8.83211537
-8.99333339
-8.58512796
-7.84192206
-9.91007429
-9.93066806
-9.69574006
-9.68586324
-8.84413458
-8.64689480
-10.12206384
-11.03972138
-8.78101786
-9.33567730
-9.08289682
-10.20548561
-10.02823700
-9.61381322
-10.08922815
-8.43642478
-9.03449317
-8.26720343
-8.98705062
-8.42799503
-9.02281420
-8.54237452
-8.45138708
-8.56952008
-9.75775663
-8.67758275
-9.92292717
-9.52173678
-9.60309162
-9.75581037
-9.36210514
-9.65791149
-8.84652458
-9.70960004
-9.95993169
-8.74509835
-8.97348728
-8.72414030
-9.85625431
-9.02784174
-9.02692151
-9.74385854
-8.75508078
-9.90935182
-9.69726498
-9.31679197
-9.82594591
-8.88193310
-9.53608336
-9.20768518
-8.70071674
-8.80646188
-9.98998409
-9.64167882
-5.75985705
-6.07076625
-6.36372982
-4.32585151
-4.85465730
-5.22418488
-4.35274494
-3.75480728
-3.56045219
-4.20473480
-3.85853567
-3.73986438
-3.30721037
-5.88871868
-4.61887111
-3.78027207
-4.89160342
-4.88663886
-5.72601151
-5.63961207
-5.78940340
-6.25402874
-5.57806145
-6.03117494
-6.07220238
-6.08020649
-6.15679644
-4.46748904
-4.82284938
-4.02437715
-1.54658961
-1.60189369
-1.72245187
0.06417006
-2.86961687
-1.80246221
-5.98027578
-6.39773585
-5.50924487
-6.03439894
-6.35899459
-6.06689831
-6.35777273
-6.47462921
-5.75461972
-5.98203384
-4.66866429
-4.38574184
-3.51115935
-3.93483847
-3.67274071
-4.42955757
-4.58735482
-3.68598412
-3.07932378
-5.04305013
-4.50880705
-3.47295943
-3.35418752
-4.53391411
-5.20626685
-5.00485186
-5.59539020
-4.54728561
-4.05513189
-4.99230244
-5.82221115
-6.38299690
-5.46486624
-5.78196146
-5.65422440
-6.07597823
-6.22831133
-5.72502446
-5.88632662
-4.74982183
-5.49661554
-5.70419326
-5.66913371
-2.88185914
-5.50941776
-4.63440514
-6.02274155
-5.95486749
-5.53771760
-5.58137712
-5.65961623
-6.24095472
-6.05389810
-5.94525328
-5.84088714
-6.19992846
-6.38632816
-6.05708076
-6.49703983
-6.03201532
-6.10982907
-5.90727829
-6.02168590
-6.10146799
