-12.56315216
-11.02274312
-11.63885143
-12.10002362
-8.67691646
-9.95783102
-11.16452706
-9.88674900
-11.26640332
-11.48301385
-11.98623170
-12.30907054
-12.20551884
-11.35343406
-11.42957815
-12.07381601
-11.34005102
-10.90744883
-11.16841048
-11.47483231
-11.45926388
-12.57693960
-12.07095419
-11.39806688
-11.82898131
-12.72824033
-12.36281348
-11.09603223
-11.77918146
-11.54189670
-12.47699467
-12.20529751
-12.35006797
-11.54415137
-11.36137277
-11.79948632
-11.25181523
-11.34746442
-10.52688680
-11.09088219
-8.37868114
-11.32061906
-10.86499219
-10.65751906
-11.40534083
-8.52402159
-8.71990096
-9.77049177
-10.00145129
-9.65168522
-11.37349693
-10.97254473
-11.03573688
-11.58717049
-12.57730388
-10.96560116
-11.26337845
-11.02509188
-12.85701279
-12.02006336
-11.01307371
-10.97217575
-12.04756580
-12.11504193
-12.18661136
-11.91043280
-11.16470755
-12.15486396
-10.16132370
-11.48866329
-11.61503090
-11.89142934
-10.57955002
-11.15651545
-12.16281951
-11.34099964
-12.24115014
-11.33793997
-11.75069835
-11.28966672
-12.00951660
-11.46137683
-12.25845930
-11.15926728
-11.09374182
-11.04931069
-11.00983076
-12.52083184
-12.25382958
-11.12707451
-11.76550366
-11.19724170
-12.37370685
-12.12683715
-12.13314400
-12.53513409
-12.24697785
-12.02442408
-11.51553988
-12.23370957
-9.97041081
-9.40203139
-10.23857441
-10.56663817
-9.71101100
-10.90897626
-9.47604503
-10.45370127
-8.96792857
-10.77975423
-8.94252091
-10.31488489
-9.60440896
-9.50648796
-9.68915368
-9.49770344
-10.07160481
-9.06148114
-9.25639376
-8.41282340
-9.17260135
-9.93010456
-10.49073086
-9.89772151
-10.01268881
-11.22958948
-8.87690676
-10.42818007
-10.38366581
-9.11357503
-9.80514147
-8.91232034
-10.52295655
-7.58896645
-8.90357470
-6.41724673
-8.30451896
-7.74761981
-8.47891026
-8.31978996
-7.74892321
-8.36527877
-10.21649801
-9.87773104
-9.90130513
-10.67312744
-9.68155667
-9.80198224
-10.24165062
-11.19751657
-9.81994340
-9.68293524
-11.38467310
-10.56751102
-10.56073912
-9.50824608
-11.21601186
-9.79470311
-9.77175184
-8.98215356
-10.58175555
-9.85454586
-9.79960966
-9.24783766
-9.79777456
-8.58197704
-8.66248870
-9.92951289
-9.12174855
-9.67978511
-9.75834833
-7.12037097
-7.12037097
-10.17480596
-8.77985981
-9.62608249
-9.67530779
-9.20624727
-9.46082019
-9.63980839
-9.77386673
-8.85073534
-10.57097466
-10.30804196
-8.72175344
-9.32335849
-9.09460900
-10.28841960
-9.20865588
-8.54321725
-10.13923658
-9.85224540
-10.40464360
-7.82651685
-7.56849128
-8.12594901
-7.36370011
-6.84099530
-6.51109634
-4.50875065
-6.72249427
-7.50624649
-6.49355931
-6.51395639
-6.68712414
-6.82460789
-7.36607343
-8.49817620
-7.75805213
-7.17952453
-8.00428611
-7.37729408
-6.92518780
-8.40263212
-8.01075702
-7.97609837
-7.82592658
-7.96901940
-8.41931877
-8.48685190
-5.97492568
-7.31032295
-7.60232786
-8.69916186
-8.66579238
-6.29838753
-4.22645686
-7.77542367
-8.54843749
-8.80970135
-8.09244157
-8.57980042
-7.25414182
-7.78153302
-8.01257884
-6.46128851
-5.71496058
-7.48266275
-6.96301087
-8.12621567
-7.32639374
-7.36594389
-7.41552443
-6.57577313
-7.56748228
-7.51062189
-7.62461215
-6.20969474
-6.14252402
-6.40290054
-6.01155840
-5.89555454
-7.92952486
-7.32125838
-8.20702013
-7.77335151
-8.70424110
-6.35481641
-6.82937839
-7.76138416
-6.90157094
-8.25120911
-7.75525686
-8.62285816
-8.43916396
-7.76523775
-8.53513145
-8.56190638
-8.53920870
-8.13343225
-8.06743712
-8.73907926
-7.37814678
-8.64612055
-8.61549810
-7.99022477
-8.14298206
-8.70067592
-8.16922979
-9.16040204
-8.72207018
-8.40412229
-8.04525541
-8.06535068
-8.49719931
-8.37421881
-7.92190872
-5.72138885
-5.34805386
-6.07888057
-5.75491930
-4.45524095
-5.95461461
-5.94735593
-7.94646855
-8.52904559
-8.61823660
-7.62950240
-8.55430375
-8.56618649
-12.50861034
-12.17386237
-12.19190082
-11.96340179
-12.34185622
-12.34628099
-13.54733148
-11.98780830
-12.70130744
-12.96513317
-13.52093394
-12.52317640
-12.15838844
-13.14111230
-13.62012988
-13.51592522
-12.18114491
-12.32657359
-12.38840030
-13.49023151
-12.74360683
-12.85772571
-12.68210805
-13.61721721
-8.31272085
-12.28711472
-12.33784086
-11.29583210
-12.22161723
-12.43320004
-12.27799041
-12.33459796
-13.15885676
-12.41277645
-12.61719496
-4.78994963
-12.04661328
-12.30489130
-13.20459088
-13.06128258
-13.39569640
-13.22304944
-10.10193778
-13.43540127
-9.88544076
-7.21684695
-8.01356599
-14.21950631
-13.43685311
-13.32524878
-13.79245377
-13.04862864
-12.31824585
-13.19322624
-12.96890999
-13.69942730
-12.81194034
-12.81194034
-12.84092768
-14.07960695
-11.79932292
-10.80746555
-13.61659019
-12.80610885
-14.10370729
-13.65155163
-12.67523352
-13.08261410
-12.24288436
-12.45706850
-10.69763238
-10.19583766
-12.22664503
-12.43461136
-12.65921981
-12.02007625
-12.17699187
-11.78360318
-13.10592481
-13.77271985
-11.46798258
-9.25286730
-12.66216770
-11.70045812
-11.97832606
-11.37342136
-13.37423285
-10.01797697
-11.88004898
-8.32026525
-13.75922684
-13.06206903
-13.09000476
-13.18727571
-14.43510953
-13.37711973
-13.00319202
-14.37474733
-13.11297760
-14.28680946
-4.58591983
-6.86652765
-7.40644626
-4.24375557
-9.09418120
-8.05131454
-8.72287645
-7.46779591
-8.12419633
-7.94613911
-8.02528610
-8.27504617
-8.25253621
-9.18419047
-3.97585569
-7.83169473
-7.51962928
-8.08065729
-7.62917906
-8.08832432
-7.64100798
-8.26858382
-8.08529173
-8.27699504
-6.82084602
-7.62294829
-7.77384968
-7.19319030
-8.35281088
-7.18974458
-7.20848871
-8.07482640
-6.63329385
-7.79740973
-7.84447576
-8.28926061
-6.47288309
-6.33371917
-6.33108011
-5.46793691
-7.20606937
-6.73488913
-5.42679322
-7.03097664
-6.60090586
-4.37270867
-4.88024184
-3.46385361
-7.44383092
-7.15882061
-2.35065311
-3.46151431
-4.50805068
-4.93346708
-7.61360340
-5.90043550
-8.18520553
-8.86753918
-8.16774736
-8.32598625
-8.96031064
-7.69763574
-8.06681173
-8.64433602
-7.40147673
-6.89457294
-5.77682294
-8.81300971
-8.90675330
-7.76250770
-7.96688352
-7.70092396
-8.10642181
-7.79114978
-7.91393257
-9.06206036
-7.35254081
-7.81084660
-8.24377735
-7.79381235
-7.86582666
-7.80966985
-7.41486315
-7.35157981
-7.52421174
-7.04647412
-7.54487217
-4.41572694
-6.93542333
-7.38904898
-5.37607560
-6.00734932
-4.71105503
-5.00947531
-5.85020481
-7.05317653
-7.11799791
-7.90059194
-7.09196071
-5.72312454
-15.29710013
-15.46848575
-14.44507244
-12.24600839
-14.08143998
-14.25754751
-14.17398863
-14.44051770
-14.87067124
-15.12360625
-14.74221298
-14.92123882
-15.40336830
-15.34636505
-15.57052630
-15.87638241
-15.60597969
-15.81186036
-15.53530368
-15.71290095
-15.89791378
-15.42689036
-15.59940390
-15.33739748
-15.42997681
-15.52899084
-15.49200985
-15.66684542
-15.16837824
-12.40478375
-14.43113638
-14.34236672
-12.61377683
-15.18721290
-15.03770756
-15.25855709
-15.15068247
-15.94142375
-15.30452684
-15.85296789
-15.06889082
-15.21985795
-16.10681917
-15.74953907
-15.55201925
-15.64361961
-15.51545985
-15.43924982
-15.21230073
-14.78641151
-15.25613539
-14.25737261
-15.26371866
-13.94649799
-14.75037036
-15.28931738
-15.21081873
-14.83339638
-15.27526695
-12.89820591
-12.33868276
-10.19311445
-10.49829567
-12.73517417
-13.67919799
-12.37630176
-14.83823932
-15.60939988
-15.61687178
-15.77123570
-16.02442319
-15.66437790
-15.77826503
-15.86944772
-15.30267992
-15.16134408
-15.70065130
-15.96434845
-14.79364924
-15.44882538
-14.16227568
-15.76540267
-15.54451036
-14.88774225
-16.23079388
-14.87863305
-16.65932266
-15.28417612
-15.93677518
-15.40123557
-15.89092091
-15.40458278
-16.72299926
-15.74954125
-16.64539027
-15.35145901
-15.87498326
-16.09628826
-15.49354847
-15.54437020
-10.23521333
-9.55887661
-10.24211299
-10.15456015
-10.03200967
-9.82662124
-9.36446230
-9.26942396
-9.50567385
-9.37904051
-9.60461874
-9.41230119
-7.79441542
-9.31028373
-9.44017127
-5.93171114
-7.77914171
-8.32268356
-5.84349821
-6.97336805
-9.13047341
-8.96735746
-10.29859253
-9.93001079
-10.35361471
-9.80668383
-10.27198028
-10.17282104
-10.30399126
-9.48483823
-10.84633797
-9.93557880
-10.55506679
-10.24929536
-9.43848986
-9.67135719
-9.82329730
-9.69977669
-9.65708770
-9.56694642
-9.64799094
-9.51260363
-9.65721907
-9.62545667
-10.39881806
-10.92446240
-10.03525608
-10.92444159
-10.10117019
-10.12356850
-9.97876872
-10.43274236
-10.03793876
-9.87421066
-10.55188885
-10.57262559
-10.32882855
-9.90464428
-10.51545517
-10.65098324
-9.89839636
-9.97421674
-10.25921342
-10.57157653
-10.82901965
-9.55202198
-10.56675189
-9.68665294
-10.38896413
-8.60190830
-8.98428543
-9.79185632
-8.78189810
-9.15432545
-10.27517987
-9.34384716
-9.34280647
-10.27259751
-9.26447877
-10.69141707
-9.69004135
-10.12706282
-9.21808631
-9.67200548
-9.68705373
-9.61530900
-10.21416093
-9.54516411
-10.20361243
-9.71111903
-9.61445605
-10.97922296
-9.97579146
-10.14736297
-10.83048561
-9.77122839
-10.17057971
-10.15599981
-9.73453425
-10.75273287
-5.75499300
-5.07915333
-5.25679839
-4.98450933
-5.35554005
-5.67683590
-5.32681077
-6.03639955
-6.33311183
-5.36886138
-5.61489477
-6.60940701
-5.68232301
-6.89218508
-6.08002554
-5.60881195
-5.80298027
-5.07329720
-5.78937627
-6.02658553
-5.64429025
-5.94979512
-5.83592218
-5.87448987
-6.05352818
-6.51244696
-5.93169777
-6.19398428
-6.13637221
-6.45858772
-6.30216204
-6.05754757
-6.91529963
-5.97060780
-6.23024187
-6.25312481
-6.00566100
-6.40530663
-6.75111563
-6.12584886
-6.54938822
-5.90740768
-6.17349877
-6.34518502
-5.97572428
-6.31371458
-6.25363644
-5.89527641
-5.79400649
-5.72964860
-5.69905222
-5.57468656
-6.09028225
-5.48872621
-5.30967098
-5.41051200
-5.62658744
-6.20081410
-6.18833580
-6.16733504
-5.96993382
-6.16879584
-6.23608583
-5.65252345
-5.67143130
-6.13122957
-6.29519824
-5.94706748
-6.58303062
-5.77953866
-6.07273540
-5.95012391
-5.68318140
-5.88418420
-6.00240753
-5.49832906
-5.73950441
-6.30152126
-6.30277331
-6.69276553
-6.56380655
-6.04329907
-6.38769870
-6.46429646
-6.38232279
-6.73628922
-6.44290570
-6.23101382
-6.13553866
-6.44812127
-5.71468353
-5.73483905
-5.90790834
-5.76898107
-5.90577385
-5.63272578
-5.59870604
-5.85534671
-6.22489057
-5.99440408
-3.91697450
-4.25722099
-4.11088266
-4.27759461
-4.27984700
-4.18697123
-4.42001103
-4.82838320
-4.96182960
-4.60627940
-4.81529914
-4.74324885
-4.67378691
-4.75824130
-4.71268791
-5.08775578
-3.99106899
-5.07195888
-5.06368897
-5.05318611
-5.13651566
-4.91714179
-4.55689723
-5.16445978
-5.13067633
-5.14317646
-4.08951125
-4.47325837
-4.55567942
-4.15980995
-4.11415902
-5.07124393
-4.55136440
-4.93690938
-5.07119782
-4.91996753
-4.33570026
-5.03935845
-4.20266354
-3.56424951
-4.65475983
-4.44961933
-4.55936579
-3.97138734
-4.58107783
-4.64663782
-4.38409211
-4.71944833
-4.56451243
-4.71248453
-4.46985369
-5.18173771
-4.38644372
-4.87667022
-4.83757253
-5.01482937
-4.82846700
-4.41327415
-5.03564462
-4.69059147
-5.11225777
-5.05873170
-5.15216006
-4.95308215
-4.63688922
-4.68406212
-4.87068204
-5.10222101
-5.19801913
-5.08948813
-5.00087096
-4.96700001
-5.54486702
-5.29561464
-4.49095197
-5.35652364
-4.67894781
-4.85330944
-4.94260970
-4.82974879
-4.48943116
-4.80705937
-4.83134530
-4.94046745
-4.88217923
-4.59535160
-4.73172980
-4.17079291
-4.34795208
-4.80679289
-5.25056060
-4.99827650
-4.94512117
-5.16459671
-4.37219369
-4.84640198
-5.00476794
-4.42183823
-4.81400346
-5.08172482
-9.28655325
-8.34006861
-8.66413165
-9.74031130
-9.20166809
-9.42990861
-10.92258291
-9.51322768
-8.64499028
-9.55837345
-9.77863213
-9.87105986
-10.18723220
-8.56610098
-9.11801128
-10.17807942
-9.72581159
-9.35600630
-9.29034974
-8.73076451
-9.86799025
-7.20144311
-8.64242739
-8.52059368
-8.68321833
-8.53064111
-8.14681552
-8.36074821
-8.52888343
-7.29051535
-7.85047822
-8.25811549
-7.68177238
-7.79920637
-7.92010146
-7.77413029
-6.40914657
-8.54939074
-8.25154215
-8.03061446
-8.71614809
-7.35284771
-9.08518183
-9.74295775
-11.36412355
-9.93611934
-8.82041447
-10.15041728
-11.28504522
-10.85818713
-10.93666831
-9.90772485
-8.57655228
-10.17972044
-9.06036433
-8.54207800
-8.79332226
-9.47779606
-8.10575974
-9.54437719
-9.26301101
-9.55625962
-9.59670150
-8.98333763
-8.97831648
-8.90023677
-8.73880967
-7.59882144
-9.02569150
-8.65239631
-9.01065051
-8.84152063
-5.88621621
-6.66984616
-7.85348334
-8.53344250
-8.86476305
-7.98159488
-8.47821837
-8.34090029
-8.02581286
-8.48249183
-8.46730075
-7.40587293
-6.00883112
-8.92907268
-7.49178308
-7.43872922
-7.75579752
-7.52989586
-10.16544781
-9.98589722
-9.67891606
-9.59745784
-9.66997652
-9.65048397
-10.01544491
-9.88933164
-9.72350588
-9.96209390
-4.72079959
-5.05980845
-5.62032164
-5.47359086
-5.05624003
-5.26851737
-6.59692118
-5.41816957
-5.89584743
-6.38045565
-7.30400670
-6.13010732
-5.92530328
-6.07935243
-6.28873335
-5.53912927
-6.55063541
-6.11496829
-3.78936028
-5.23237002
-5.60877908
-3.92911544
-3.56042183
-4.20788689
-3.34293392
-2.86703832
-4.72155095
-3.28664978
-3.89407094
-3.65090447
-2.97437838
-3.84341585
-3.00385517
-3.53582701
-3.30175330
-3.24357232
-3.08044960
-3.73597773
-2.64814222
-2.28964530
-1.46635376
-2.18144440
-2.51093599
-1.90396600
-2.44189045
-4.63763827
-4.38755448
-4.90283619
-5.48691847
-5.22406963
-6.41998111
-4.60793917
-4.54712930
-5.05186470
-5.26207593
-4.29467846
-3.08641496
-5.10805390
-4.08606844
-5.06806793
-5.14948622
-3.68577200
-4.07995798
-3.26720657
-3.39407685
-3.96305162
-4.17814202
-3.59177330
-3.36666929
-6.06505216
-3.85146430
-2.54595066
-2.80322912
-2.79666293
-2.64773301
-3.16354950
-2.47646956
-2.86975288
-3.47270583
-2.85808471
-3.08679561
-2.07513450
-2.46940222
-1.65346167
-2.11577376
-1.44036548
-1.50975378
-2.24409566
-6.74007646
-5.45663573
-5.64444407
-4.90830027
-4.89156143
-5.43829024
-6.18376402
-2.69164759
-2.75740150
-6.29056916
-6.25565916
-2.51949445
-7.61782352
-8.93272275
-8.79255480
-7.98267891
-8.35193927
-8.42801107
-8.00578236
-8.52695677
-8.70543041
-7.04377531
-6.90326801
-7.32946107
-7.17353376
-7.97745282
-8.23354020
-6.01935219
-3.85691042
-5.38225191
-5.44125027
-8.36641098
-4.36212362
-4.19971192
-6.26353751
-5.10105109
-6.19749235
-5.85454385
-5.94050030
-5.02238545
-4.96913645
-6.89077995
-6.12542425
-6.22181073
-6.44374597
-7.28087239
-7.46787320
-7.47794257
-7.33520189
-7.30291962
-7.21548456
-7.90089767
-7.27603331
-7.19300430
-8.19006991
-8.53298616
-7.64402890
-7.38866578
-8.33029087
-8.30149889
-8.31661096
-8.57187377
-7.78496264
-8.89728592
-8.47520002
-6.83168179
-7.93767181
-7.76821561
-7.65084387
-8.76956173
-8.42106541
-8.20369818
-7.92732717
-8.00575217
-6.92076069
-5.53178253
-7.06698693
-5.78616005
-7.19665508
-6.48351699
-5.71041903
-7.09841304
-7.11205097
-7.71865159
-6.13220223
-7.52438412
-6.14870290
-7.64177085
-7.67466940
-7.56383006
-7.53744221
-7.03015025
-7.91549314
-8.00093587
-7.40197964
-6.54701473
-7.82884501
-7.82376987
-7.41679859
-7.81802240
-7.95438266
-8.72870310
-8.02006846
-7.86725898
-8.28769893
-8.18350286
-7.74692331
-8.17487589
-8.34468874
-7.65770713
-3.70063484
-5.35291133
-6.10747713
-7.30848351
-6.55583091
-7.30914531
-5.63084213
-4.79670192
-4.67937818
-5.45730875
-5.23561085
-5.62098775
-6.46425392
-4.34044128
-6.22740191
-7.29713937
-7.29756769
-7.54342812
-5.43678196
-7.28601072
-6.30008143
-6.36135568
-6.11679562
-6.05072239
-7.18981703
-6.00361622
-7.15451671
-5.19042481
-6.49567974
-7.23904693
-6.50925043
-6.84637287
-5.53951192
-5.92611501
-7.34735242
-6.92976564
-7.47127328
-6.93145279
-5.28552229
-6.93463138
-6.63231042
-5.64759477
-7.57086434
-4.42703299
-7.45197708
-6.57845250
-7.50588752
-5.90535937
-0.21861413
-2.57764525
-2.24941263
-1.99817995
-2.48666425
-5.12752362
-6.71329335
-6.49350124
-6.24266237
-5.68360790
-5.96840714
-6.10531117
-6.88645752
-5.91727851
-7.24765200
-5.78767933
-6.45034721
-6.08782139
-6.14311040
-5.36181615
-5.03144598
-6.05279537
-5.20104966
-6.82719052
-3.67887151
-6.12345928
-5.87781906
-4.32280984
-4.12005001
-5.50152953
-5.25565888
-4.89177668
-0.66785927
-5.17592397
-5.38941691
-6.20934705
-6.03149944
-5.49861392
-5.44622449
-5.63172799
-6.70888682
-5.27809231
-0.51953042
-3.42112116
-7.43894054
-7.83399887
-6.37380313
-6.88346115
-5.82509441
-5.94912792
-6.08962287
-7.86374262
-6.61266313
-5.60676313
-9.70197240
-9.17816973
-9.22913927
-7.69657699
-8.71926880
-9.41135225
-9.06018202
-8.62944393
-8.69902260
-8.83828651
-8.65594793
-9.88281764
-8.83712239
-8.58309191
-9.14310486
-9.81289283
-9.31332696
-8.85371005
-8.47690125
-8.62990242
-8.17533702
-9.96922112
-9.14531736
-8.05699859
-9.03644532
-8.79507829
-8.82652300
-9.56529946
-8.40566972
-8.41464616
-8.68831100
-7.86431079
-10.09881458
-8.47963472
-9.10875068
-8.09386574
-7.43559629
-8.28587835
-7.09479062
-5.13597435
-5.18807362
-7.08710456
-7.17041330
-6.31915685
-6.69295868
-8.22773340
-8.47850647
-9.13291839
-8.56097575
-9.09085381
-9.71884349
-9.66745857
-10.00081935
-9.08154768
-8.37938246
-8.60638883
-8.40558107
-9.78893757
-9.06470904
-7.89345520
-9.09320773
-8.79688638
-8.62472171
-10.04803787
-8.37944199
-8.59622744
-9.63389027
-9.42120739
-9.23055842
-8.68068623
-10.11123682
-8.49493984
-8.53116839
-8.46117898
-8.56286884
-8.93540464
-9.94277500
-8.59552495
-6.80967596
-8.57363581
-8.68074541
-8.64557849
-8.82937447
-8.11433094
-8.34271092
-7.02794594
-8.38348690
-7.83451427
-7.70735438
-9.48094404
-9.37807552
-8.65572656
-8.91734426
-8.77982673
-8.96310015
-8.95518071
-9.01829478
-7.66423461
-9.12965040
-9.13688855
-16.50391394
-16.41770651
-16.39510180
-16.35184701
-16.36126213
-16.31897221
-17.52496224
-16.35959640
-16.08712478
-16.64690717
-16.95269379
-15.33765481
-16.00836667
-16.00678106
-15.92578501
-16.15772760
-15.83698149
-15.83679449
-15.93488739
-15.43907376
-14.28517525
-14.38201328
-13.74415799
-16.42600138
-14.37121748
-13.94398037
-13.77255491
-14.07644025
-14.36514095
-14.57968911
-14.39830892
-14.55858266
-15.94241852
-14.37552720
-15.64823559
-15.64115573
-14.46420431
-14.08027832
-15.54090528
-15.88857122
-16.26287228
-15.08314160
-15.14606288
-15.90095315
-15.96785420
-15.98756714
-15.06022946
-15.83465675
-15.44432084
-15.79524573
-14.36758564
-13.49948472
-14.14773053
-14.40270155
-13.91249993
-15.41798772
-14.25533244
-15.29252793
-13.89438175
-14.03346818
-13.89022586
-14.31492031
-13.33012800
-14.30042319
-13.72637670
-16.10545259
-16.36679602
-13.75471882
-14.67283241
-15.80357629
-14.94584360
-14.76712903
-16.32952398
-16.13206564
-16.32541049
-16.06768830
-16.60706277
-16.62073531
-16.43633337
-16.07730166
-15.94467263
-16.41345387
-14.34054115
-14.13307315
-15.69389943
-15.22140116
-15.24347819
-15.89813345
-15.13847836
-16.01906259
-15.95596866
-14.91359115
-15.64330264
-14.43874450
-15.15549172
-14.95915998
-16.17629074
-16.59723714
-15.96286569
-15.15099444
-11.43640468
-10.91783874
-10.83334778
-11.30846608
-11.24402724
-12.06725419
-11.97089687
-10.80143642
-11.66403075
-11.37256557
-11.41318480
-12.26548385
-10.93538735
-10.58643688
-10.61163845
-11.03570607
-10.15576381
-9.76752919
-10.06044049
-10.65244985
-10.10438595
-11.53977711
-11.65055249
-11.46529612
-10.91612915
-11.44725463
-10.88815905
-11.57846692
-12.39757031
-10.73875934
-10.86938892
-10.77467121
-11.39768608
-11.18539182
-12.58542157
-11.40951426
-11.45088566
-10.83302142
-11.34961225
-10.88222597
-11.07958888
-11.03842077
-11.14355500
-11.06713956
-11.56757822
-11.58142565
-10.97168174
-11.25521188
-10.76225070
-11.28245483
-11.64871953
-12.74549360
-11.43053741
-11.15110435
-11.51310043
-11.69446254
-10.99105134
-11.30480388
-9.38770040
-9.73198378
-9.03955224
-8.95841644
-9.54506514
-10.47967049
-9.28332349
-9.76034323
-10.67264495
-11.37849482
-10.98514698
-12.62830886
-11.22170839
-10.70888741
-11.82669733
-12.57339892
-11.33405743
-11.60065180
-11.42236654
-11.67560308
-11.11991829
-11.35462541
-10.67712484
-10.85190866
-11.03615797
-10.97833575
-11.40622356
-11.52431679
-12.17072943
-11.38621685
-10.64586916
-11.52121616
-10.62214228
-11.84783820
-10.84419415
-11.49697386
-11.11323778
-11.68932576
-11.67004170
-11.22840432
-11.35200155
-11.56592970
-8.64367173
-9.22570152
-8.59062445
-9.80025001
-9.30672142
-9.02173616
-9.22675984
-9.55275046
-9.13812366
-8.94925261
-8.60908215
-7.97111005
-9.94975482
-9.88195945
-9.07677030
-8.43127390
-8.95768940
-8.66914991
-8.62391234
-8.77722907
-8.38626071
-6.62079541
-8.65713485
-9.01711996
-8.60880017
-9.45989202
-8.41204406
-9.08949080
-8.70889737
-7.98523921
-8.32020058
-8.29224154
-8.92185496
-8.98328035
-8.79925243
-9.01858964
-9.16902316
-8.80952827
-9.71321238
-9.88462138
-9.45003112
-9.23539786
-8.93852254
-8.78382567
-10.05670025
-9.44472268
-9.70780549
-8.91673764
-8.95162476
-9.47611825
-9.31760851
-8.76863537
-9.00055796
-9.10658171
-9.75606489
-9.86799175
-9.03516029
-9.12949742
-9.31012282
-7.39537944
-8.05398156
-6.02675907
-6.12347612
-6.76029364
-7.53757406
-5.78426413
-9.05256651
-8.71530360
-9.17669106
-8.77809395
-8.23694170
-8.53629304
-8.87175725
-9.32267176
-8.68069983
-8.55003853
-9.75598713
-9.18304270
-9.46299779
-8.95446464
-9.59128150
-8.95153712
-8.77674506
-9.10512377
-9.48119294
-9.26636811
-8.77976690
-9.09518373
-8.94734486
-9.04648452
-9.54692283
-8.86073306
-8.74304512
-9.73555614
-8.34305987
-9.18568941
-9.12712716
-9.27577481
-9.67730914
-9.74458555
-16.14984609
-16.07906402
-16.06158457
-16.07326546
-16.06166893
-16.00696463
-16.01673646
-16.26055515
-16.12661468
-16.30884646
-15.76608237
-15.76396698
-15.84468402
-15.48482202
-15.68960117
-16.04034648
-15.75018259
-17.43394668
-17.42009229
-16.28194373
-15.88390137
-17.53685947
-15.95939048
-16.24477184
-16.10205983
-16.00632871
-16.17321837
-16.24079487
-16.10879920
-16.28723263
-15.75058756
-14.57720849
-13.35128388
-16.55201015
-15.26463839
-16.16989490
-15.37453618
-15.49033217
-15.58139378
-14.09723984
-14.78580671
-15.07675802
-12.74430825
-12.04090369
-12.46855262
-12.08066882
-11.75345659
-13.33438556
-14.67640344
-13.19056352
-13.72398188
-17.57732388
-16.21584934
-17.28733243
-16.06834294
-17.23312652
-16.04978357
-15.76365886
-15.81180444
-15.84830610
-16.06640074
-15.55456429
-15.50421753
-15.69495797
-15.55402351
-15.44281703
-17.12062252
-15.81961739
-17.13680852
-17.30125019
-15.40229969
-16.14158611
-15.81904544
-16.08086997
-16.19826283
-16.14120896
-16.19573526
-16.19755263
-16.23473971
-16.19975415
-13.90461366
-15.89494447
-14.38108474
-15.64293194
-15.69025004
-17.04170939
-15.33612263
-15.80992163
-15.69148518
-14.97972962
-16.14116389
-14.69534100
-13.75843401
-14.71243810
-14.82286336
-14.04230617
-13.61099327
-13.60623806
-15.44558410
-15.44235537
-5.50420972
-5.38268508
-6.53078703
-5.20764220
-5.93438874
-4.67767989
-6.04438034
-5.21888136
-6.03688346
-5.91269465
-6.06460095
-6.01087478
-6.35778463
-6.57797178
-5.10963810
-4.65558522
-3.58955078
-4.16632407
-4.34635121
-2.90500034
-4.70005104
-5.88972105
-4.37167646
-4.56629160
-6.19318352
-6.32314969
-6.31633483
-6.16942994
-5.88121304
-5.27894388
-5.64772347
-5.54974910
-6.04438862
-6.05531767
-4.63821252
-5.86290528
-6.15253808
-6.79272390
-6.61886555
-6.09926139
-6.59534096
-6.53189568
-5.97532207
-7.05781415
-6.45146369
-6.56944358
-5.41908443
-6.28465737
-6.29871730
-6.37891765
-6.65924500
-5.81694696
-6.14003693
-6.87052828
-6.11734613
-5.70757703
-6.13057057
-6.29487017
-6.23440990
-6.64878583
-7.04201824
-6.30613455
-5.98221618
-6.37665279
-6.06004956
-6.51885970
-5.01042853
-3.84298973
-3.97992181
-4.04198858
-4.91365528
-3.56489829
-3.88942534
-4.80571188
-4.79081109
-5.13906473
-5.36483907
-5.90219168
-4.89252702
-6.12980386
-6.09021132
-6.37367132
-5.47373810
-5.89632329
-5.59955010
-6.79565586
-5.90789760
-5.75270547
-5.61628394
-5.77926520
-4.89475123
-5.71783596
-5.55366771
-6.21624120
-6.59781079
-7.07965104
-6.64656645
-5.58516168
-5.36885031
-5.43863410
-11.64446241
-11.54919400
-10.90461624
-10.50226725
-10.07353498
-11.11561207
-9.82513699
-10.00557608
-11.41355388
-9.96965061
-10.43555903
-10.95569983
-10.41517649
-10.93788817
-10.58445625
-10.92507431
-10.43113523
-11.25726822
-11.48344663
-10.27530123
-10.79517442
-10.34382368
-12.40126008
-10.12885346
-9.95755267
-9.94261919
-10.00358520
-10.56446538
-10.48630304
-10.42706395
-10.37582742
-5.15548058
-6.77289358
-6.22835891
-7.63821038
-6.72939498
-7.73436670
-6.78234907
-10.77022338
-10.81202310
-11.41206773
-11.12594354
-11.23092652
-10.70873744
-11.21191922
-10.61450719
-10.81315658
-11.51529226
-10.84250111
-11.07705280
-11.34429588
-11.62515013
-11.19430323
-11.29900290
-10.54382031
-11.53277046
-10.65012323
-11.52155942
-11.58945437
-10.78727323
-11.40107220
-10.98797350
-11.01473832
-10.94832107
-11.09876694
-11.17003343
-10.77456551
-10.46150015
-10.80133981
-10.28161052
-10.57941606
-10.81383108
-11.48792093
-10.98102547
-11.28699954
-9.92056544
-10.05435936
-6.91980866
-7.96766431
-7.27384630
-9.78280423
-9.49368225
-9.18078179
-9.92247105
-10.51759097
-10.27511092
-10.88340355
-11.03218848
-11.28826050
-10.49478356
-10.46855200
-11.05531978
-11.10829571
-11.01711868
-11.07417835
-11.12774936
-11.01446567
-11.81871520
-11.31236856
-9.98449439
-9.58466621
-10.21079951
-9.60680268
-9.40421565
-10.15194172
-11.13626453
-9.48330618
-4.05310276
-7.76600938
-8.00865897
-9.37665392
-10.27886032
-8.91386757
-10.26939190
-10.26188132
-10.84616304
-10.34404774
-10.60272241
-10.41081302
-9.77963251
-9.83940242
-11.39423467
-2.86634305
-1.92063112
-8.56115196
-10.13551687
-8.95422219
-8.68710050
-8.28189056
-9.83897063
-10.13034636
-9.84099566
-9.82813164
-9.87770072
-9.98140880
-9.78597664
-10.31492200
-9.60173911
-11.41805297
-9.03425894
-8.83861275
-9.02452882
-9.06199570
-9.21396746
-10.34724974
-8.84644654
-8.49643860
-8.18891323
-8.29040562
-8.21284928
-7.64675762
-8.31009572
-8.48181024
-8.39891805
-8.47498363
-4.46404139
-5.47237789
-6.02770311
-3.46708066
-10.62188907
-10.54430031
-5.15617793
-3.81855036
-4.31880661
-5.45223952
-4.97217597
-5.94355590
-4.29400895
-2.38182218
-2.36298712
-3.98672921
-11.63639635
-10.14416442
-9.63186414
-9.99223558
-9.72708840
-10.02905751
-9.72720661
-10.11201544
-9.94998212
-10.45882349
-9.88355682
-9.69678780
-9.92722974
-9.73991278
-9.87530633
-9.96753865
-8.92612028
-7.78125994
-8.73648750
-8.46424055
-8.18700051
-6.42329028
-6.81517694
-6.79244408
-7.18592241
-7.28321605
-8.28405991
-8.44933251
-9.05045817
-3.20231233
-2.22238491
-3.14959138
-2.30234792
-3.18583914
-0.71781413
-2.37354564
-2.72145261
0.72657197
-2.11056402
-2.47729318
-1.74092228
-1.48472420
-0.97919234
-0.92236447
-1.20778310
-0.26419943
-2.20941471
-2.87613585
-2.22051838
-2.30078373
-1.83997330
-2.50516505
-1.89196863
-1.13612265
-2.80796939
-1.72565944
-2.09255574
-2.53607500
-2.15176266
-2.36759699
-1.62930192
-2.18876099
-2.13372933
-2.54980235
-2.13168111
-2.44970310
-2.01360707
-2.53074140
-2.11761002
-2.14106174
-3.08923999
-3.75913449
-2.54837622
-2.77993082
-2.64690341
-3.21326931
-2.41642723
-2.90202643
-2.16488926
-2.37466019
-3.38713484
-0.55787912
-2.20564807
-2.06172838
-2.41063595
-0.64314713
-1.38792514
-1.82057018
-2.19824582
-2.67318149
-3.69847529
-3.71344338
-3.17747110
-2.68296898
-2.66726523
-2.87883457
-2.60755244
-2.24453547
-2.66973341
-2.77970440
-1.23914406
-2.58336858
-2.36285805
-2.40808785
-2.80761502
-1.87591120
-1.77666948
-2.38844214
-2.29284923
-2.19360684
-2.14787876
-1.38790574
-3.16372115
-1.35089907
-2.97504790
-2.88846280
-3.08557955
-2.50981525
-3.14853665
-2.75786540
-2.44762973
-1.87755258
-2.91091945
-1.58542854
-2.65727548
-2.00939951
-3.94324050
-3.16364192
-2.92331114
-5.20199770
-5.94686468
-5.04684566
-4.20202369
-5.61391757
-4.93515411
-4.91015488
-4.24336091
-5.34593474
-5.10200168
-4.95268262
-5.79247144
-5.95526221
-7.03320468
-5.34630807
-5.23311132
-4.76592032
-4.64297089
-4.92216349
-5.69749762
-4.75676594
-5.20502252
-4.86432204
-5.84264859
-5.65906780
-4.65491772
-6.28099662
-4.61625025
-4.78305622
-5.68118218
-6.13736396
-5.80135167
-5.57202424
-3.35595979
-2.55546751
-3.27249283
-3.84980892
-3.99643731
-1.73157522
-3.27459005
-3.29575080
-4.58712902
-5.30593175
-5.27611025
-5.89139806
-5.61948317
-4.05491020
-4.90784004
-3.88471484
-3.88757924
-4.37194566
-4.48201328
-4.86824353
-5.00181712
-5.18975978
-5.27335544
-2.33225014
-5.81294544
-5.24863540
-5.83340419
-5.54206496
-4.04875412
-5.65965327
-4.73503923
-5.05510571
-4.71591778
-5.01106764
-4.61705011
-5.27590821
-5.81491408
-5.81259970
-3.80260997
-4.51041137
-5.54764346
-4.32529357
-4.12347603
-4.70573933
-4.72279912
-2.70639193
-4.65317031
-4.91471365
-4.69508606
-5.11135362
-3.91694611
-2.95368178
-5.95377740
-5.70014296
-4.94284690
-5.19234841
-3.93436537
-4.61546716
-4.44740356
-3.84331120
-3.88271303
-3.68041127
-4.63867983
-4.75361023
-4.04597699
-4.05949075
-3.76636752
-9.12667070
-8.95102459
-8.69483370
-7.10020027
-7.60689509
-9.53894039
-9.30004716
-9.60390981
-9.41494982
-9.96997736
-9.42032059
-9.29099927
-9.83198785
-9.66873015
-9.59474844
-8.02354116
-9.69444310
-9.55559315
-10.26384919
-10.63371983
-9.44408017
-10.33575350
-10.56910848
-10.65185421
-10.01366002
-10.65385579
-10.56218460
-10.72651584
-10.58690891
-9.94343689
-10.80379053
-10.45822965
-8.87344540
-10.85836183
-9.04180701
-10.62140042
-10.91280687
-9.67225346
-11.05159508
-10.52053431
-10.45326211
-10.23107206
-9.84641335
-10.50510424
-9.78825656
-10.69591078
-9.73825899
-9.15444625
-10.27175455
-11.03295700
-10.18540893
-10.94430043
-9.31366533
-10.30965463
-9.86365850
-10.80034153
-8.99698170
-8.83389877
-10.06057054
-9.78827226
-9.15788618
-9.72591229
-9.81793961
-8.77598307
-10.93727012
-8.85053271
-9.52096729
-9.51800368
-8.54889177
-9.62331197
-9.75021897
-9.49774302
-10.51639967
-9.45734806
-8.72099344
-9.63488443
-9.45344340
-10.08165790
-9.93898825
-9.54079369
-9.53908974
-9.75398696
-10.63079811
-7.98348769
-9.15857124
-10.58374523
-10.74910899
-8.68243834
-9.63453844
-10.52959986
-9.34639302
-9.40405425
-9.56119977
-10.71146406
-8.93275441
-10.08355296
-10.10378322
-10.72967163
-9.28866531
-7.57196925
-4.09682270
-2.36465768
-6.14329329
-4.63152875
-4.68413469
-3.00375413
-4.86678040
-4.38507963
-5.14450281
-4.82635351
-4.13305077
-6.19288190
-4.93192792
-6.45258331
-6.40186480
-6.39343557
-6.25748852
-6.50347586
-6.39763450
-6.58066048
-6.61428303
-6.62089128
-6.53985386
-6.59533293
-6.57632203
-6.68786096
-6.69034276
-6.54737741
-6.77108296
-6.52769526
-6.62116283
-6.66556113
-6.51305382
-6.66546377
-6.61093291
-7.29246405
-6.76553903
-6.66444265
-6.66029377
-6.66763545
-6.77327752
-6.85722299
-6.80540709
-6.85680038
-6.72159676
-6.64699688
-6.80006541
-6.79926822
-6.50611679
-6.67572426
-6.85499027
-6.63008622
-6.05281006
-6.58394588
-6.55235911
-3.76725242
-3.78429342
-3.42023591
-6.35275389
-6.20814221
-5.59296503
-5.75951477
-6.27103085
-4.99196310
-4.99865060
-5.56452473
-5.47486944
-5.30057163
-3.73343906
-3.29234030
-1.04065107
-6.69083236
-6.65486910
-6.50589639
-6.35658221
-6.39572987
-6.69130504
-6.54046479
-6.33964878
-6.45750202
-3.78108711
-6.65622998
-6.98281980
-6.65815190
-6.62879407
-6.60218609
-6.66349998
-6.78901079
-6.27492065
-6.63761272
-6.60959835
-6.55258096
-6.66728930
-6.79383200
-6.76750705
-6.48670690
-6.61114569
-6.55120309
-7.15329252
-2.37559596
-4.19101015
-4.54173573
-3.66144494
-4.59582463
-4.18644197
-5.12930331
-4.03455180
-4.58223269
-3.79689972
-4.26121839
-5.23049665
-4.93129892
-3.75012697
-4.19462365
-5.23649737
-3.92250567
-4.32585883
-5.10502133
-4.21645808
-4.18176663
-4.40129497
-5.05441434
-5.45845725
-5.71309606
-5.40821046
-5.60307643
-5.64129003
-5.53812465
-5.59549406
-5.08823182
-4.81926302
-4.57651908
-4.80455786
-5.39954124
-4.26908949
-2.62166738
-3.93087074
-1.43803500
-1.50713699
-2.80292364
-2.39290991
0.16114984
-4.30148958
-5.59957777
-4.70949255
-4.21528619
-4.68128207
-3.70063859
-4.08280190
-3.64655221
-2.64180097
-3.67939489
-3.71256264
-5.23275052
-3.81378411
-4.02570370
-4.04008001
-5.04147352
-4.83109310
-4.47287272
-5.05789741
-5.04177440
-5.48075804
-4.42229211
-5.47611694
-3.80558770
-3.85215876
-4.04129611
-5.09315487
-5.67437925
-4.83292591
-4.21393750
-3.47631022
-4.11046451
-3.13133099
-5.06089106
-5.33351344
-5.53644446
-5.00671064
-5.75514879
-4.68008925
-5.10150248
-4.83970329
-5.37166003
-4.95270767
-5.11218554
-4.49368036
-4.69535644
-3.76372849
-4.54733240
-2.68295866
-3.18035244
-2.47521508
-4.00197376
-2.84994408
-3.12637284
-3.33772935
-3.56548106
-5.10140269
-4.55669143
