-13.93185872
-14.52255407
-15.72591119
-16.27484237
-16.62330251
-15.87783629
-9.61205388
-8.93183920
-14.00519870
-14.08895774
-14.51888054
-11.55736311
-10.35691038
-10.11684430
-10.80910354
-9.68680615
-9.79421744
-10.92294957
-11.50278002
-11.35602399
-15.63221677
-15.72035818
-15.69395755
-15.82861120
-15.83369322
-15.89059917
-15.26164814
-15.31056714
-15.24194222
-15.73587153
-16.08916601
-15.17330265
-15.41004961
-16.32299575
-15.13353516
-16.21401743
-17.16723330
-15.96395842
-15.93532354
-16.38068962
-15.43175619
-15.05023362
-15.81318509
-15.81605863
-16.06208485
-15.72568316
-11.24201642
-15.05245870
-14.13404966
-14.22238458
-14.76525458
-14.35972197
-14.64345484
-15.32652589
-14.61426776
-14.25898072
-9.83945677
-15.05687977
-11.92158450
-13.19305916
-12.93388295
-12.85378776
-12.34652313
-12.00006877
-12.17650174
-13.16485817
-14.15625972
-14.57486495
-9.07533710
-9.25191777
-8.66389128
-8.80794632
-8.41649942
-15.19351056
-15.21897641
-15.46625156
-15.75835655
-15.75830106
-15.35155870
-15.53952826
-16.21091239
-15.59978140
-15.84500202
-14.78975172
-15.86188657
-15.85532828
-16.25794082
-15.93952201
-15.63505238
-15.96279710
-16.13587286
-16.31848592
-16.13401846
-15.84166207
-15.57470353
-14.32064534
-12.27934002
-15.55338224
-8.95395369
-9.98473839
-12.29800917
-11.41867420
-12.27642790
-12.44643627
-12.27661073
-12.45319460
-12.52167061
-12.75076907
-11.70640829
-12.23246707
-12.42189449
-11.05768022
-12.43586450
-12.07877078
-12.55412743
-12.12518389
-12.23006507
-12.65448972
-12.49449884
-12.49568178
-12.43927355
-12.45411000
-12.24402079
-12.41746720
-12.55292937
-12.72874176
-12.42332207
-10.80214830
-12.43530861
-12.28602174
-12.31698966
-12.74255413
-12.29696528
-11.79450709
-11.85825800
-11.45940431
-11.33089753
-11.10979211
-10.35639925
-12.54218262
-11.35012348
-12.40733974
-12.98362371
-12.53076331
-12.34407398
-12.37502959
-12.60391211
-12.51812835
-12.43899148
-12.59623515
-12.41754050
-12.67918821
-11.55141969
-12.10887439
-12.34293744
-12.44094986
-12.63596458
-12.52138015
-13.12682294
-12.60055998
-12.54020769
-12.49551753
-12.45466373
-12.86856328
-12.69885299
-12.69816006
-12.03711798
-12.57941353
-11.69383548
-12.53480549
-12.73105054
-12.55089140
-12.86852216
-12.66836343
-12.08788986
-12.96948363
-12.40408853
-12.71141330
-12.50033448
-12.81469683
-12.59108618
-12.59917579
-12.55235558
-12.25644583
-12.37842102
-12.47812170
-12.53700484
-11.69882647
-12.68417310
-11.35609246
-12.67079773
-12.56823423
-11.82560168
-12.22129056
-12.40708215
-12.60781922
-12.57406711
-12.06571988
-12.46288495
-12.46282948
-14.96935062
-14.68024856
-15.40475690
-15.10679533
-14.81968658
-15.00855663
-15.16378638
-15.28604825
-15.20895359
-15.53850921
-14.57172864
-14.94250863
-14.86589061
-15.24511173
-14.67375103
-14.98495233
-14.83816175
-14.77119492
-15.14054647
-14.74539293
-14.79729220
-15.11529275
-14.62423800
-14.74113691
-14.74676049
-15.02846553
-14.58412210
-14.88466657
-14.78259362
-14.74953707
-14.41533600
-14.29224643
-14.74297269
-14.73703217
-14.32322644
-14.76222891
-13.66013111
-14.81121633
-13.91496157
-15.65772249
-15.31142068
-15.15402069
-15.15925151
-14.52028101
-15.14982932
-15.19186367
-15.05105923
-15.19653038
-15.12570596
-14.64113122
-15.17376118
-15.33056559
-15.01666701
-15.01289629
-14.72712043
-14.76924657
-14.92480755
-14.38479132
-14.91528347
-14.75736690
-15.09098925
-15.21750462
-15.05957193
-15.15062080
-14.91459319
-15.74572817
-14.86181042
-14.68069683
-14.98324756
-15.10831319
-14.74371502
-14.63774131
-14.55097320
-15.29377786
-14.32752601
-15.45055495
-15.16145057
-15.02393019
-15.00086108
-14.51662401
-14.57610485
-14.97805298
-13.73152783
-14.57190498
-14.25243744
-13.65903031
-13.80966975
-14.94120281
-12.69651067
-13.80991154
-13.64119743
-14.53791075
-15.02954232
-14.60449022
-13.01847623
-12.84480790
-13.87399800
-15.19812376
-15.54524522
-15.52036953
-14.60038685
-14.98855099
-14.90102438
-14.28660401
-15.15601885
-15.20041641
-14.48606956
-13.86904883
-14.62785626
-14.28457661
-13.41930991
-13.21432043
-12.68513669
-15.13901380
-12.93910889
-13.49236649
-13.53231380
-14.18228599
-13.20603890
-13.35036618
-13.64347601
-15.03063667
-14.65877341
-15.07157626
-13.26853057
-14.30286021
-10.56900986
-10.59086911
-8.67329497
-8.09170775
-11.75377109
-11.64242154
-10.54453295
-11.64541649
-13.18187179
-12.77545659
-12.83061656
-11.61832354
-14.37857554
-13.50613751
-11.75957657
-12.66827012
-12.49195163
-12.63537945
-12.78635885
-15.09129277
-13.49828670
-15.13417647
-13.88440059
-10.74042310
-15.16302856
-11.29055694
-12.15969202
-12.54935502
-15.23698880
-15.02856599
-14.16243479
-14.97651475
-14.91283495
-13.74274079
-14.63516021
-14.86187150
-13.93045114
-14.02611162
-15.08423710
-14.04024727
-14.89091118
-14.80317933
-15.38163493
-13.94644966
-14.70839963
-14.02988484
-13.74108940
-14.67064237
-15.07434972
-13.66349864
-14.83312618
-15.29570052
-14.75814599
-15.67569229
-16.22376953
-14.37764676
-13.89539120
-12.26473586
-12.35265370
-9.88641787
-12.18915214
-11.63615680
-13.07576865
-11.28827451
-13.82881803
-13.19404089
-14.01424261
-13.30374462
-13.08608611
-14.49900919
-13.35359244
-14.82378697
-13.87431355
-13.22561542
-11.90181864
-12.93323437
-12.16242314
-11.96299533
-10.46560189
-11.46069356
-11.89002311
-11.85279411
-12.07156000
-12.39031402
-13.00185347
-11.83907326
-12.46166780
-12.95296692
-12.34890982
-13.51528010
-12.51165501
-13.50021735
-12.42340443
-12.59952865
-13.18113209
-13.14354369
-12.16891565
-12.67035844
-12.73070499
-13.14701642
-13.03136200
-13.70931180
-14.54936998
-14.74579418
-13.32915947
-13.66358495
-13.14525001
-13.91007663
-13.66263701
-13.54316307
-13.70818634
-12.07443905
-11.04436075
-11.89726690
-12.32642496
-12.74285207
-13.49760318
-12.81394428
-12.75847562
-12.99776714
-13.25275235
-13.97228799
-14.39433411
-13.45712932
-13.73612386
-13.87338791
-12.61671133
-13.92241360
-14.37603170
-10.09102785
-12.68794996
-12.76112216
-12.06909071
-13.51170592
-13.50905240
-13.53759753
-12.86013525
-11.62340759
-11.62848941
-12.69409380
-10.62816059
-12.37996342
-9.47494866
-11.52615487
-11.91162841
-12.92621278
-13.66615530
-11.63629509
-12.10867974
-12.19601138
-12.62103282
-13.87738612
-14.57267003
-13.02335270
-13.46245621
-13.27000036
-12.45659658
-13.42723279
-13.15458659
-13.44607607
-13.01332241
-13.53926969
-11.92838875
-13.35854382
-12.95635652
-13.42563589
-13.96057478
-13.20542292
-13.37271113
-14.61787518
-14.44663221
-13.53087672
-13.71137345
-11.90743547
-10.39183412
-10.90852108
-11.46184905
-11.48086874
-11.85500250
-10.08028254
-11.73680243
-10.72419403
-12.16317965
-11.43768211
-12.51724428
-11.93254770
-12.35883290
-10.80823986
-12.71351324
-11.59742457
-12.09566443
-12.06033540
-12.12802818
-12.04269277
-10.88941887
-11.85847567
-11.49480783
-10.84550692
-11.43520072
-11.80534531
-9.19525937
-10.03643218
-10.61878013
-12.00356762
-11.77592441
-10.10296810
-11.66463299
-11.67821010
-10.07839946
-10.82634242
-11.64425948
-10.41669561
-10.73441578
-12.35302211
-12.38568403
-11.20094380
-11.94114270
-9.98693527
-9.56047304
-9.91347089
-11.18183794
-12.02297429
-10.70696337
-12.41767021
-12.36047472
-12.54783996
-12.41121202
-11.10692894
-11.30953038
-13.02632274
-12.34633582
-12.42356733
-11.98982910
-11.53214208
-11.55672946
-12.83863686
-12.27624447
-10.96197234
-11.37502957
-11.76447602
-11.88791617
-11.12510154
-11.15439750
-11.57453834
-11.28822743
-11.38399497
-11.41514654
-11.55211964
-12.02213780
-11.09709472
-11.63747964
-12.26680877
-11.65386660
-11.84247462
-11.88225924
-10.28681593
-10.03042281
-10.25688719
-10.99291855
-12.29285047
-10.13982045
-10.47049775
-9.59093128
-9.14813116
-13.24801584
-11.78886256
-12.06818426
-12.92349787
-12.35757624
-13.21328627
-12.60282038
-12.09171377
-12.09838981
-12.47641810
-12.91720736
-13.09754410
-12.61641132
-14.30400578
-14.00940544
-14.15858404
-13.29535630
-13.86078324
-13.80130088
-13.06820928
-12.60208996
-13.86080391
-13.43621964
-14.27227714
-11.61979768
-12.77228170
-11.07501620
-9.98574602
-10.48636042
-9.41953774
-12.32443721
-12.95189031
-12.08986145
-10.62744411
-13.44894426
-12.40246509
-12.99584027
-12.67812233
-12.88405954
-13.35779752
-12.86152691
-13.52173776
-12.99420692
-11.82293828
-13.73430826
-13.28073456
-13.87534683
-13.51331345
-14.49664902
-13.05534341
-12.80537692
-13.89930466
-14.17199851
-13.64020590
-12.98208181
-12.75405341
-14.03531540
-13.00468362
-12.87884836
-12.91431064
-12.87560709
-14.36309223
-13.92892706
-14.03973828
-12.59782956
-13.69954830
-13.88198756
-13.47190138
-13.15940636
-13.94969985
-14.08999320
-13.69717945
-12.94179665
-13.56421499
-14.23196647
-13.20433170
-12.78135891
-12.40070482
-13.00496659
-13.16870998
-12.88271635
-13.38091904
-12.77024631
-12.16029472
-13.00325894
-13.05896913
-13.55269636
-13.66359112
-13.08960429
-11.79973630
-12.44007441
-13.14855188
-13.81678324
-12.99388935
-12.84728311
-12.43958888
-12.94538569
-12.04723970
-12.11978294
-12.39560027
-13.67975113
-13.34377523
-13.64636051
-14.27859007
-13.26377944
-14.06292300
-13.68220948
-13.72789308
-13.46815195
-12.84634018
-17.33060995
-17.97061517
-17.17543112
-18.14269658
-16.99523595
-17.70606814
-17.47433122
-17.51092976
-17.85558825
-16.71474383
-17.45331054
-17.44992667
-17.17426337
-16.94709100
-17.70406585
-17.07908028
-17.23302883
-17.17317232
-16.97125880
-16.89918970
-17.32922268
-17.17600986
-17.95177897
-17.93486153
-18.14999789
-17.01889964
-17.25137317
-17.60118676
-17.39476982
-17.76695232
-17.34507837
-18.03824358
-17.75052946
-18.00799670
-18.18473678
-17.70208829
-17.86647329
-17.32774593
-17.92562666
-18.19555071
-17.67878676
-18.03184366
-18.20840154
-17.39846967
-17.80520405
-18.01024024
-17.31914630
-18.23233165
-17.90006903
-18.18040755
-17.04835944
-17.50563926
-16.86149416
-16.48091252
-17.04417011
-17.17228764
-16.66255763
-15.90212060
-17.17629311
-16.18664718
-16.86829741
-17.65743079
-17.30766908
-17.44369344
-16.96078338
-18.12079462
-17.14564645
-17.30999796
-17.09404649
-17.12912395
-17.26540670
-17.30165830
-17.73549820
-17.62404415
-17.76283927
-17.43638259
-17.67321883
-17.08254116
-17.68312154
-17.74950634
-17.77109137
-17.18050655
-18.37986433
-17.27995078
-17.03262507
-17.40287159
-17.74611881
-17.29983477
-17.01950568
-17.15638003
-17.75472271
-17.95971806
-17.72390417
-17.89262279
-17.32910342
-17.22599010
-17.78044993
-18.06386176
-17.68138177
-17.86155541
-9.13619933
-10.37134721
-9.30708184
-8.73776375
-9.21693237
-8.92255576
-8.82473670
-9.05873717
-8.86815459
-9.08415748
-8.26801960
-8.66013671
-8.65787542
-8.39281503
-8.76066147
-8.79515022
-8.32397600
-9.10990830
-9.33502238
-8.88737486
-10.40958985
-9.11886142
-8.87862984
-8.96076274
-9.32699667
-9.11014168
-8.71893273
-9.73646560
-9.08526187
-9.00750538
-7.97016519
-7.75640069
-7.94896605
-7.67145345
-8.19972289
-7.37961456
-7.83591200
-7.70977199
-8.28526168
-8.90954764
-7.39108304
-7.68567504
-7.15133303
-7.40062083
-8.92572055
-5.89879570
-7.23370765
-7.04735766
-7.46096320
-7.34168878
-8.99014826
-7.54287722
-8.16738018
-9.24710068
-8.05860046
-8.66659517
-8.50300877
-8.44432058
-10.14486432
-8.91706034
-8.45248105
-8.28755600
-8.91125796
-8.24911254
-8.07940140
-8.61578116
-8.54284365
-8.30400126
-8.12161360
-9.65422345
-7.72192159
-7.97405567
-9.25529994
-9.48343929
-8.82199732
-8.71685221
-9.16276720
-8.59490441
-9.42627057
-8.21962061
-9.01892435
-7.91514791
-8.02194612
-8.53323777
-9.79232488
-8.45831815
-8.25766810
-8.28058638
-9.73296136
-8.60228459
-7.33646114
-8.43960718
-7.52630708
-7.80204113
-7.63316354
-7.13685031
-8.97800986
-9.92840296
-7.82424066
-8.04937436
-9.06763341
-10.21492342
-9.52026593
-10.09465902
-10.19663554
-9.87225329
-7.90664335
-9.37466179
-9.35100712
-9.10232011
-9.30883103
-8.46502187
-9.57499266
-9.19157150
-9.87244653
-7.18222881
-8.17803961
-9.98585577
-10.11173183
-8.11447209
-8.57836169
-9.28889605
-9.85699294
-8.48832431
-9.76329438
-9.81671143
-9.77213702
-9.97965060
-6.40539925
-6.60042498
-7.01790023
-7.55120544
-7.11316551
-7.05548294
-6.13285868
-7.43919629
-6.77301357
-7.19703105
-7.34241084
-8.92969154
-9.28096039
-8.59751538
-8.93029869
-8.19138847
-9.17653155
-7.84097401
-9.09916818
-7.73224287
-9.63608526
-9.70914894
-9.81091344
-9.60369451
-8.84529272
-9.43192352
-9.01393015
-8.66133291
-9.86163681
-9.90938017
-8.33217949
-9.35778557
-9.61657773
-8.94869538
-9.42832461
-9.66164664
-9.63079591
-7.21530038
-10.16515742
-9.09815818
-9.90561611
-9.98821050
-9.56529717
-6.45257061
-8.50176434
-8.51155084
-9.34153744
-9.78074027
-7.07719511
-9.01290714
-8.34083222
-10.09180495
-5.02910298
-6.20511271
-5.79909398
-6.75879237
-7.55877365
-7.26611076
-7.82945314
-7.04770683
-6.25492291
-6.67269017
-9.13067738
-8.87402423
-8.20666409
-7.40478349
-7.80259239
-7.04053902
-7.57604740
-6.50927024
-8.43985463
-7.17680679
-12.52908990
-11.99615636
-11.53167885
-11.16700548
-11.30162675
-11.45570402
-10.94904764
-10.19981236
-10.40684351
-9.29371119
-12.74375335
-12.23741162
-13.06733224
-13.09096078
-12.14124988
-12.29916645
-13.23640557
-13.16771757
-13.83997564
-13.33297221
-12.43154205
-13.03268619
-13.40594443
-13.75379118
-12.51805960
-13.23632675
-13.05904324
-13.16645278
-13.27975508
-13.16243283
-13.84526121
-13.85854375
-14.16838656
-13.30673007
-13.03120806
-14.03682024
-12.28246451
-13.91349463
-14.05278387
-13.89341831
-13.10407025
-14.11551784
-14.07469070
-13.56055609
-12.86823491
-13.99790998
-14.10687964
-12.71928022
-12.91441992
-9.96704026
-11.50440395
-12.65674781
-12.46425017
-10.80091849
-12.71436479
-12.95976802
-13.21793202
-12.61169704
-13.02850356
-12.63938314
-12.44769431
-13.15489979
-13.03510371
-13.05481197
-13.54349481
-13.93218971
-13.13519775
-13.82954146
-13.17663538
-12.82681069
-14.40273338
-13.67779198
-11.87479766
-12.08099558
-14.01169081
-13.41586915
-13.82070859
-13.85793285
-13.89099865
-13.78446567
-13.98340995
-13.54752775
-13.99781077
-13.18372148
-12.24655925
-11.96384142
-14.29476445
-14.13802400
-14.17044028
-13.52528830
-13.72365455
-13.64029676
-13.92985597
-13.69988384
-14.08037272
-13.55036339
-11.49282757
-11.95341945
-13.13723321
-11.41374574
-8.10423544
-8.22803479
-8.83369719
-8.22510271
-7.95138794
-8.94772722
-8.67645264
-7.63844077
-8.33282762
-9.90080157
-9.62732134
-9.65794721
-9.93418097
-9.48241490
-9.75422084
-9.38624145
-10.01025745
-10.24249197
-9.13282493
-10.13979240
-9.11355816
-9.39861784
-9.84007201
-9.37469766
-9.80030736
-9.28987404
-9.69700257
-9.74542174
-10.17029918
-9.72097794
-10.18124120
-10.88252759
-10.65742417
-10.36477876
-10.35067881
-10.57106691
-10.57916342
-10.87147334
-11.03659560
-10.29980932
-10.30459270
-10.50034216
-10.05623339
-9.90912665
-10.05127393
-11.18785864
-11.15533509
-10.12055464
-10.90311573
-10.36722287
-10.71680417
-10.43622100
-10.71366954
-11.62516484
-10.61572348
-10.36270774
-10.57663798
-11.11247598
-9.61539336
-9.06792268
-8.49842974
-8.74518866
-9.26717642
-8.49637987
-9.28618088
-9.23433805
-9.47328476
-9.98032228
-8.57819085
-9.22271698
-10.36214131
-10.50675743
-10.90333844
-10.38149581
-10.27744827
-10.47332583
-11.43361106
-10.57565743
-10.52008504
-9.94245814
-9.61814143
-10.02678652
-10.14224202
-10.30090675
-10.64603183
-9.52152429
-9.96903855
-10.59212873
-10.69233481
-10.94719424
-10.93291035
-11.49031874
-10.69733018
-10.72952604
-11.65671422
-10.88909493
-10.29936097
-10.68923930
-10.90639029
-10.65413891
-13.15424534
-12.90860276
-12.47631713
-13.37578835
-12.50201831
-12.55740163
-14.30814762
-12.58614329
-13.01971338
-13.39787299
-12.50275223
-12.93323872
-13.67655292
-13.54049151
-12.63659245
-12.59944202
-12.72019234
-12.42610030
-11.68403117
-13.63931150
-12.10260778
-12.10055269
-12.55240782
-12.51161752
-12.11918041
-11.87518513
-13.19330359
-12.65748609
-11.24985957
-11.42628961
-10.37851118
-10.81012294
-11.24112511
-10.66196413
-8.31114800
-11.11140610
-10.76954070
-12.33306845
-13.91254646
-12.81285845
-12.63046532
-12.63455565
-13.22083644
-13.12361000
-13.49866178
-12.81167862
-12.35210136
-13.08749675
-13.27841883
-12.25898219
-12.12412895
-12.52320891
-13.47075837
-12.17384934
-12.54729152
-13.25165346
-11.97270835
-12.99340425
-12.47099512
-13.35536492
-12.80678827
-12.33640065
-11.97601116
-12.39471893
-11.99506522
-12.58187235
-12.97725479
-13.58456023
-12.47651636
-12.17521214
-12.58704002
-12.38729341
-12.46083803
-12.51290827
-12.45032490
-12.88044534
-12.88036471
-12.51540545
-12.29909686
-12.21724085
-12.19781134
-12.72665433
-12.34681397
-11.41001884
-11.72643418
-12.05242630
-12.23626655
-12.92664239
-13.32737769
-12.87598097
-13.46747937
-12.69082325
-12.64993534
-12.36363594
-13.70281609
-13.70771618
-13.57495289
-12.26576179
-12.55169560
-11.73307902
-12.33088599
-12.68939271
-12.31214772
-12.77721418
-12.93984280
-12.22527656
-12.49265616
-12.51928333
-12.16426890
-12.73807660
-12.95181337
-12.61687222
-12.86907254
-12.90277701
-12.73076069
-12.73317975
-13.10198218
-11.07402927
-12.29294591
-12.51842712
-12.69409079
-12.69152389
-12.23455438
-12.61038680
-13.99722921
-12.64348386
-12.00734213
-12.22367364
-11.99667284
-12.30606515
-12.66495767
-12.20658257
-12.88649362
-12.88359836
-12.68535010
-12.43873936
-11.82880239
-12.62569603
-12.08171817
-12.03249723
-12.20924951
-12.63957147
-11.70039329
-13.21240364
-13.08731743
-11.17139823
-12.39634559
-11.95883578
-12.02628749
-11.87567903
-12.67404865
-12.71947877
-12.61825837
-12.68004425
-12.24504458
-12.79467147
-12.66037942
-12.75804930
-12.31350073
-12.82106813
-12.65343059
-12.98479562
-12.71747132
-12.68410395
-12.44485565
-13.31702173
-12.26782399
-12.18102523
-12.60295842
-12.07730256
-12.72311360
-13.38526643
-12.86371524
-12.73333799
-12.66513578
-12.86595700
-12.13233572
-13.44923809
-13.27550345
-13.43334851
-12.88369964
-13.29435837
-12.83591177
-12.71675718
-12.18000536
-12.12967602
-11.94356047
-12.57376487
-12.75683878
-12.59645834
-13.49973599
-11.90476014
-12.63332413
-11.99403776
-11.56306628
-11.84600248
-12.02545253
-12.26675100
-12.30213278
-12.43792512
-3.13187905
-5.53227812
-2.97727973
-3.77395036
-5.25979486
-2.95195345
-0.72822198
-5.49224749
-5.06771695
-3.45077441
-2.68899370
-2.98568455
-2.60652358
-2.33304033
-2.56200782
-2.78681607
-2.94753913
-2.44026106
-1.76297233
-0.40091542
-3.15037398
-2.95836097
-1.97373810
-2.21730132
-1.85701142
-2.21343726
-3.29326871
-2.93198086
-1.47077308
-3.04810909
0.06524657
-2.34332525
-2.31393363
-3.30441355
-4.11514825
-0.05973287
-0.99226824
-3.62734846
-1.60624349
-3.13225443
-3.03747239
-2.77690770
-0.33341957
-1.87648393
-2.12384056
-2.34812283
-2.47611998
-1.58060425
-2.32788361
-2.71561884
-1.92258001
-3.01652698
-2.12984179
-2.52172258
-2.19052449
-2.70331404
-2.56298605
-3.35847596
-5.04686940
-3.55413343
-1.92139129
-0.32619969
-2.68872591
-1.67004964
-1.34830727
-3.77193236
-3.74290869
-2.23765107
-2.64657952
-3.36668012
-3.44229253
-3.34316873
-1.92534347
-3.30781964
-1.35786094
-0.50031660
-2.35660488
-4.45820549
-0.47487347
-2.78462043
-1.19696240
-3.00715336
-2.86397079
-3.05278965
-3.05804030
-2.68575786
-2.22431181
-0.59776928
-0.58913883
-3.33160286
-0.63279699
-2.17415829
0.36513436
-1.42325998
-1.53324654
-0.79902714
-1.41802810
-0.82189424
-1.01825193
1.57984177
-15.46036810
-14.53900145
-15.59945607
-14.03668148
-14.89376782
-14.99614668
-15.40217910
-14.09268723
-15.61255584
-14.87207780
-15.69216295
-15.65937814
-14.60094573
-14.04111995
-14.54828705
-15.32621792
-15.19975362
-15.30031346
-15.59532280
-16.07995363
-14.89211143
-14.66932978
-14.92270338
-16.23606673
-15.98520442
-12.22709156
-15.22912916
-14.28284628
-13.84911065
-15.26892210
-14.92728272
-15.81958924
-14.68447788
-15.97364870
-14.89454406
-14.91024990
-14.99052696
-15.04813402
-14.92826671
-15.89011548
-15.97729397
-15.06650726
-14.39182896
-13.99565308
-14.99476911
-15.52458124
-16.04193319
-15.10447118
-15.53530762
-14.74901054
-15.05152027
-15.87795377
-15.92989639
-14.81001655
-14.96366370
-14.67733736
-15.51665070
-15.31271800
-15.44539060
-14.98631747
-15.69760745
-14.94307702
-15.48543805
-15.84828389
-14.67586912
-14.88526909
-14.88057651
-15.93663130
-14.00206801
-16.00322352
-14.63239381
-15.64299583
-14.44455351
-14.78307645
-15.13821123
-15.74814599
-14.90580703
-15.25216674
-15.75854481
-14.64256734
-14.93498782
-15.41966946
-14.74651348
-14.60454693
-14.70278738
-14.74421644
-13.15871400
-15.19193681
-14.77131900
-15.06120926
-15.15582486
-14.97327163
-15.86580074
-14.74934499
-13.94982374
-15.37698870
-14.21648334
-11.65087259
-14.84489932
-14.89399087
-20.00792982
-19.64357119
-19.50005889
-18.93942354
-18.93187478
-18.95135281
-18.66811061
-20.27493559
-19.64619309
-19.97205609
-20.02650935
-19.59321824
-19.76236838
-19.54133170
-19.49203428
-19.64058718
-19.88133372
-19.58624781
-19.27016535
-19.29361208
-19.36216496
-19.37672618
-19.62925087
-19.63620560
-19.38879504
-19.47901749
-19.58866082
-19.76421277
-19.63315317
-19.69475281
-19.25246203
-19.74990059
-19.70467424
-19.44603950
-19.27099061
-18.86215468
-19.58184242
-19.77373720
-19.80245350
-19.54678020
-19.72031616
-19.85608046
-19.47829111
-19.85607663
-19.60981225
-19.51633910
-19.70204170
-19.69771537
-20.22784439
-19.81012777
-19.71854924
-19.63199346
-19.85371505
-20.17092006
-19.61139269
-19.28969852
-19.86072941
-19.61159592
-20.14440851
-19.35082844
-19.71665717
-19.64435469
-19.41957463
-18.67095900
-19.35481889
-18.81190738
-19.61262144
-19.11569593
-19.83798213
-19.25920587
-19.23808370
-19.46828175
-19.64383316
-19.88353546
-19.88405356
-19.68714405
-19.78692493
-19.74980287
-19.93644546
-19.48954802
-19.41705438
-20.06802856
-19.31119940
-19.85121154
-19.58615565
-19.02695485
-19.71484627
-19.75229001
-19.29140352
-19.33495958
-19.56879651
-19.52027148
-19.74559391
-19.35309098
-20.22102749
-19.59904324
-19.35679524
-19.64600823
-19.49582861
-19.71408682
-9.79968249
-8.48294163
-9.91205596
-9.06677801
-9.63527550
-9.47387605
-9.39792434
-8.72284754
-8.77228571
-8.85060737
-9.72706688
-8.48198704
-9.98962987
-8.55127432
-7.75681569
-8.52915761
-9.32454295
-9.12384399
-7.96132964
-8.63649878
-8.46579501
-9.02181195
-8.60241062
-10.64686951
-8.66727323
-9.13218099
-9.65997071
-8.02696779
-8.63076008
-8.53358407
-7.93944230
-8.62414671
-8.10101162
-8.21758900
-9.19158920
-8.12922770
-8.83986633
-9.69126554
-9.05953057
-10.45737718
-7.49525185
-6.76666135
-8.82657639
-8.96050072
-8.58005150
-7.36368315
-8.49990403
-8.51864908
-7.87003298
-8.82634195
-9.43640072
-9.65598075
-9.45232252
-9.72024329
-9.08591048
-8.88632685
-8.87715508
-10.78262062
-9.04030361
-9.81465490
-8.86650131
-8.60941837
-10.61530250
-9.17672277
-8.73668940
-9.07276240
-8.91587712
-9.49518934
-10.51899817
-8.90249345
-8.34377608
-9.29887281
-8.67151022
-8.57831630
-8.83663632
-9.96540421
-8.71926746
-9.38756494
-8.05994825
-9.05790184
-9.22350557
-9.34711865
-8.93317518
-8.32231121
-9.15150677
-8.72959227
-8.39843997
-8.63717044
-9.24879037
-8.67972573
-8.55031256
-9.55459159
-8.68151059
-8.45872601
-7.84087180
-8.35670018
-8.57241999
-8.55668150
-8.15732536
-8.48137206
-13.51652103
-13.09938672
-13.75410815
-12.98594476
-12.85225150
-12.68339087
-12.73460536
-12.35868808
-12.72054810
-12.60106979
-14.74394392
-14.02241846
-13.28768393
-13.55561361
-14.14587640
-14.56186615
-13.89580988
-14.11727919
-13.39303919
-12.81852494
-13.68089447
-13.92024521
-12.85740869
-13.25049718
-13.60351569
-13.38816934
-13.67373425
-14.04935471
-12.83294697
-13.73454540
-13.30888273
-12.46749056
-12.32800905
-13.85119560
-13.71989000
-13.25650857
-13.18798960
-13.13969632
-13.67602776
-13.20913486
-13.53446412
-13.00119239
-13.78541856
-13.48043025
-12.76391561
-12.71234758
-13.03682629
-12.49806785
-13.55896467
-12.06823938
-12.98652591
-12.53885259
-12.29651294
-13.57707079
-13.64819500
-13.66899139
-14.21535351
-14.10946393
-13.57179699
-13.54306407
-13.71535591
-14.14559920
-13.57747040
-13.70461011
-13.41346488
-13.59001937
-13.32058253
-13.45962747
-14.04511254
-13.99166064
-14.09856361
-14.34233345
-13.41845904
-13.50432914
-12.65318389
-13.97955478
-13.27390483
-13.00661548
-13.49835182
-12.90318673
-13.75115060
-12.74278949
-13.69828869
-12.74071280
-12.88768218
-13.39905317
-13.03079057
-13.69340424
-13.81420186
-13.33274513
-12.94073365
-13.82327531
-12.63688260
-13.10095928
-13.59459637
-12.92683799
-12.70237417
-12.68836945
-14.04819321
-13.05977363
-10.40129508
-11.20928176
-10.91518904
-10.18230236
-10.32846897
-10.50198588
-9.91113301
-10.45975780
-11.31944344
-10.08788646
-11.37063703
-9.90553924
-11.02583358
-11.14475161
-11.43224809
-11.00834592
-9.81265354
-9.18298609
-10.85346163
-10.62294212
-11.10954221
-8.10494072
-7.96432998
-10.12655493
-11.08718960
-11.08522634
-11.08178370
-11.03545218
-11.03764424
-11.09355928
-10.72256971
-10.34882653
-10.22953002
-11.15245979
-9.66480077
-11.30916986
-9.81049437
-10.92133773
-10.89626837
-10.73621997
-9.38340443
-10.67247004
-10.41998907
-10.44366264
-11.06226177
-10.60205807
-11.05144174
-10.91849812
-10.77696648
-10.34306638
-10.77985259
-11.19348797
-11.40950563
-9.87886735
-10.45339337
-10.81504857
-10.93121000
-10.94565345
-9.36063384
-9.14565602
-8.09593392
-9.61553256
-9.18885502
-10.14057035
-10.06720476
-10.11628454
-10.56326148
-11.58060601
-8.41136132
-9.71359436
-10.85725011
-10.15970895
-10.29950513
-8.15166998
-9.93762112
-10.81573393
-8.41266570
-10.48055181
-10.00280292
-9.60750546
-9.97719247
-10.32049050
-7.62529842
-9.20941186
-10.06421120
-9.74791616
-10.41770181
-9.73244802
-9.33190490
-9.74762785
-10.97847767
-10.05017206
-11.27448685
-10.47663167
-11.47229691
-11.28627693
-10.27694761
-11.38452921
-10.11749677
-10.96919789
