-13.13537297
-12.80577977
-12.12321611
-12.40685935
-12.38855448
-12.53997229
-12.67426678
-12.36599966
-13.01688389
-12.36945644
-11.90620567
-12.19468774
-12.38172488
-11.66910226
-12.44033153
-11.73726641
-11.70638521
-12.34202511
-11.61874243
-12.09208342
-11.84086679
-11.96939715
-12.55262255
-12.41100295
-12.64185503
-12.31275242
-13.54053747
-12.08135617
-12.29765104
-12.11807992
-12.38303103
-12.61219241
-12.31713406
-12.96361979
-12.47649989
-12.49972547
-13.05204900
-12.36630887
-12.77288703
-12.43231026
-12.37968956
-12.64891516
-12.89775567
-12.35291841
-12.41422989
-12.48653268
-13.29472414
-12.49488553
-12.39129546
-12.43150227
-12.44492491
-12.37272729
-12.88240902
-12.53961350
-12.60571053
-12.41322762
-12.43471679
-12.48280561
-12.45916029
-13.11367953
-12.52043994
-12.41865024
-10.91825456
-10.80224280
-11.45933623
-10.92721040
-11.60746022
-11.42235807
-10.97924768
-12.82417134
-11.76898475
-13.06727471
-12.62231895
-12.59594806
-12.44644832
-12.12752556
-12.67890204
-12.84587351
-12.16816896
-12.56838746
-12.49131040
-12.45737104
-12.34709436
-12.56144322
-12.36395419
-12.48631538
-12.29602925
-12.42366908
-12.33145797
-12.57385223
-12.48121261
-12.42535073
-12.43846493
-12.43948727
-12.24376016
-12.38188655
-13.13458190
-12.32530339
-12.49077147
-12.64744684
-10.63741464
-11.63675050
-10.87762531
-10.61311048
-6.11078249
-6.31041072
-11.15704941
-11.12818146
-11.07350757
-10.68299827
-11.16806337
-11.28046697
-10.74139940
-11.47384935
-10.57349971
-10.59178426
-10.36256307
-8.82856905
-9.82819529
-10.52178903
-10.34225896
-10.78683379
-10.32392528
-10.22826711
-10.28680440
-10.27595862
-8.04323072
-9.18384977
-9.47695779
-8.80951908
-9.25903386
-10.51153394
-8.89254598
-9.28290878
-8.17491677
-8.46054221
-10.06569389
-11.13204838
-8.14925546
-10.89266573
-10.97266711
-10.82682000
-11.17812544
-10.85431474
-10.64119282
-10.78989459
-9.99696601
-10.59770563
-10.93825195
-10.85995403
-10.60085595
-10.78141776
-11.57259339
-10.54650859
-10.35869364
-10.85392152
-9.25366298
-10.17210220
-9.60054759
-9.21952587
-10.12716658
-9.31694120
-10.05961793
-8.51897483
-6.90528483
-8.14964508
-8.56872118
-8.40913771
-7.57448538
-7.74611713
-7.49976784
-8.56959433
-8.81425058
-10.70892168
-10.57994203
-11.71017445
-10.11667759
-10.89919342
-10.94827527
-11.31143190
-10.98326117
-10.96185675
-11.44168811
-5.05174400
-5.51715140
-4.14324843
-3.93725637
-7.69355882
-7.62640325
-6.61476728
-11.39794792
-10.47089610
-10.48377540
-10.58493646
-10.62379229
-10.40924233
-11.04842595
-10.57555118
-10.58559198
-10.73751247
-10.30115136
-11.04471034
-10.30600887
-10.38016020
-10.18943203
-11.91232422
-10.49288871
-10.11672034
-10.20522675
-10.25221924
-10.28165856
-10.36035874
-10.94443442
-10.58727148
-10.67099311
-10.73029808
-10.81487161
-10.52067616
-12.03454553
-12.10583438
-9.98678121
-10.77785098
-12.11296549
-10.05936319
-12.06602325
-10.17372125
-10.42196901
-11.10110443
-10.24450072
-10.46953744
-9.78141136
-9.06757845
-9.68492013
-9.79944919
-10.13598260
-9.25637351
-10.39588567
-8.94389111
-9.62449491
-10.63853256
-10.00463115
-10.23062453
-10.62626449
-10.75117877
-10.51633954
-11.85273128
-11.06591637
-11.04459373
-11.23116284
-9.79540539
-10.60717704
-10.85718226
-10.62720902
-11.93211310
-11.16587978
-10.80829281
-11.08792457
-10.60729614
-11.24033652
-10.71047986
-10.89300723
-10.66365611
-11.49318288
-10.34844058
-10.82466608
-11.74499917
-11.41968991
-10.68834823
-11.44126145
-12.15548141
-10.59442436
-11.40958990
-12.15073135
-11.06656731
-11.57643257
-11.27829543
-9.61732294
-10.49863664
-10.01972014
-10.79502234
-8.70186374
-9.62439260
-8.93690035
-8.85193472
-8.31120288
-9.06832096
-8.63805372
-8.67496437
-10.12984983
-9.00377608
-10.25804686
-9.90119460
-10.49233817
-10.13585260
-10.38328239
-9.95990454
-9.54876080
-9.51822391
-9.92780978
-10.19814166
-8.17252821
-10.47105768
-9.38264437
-8.89687659
-10.09848545
-8.88327205
-9.31660136
-9.33097204
-9.16336763
-8.89573590
-8.15840057
-7.10424593
-9.09164195
-8.74801029
-8.28289568
-9.19702993
-8.60597456
-9.31795488
-8.48307053
-9.70311654
-7.23864331
-7.95680068
-9.03179247
-8.30855590
-8.43963648
-8.38574144
-8.34280957
-9.32725818
-7.84182113
-9.38814107
-7.39978663
-7.38237023
-6.56413136
-7.21494413
-6.27531451
-7.49502324
-6.50844747
-5.08786395
-8.03303296
-7.62920198
-9.79678250
-9.59678278
-9.16913526
-9.79851888
-8.44383383
-9.93690162
-8.52157547
-8.71634150
-11.35644139
-10.07211486
-9.55406465
-10.26844654
-10.89882492
-10.34658226
-10.53250166
-9.88324174
-9.28979316
-8.92561793
-9.70897608
-10.29374359
-8.97136915
-9.76401173
-8.61879320
-8.62630534
-8.14005270
-10.29810668
-9.58143012
-8.92140159
-7.91349663
-8.24077670
-9.39451043
-8.82974626
-8.80942918
-8.62062121
-9.45023663
-8.61084971
-9.74977625
-8.03835165
-9.20416279
-8.59089521
-7.51727996
-7.61100793
-8.35404094
-8.15094967
-8.40037869
-8.45942931
-7.00982569
-9.15183502
-7.64218280
-9.29314284
-8.85082950
-9.68281149
-8.78086143
-10.49670663
-9.16749783
-8.85071795
-9.34613533
-8.67276081
-9.89981265
-8.33230549
-13.63044967
-13.23364040
-13.35629905
-15.20985897
-15.85150274
-13.53665406
-14.96350254
-13.18693743
-14.28710634
-15.25476063
-13.72467615
-15.19397547
-15.04543608
-14.20101800
-15.14248658
-14.41006776
-14.63601256
-14.09444574
-15.47811365
-14.73910065
-14.24648768
-14.89457332
-15.29612661
-14.85572653
-14.73084313
-15.78470068
-15.50072402
-15.86552435
-15.10315509
-15.74574701
-14.73702413
-15.85059645
-15.30617585
-14.56099058
-15.88542314
-15.72064864
-15.83631667
-15.28628371
-14.80091112
-15.29085651
-14.71566015
-15.76071943
-15.68531877
-16.16135683
-14.64653986
-15.63128495
-15.75223901
-16.62080031
-15.78135877
-15.61917311
-16.07889230
-16.48864765
-15.50176210
-15.45584846
-13.87574130
-14.21129734
-15.95747110
-14.32006980
-14.11483817
-14.97218958
-14.11982676
-15.51385895
-13.86026207
-13.52645442
-14.23193731
-14.69601496
-13.63000126
-13.24368217
-12.74153530
-15.51033854
-15.98580224
-14.52939579
-15.13235927
-14.33333599
-14.98703801
-15.93995962
-15.48348516
-14.82421088
-14.32796688
-16.34996009
-14.67358966
-16.36129551
-15.88486371
-14.67821614
-14.12058848
-15.84426962
-16.37281261
-15.25095608
-15.62079570
-15.66913491
-15.49603188
-16.51141526
-16.11273287
-15.49722777
-15.86389824
-15.49444313
-16.08566888
-14.33682113
-13.24212918
-14.28157164
-11.06853796
-11.30216706
-11.55633095
-11.70097679
-10.68131467
-11.37572626
-9.93336338
-10.41378210
-10.49341436
-11.16635842
-10.45983057
-11.26043724
-9.58146716
-10.40067689
-11.30885774
-11.03178859
-11.09718950
-10.21479862
-11.15574672
-11.42398255
-12.21445437
-11.11847424
-11.21253467
-11.41099632
-12.16295637
-11.57223888
-11.79365240
-11.57761490
-10.40828078
-11.51970111
-11.39513178
-12.08281087
-11.31252553
-11.38990688
-11.36824460
-11.90433280
-10.08889525
-9.83459409
-11.52953663
-10.83934202
-11.38552364
-10.59476919
-11.44986704
-10.88701500
-9.70411980
-10.22762490
-9.69061464
-11.20172017
-10.01871794
-11.20633008
-11.67384601
-10.44879934
-11.24656226
-11.70798162
-11.84584329
-11.29115928
-10.06722010
-11.48163537
-10.90715071
-11.07289395
-11.55839980
-10.30646123
-10.55559760
-12.17757397
-11.90514351
-11.36553706
-11.40319663
-11.22204273
-11.79808808
-11.81408104
-11.56650282
-11.83781761
-10.75468863
-11.65933767
-11.81185538
-11.46035147
-11.42262852
-11.42485341
-9.68002132
-11.50617355
-11.96018476
-11.60819858
-11.60714712
-11.21876573
-11.54133486
-9.70201425
-10.55314307
-10.77013142
-12.22169521
-11.60382419
-9.79270750
-10.27224128
-10.92610819
-10.52571706
-9.85707054
-10.75211879
-8.86982019
-8.79650122
-10.98443484
-9.94130973
-11.23855900
-10.43459185
-10.59847011
-10.97085797
-10.69442718
-10.59542384
-11.07444185
-10.72860793
-10.35971640
-11.03041666
-10.02377080
-10.99845755
-10.11840935
-11.14336915
-11.45705596
-10.51689223
-10.43130043
-10.21816888
-10.86030496
-9.99344665
-10.62280285
-10.18004043
-10.37046416
-10.86588518
-10.05797570
-10.43220739
-10.47588467
-10.68765379
-11.12307722
-10.30422065
-9.70725118
-10.40304882
-9.92768588
-11.57139650
-10.00738313
-9.95951518
-11.43786499
-9.41203348
-10.48942093
-10.52016747
-10.63600572
-10.48019161
-10.01914100
-10.44357652
-9.62990280
-10.08927731
-10.33317122
-10.28174807
-10.63893110
-10.22132860
-10.40856802
-11.27019266
-10.76848007
-10.57431295
-11.05016402
-10.96296758
-11.22105755
-11.36290308
-10.83097219
-10.74733641
-9.89649730
-9.98261943
-10.62967379
-10.56342649
-9.98630965
-10.86413727
-10.71755036
-11.02981799
-10.38476854
-9.81516471
-10.35902487
-10.78054692
-10.75342359
-11.26640896
-10.46374545
-10.70026250
-10.72674062
-10.51370610
-11.20855584
-10.74105462
-10.36234518
-10.22591724
-10.22847392
-10.04109157
-10.30826331
-9.72075951
-10.11851198
-10.18542245
-10.41511121
-10.71588636
-10.48986383
-10.39742262
-10.46985546
-10.01463600
-10.17849427
-10.46196390
-10.52664812
-10.51729915
-10.57787151
-10.53085743
-8.63383416
-9.02904693
-9.17438976
-9.20615286
-8.49856485
-8.84934518
-7.26832935
-6.95372103
-8.25057963
-8.62140544
-8.68510736
-8.74354938
-8.68331796
-9.75147098
-11.22012333
-10.46439032
-9.57361237
-10.76306324
-10.55529715
-10.04847008
-9.98884397
-9.64605419
-10.22276156
-11.03320635
-9.97900333
-9.65608939
-10.28762816
-10.66049439
-10.52175311
-10.24723094
-9.95411748
-10.21184807
-9.46945562
-10.47872339
-10.88160648
-9.71765300
-10.45075901
-9.60594520
-10.37664177
-10.50770215
-10.66388521
-10.01857737
-9.45328999
-10.39628127
-9.01307257
-10.25466417
-9.87047730
-8.31740685
-9.74868950
-8.66773759
-10.28054328
-9.48891016
-8.33868452
-10.17649797
-8.97144406
-9.91966467
-9.92401523
-10.16525568
-10.23042202
-9.83450129
-10.78357980
-9.85563247
-9.84435415
-9.78678713
-10.65946700
-10.27293732
-10.55042251
-10.24273146
-10.18159624
-10.76024289
-9.49962797
-10.07853657
-10.11768049
-10.75318199
-10.94858759
-9.63931677
-10.25943695
-9.58085395
-10.21997165
-10.85607477
-9.98620996
-9.78703708
-10.49969653
-9.77534276
-9.46794770
-10.09854022
-9.32414934
-10.57762168
-9.91535233
-10.20108253
-10.08766256
-8.63435022
-8.96080676
-8.64412950
-9.01945059
-10.12169067
-9.93148735
-9.80388505
-9.96066176
-10.06449620
-10.38746128
-10.52727998
-9.99925313
-10.43848671
-11.21405667
-10.58677548
-10.08656913
-10.11037680
-11.28793090
-9.84996663
-10.73870734
-10.52445848
-10.53103202
-10.74660871
-10.45636648
-10.64409923
-10.57350130
-10.21640404
-10.36432292
-8.83673565
-9.83351180
-7.82850670
-8.55846517
-9.19796266
-7.74148138
-8.67434178
-9.07758950
-7.24431268
-7.95344476
-10.02399988
-10.76793051
-9.77961720
-9.93329001
-9.87211730
-10.48179870
-10.05330373
-10.09686865
-9.87007545
-10.18593166
-7.49928880
-7.69515509
-10.56116888
-11.13556094
-10.39346906
-10.37637585
-10.73670079
-9.75725506
-10.64142304
-10.20083498
-10.66206270
-10.86642288
-9.93961271
-11.53493424
-10.32218182
-10.48927882
-10.19297022
-10.20722704
-10.09834392
-9.95423784
-9.67979035
-10.52844767
-10.55748496
-10.40467578
-10.25219664
-10.54825150
-8.68414986
-10.52333623
-10.57963635
-10.12048934
-10.69311357
-7.59850870
-7.89028881
-7.17302320
-7.06081864
-7.17767845
-6.70668265
-6.46660470
-6.55190799
-5.66010440
-5.52543835
-8.44747669
-7.94417466
-8.60091100
-10.29256846
-9.82235467
-8.08802246
-8.93941583
-10.00908136
-8.77723089
-9.31078979
-10.02804109
-8.89389654
-9.21569331
-10.00148900
-9.90241211
-10.58344005
-11.12472117
-11.09906794
-9.99726683
-11.09584966
-8.40867325
-7.68619207
-7.78427341
-7.43880973
-8.25918440
-7.73477033
-7.69033260
-8.15303015
-6.43435588
-7.98143742
-7.52238911
-7.92884175
-6.69046285
-5.82836604
-5.38261607
-6.63632935
-6.84238109
-8.54154775
-7.97609089
-7.78809493
-6.38990030
-6.98567242
-8.61954831
-8.70601864
-8.68443941
-9.30325396
-8.73607013
-8.54927378
-7.76815624
-8.79443551
-8.41390739
-8.55674553
-7.69947322
-8.59228743
-6.96902574
-9.09947650
-8.70231041
-9.18764400
-8.84464755
-8.46622825
-8.61878948
-8.61359004
-7.89113093
-8.63251455
-8.64290092
-8.10647745
-8.72785055
-8.30097816
-8.67657130
-7.25701623
-8.40156790
-7.54994861
-8.92901421
-8.44495712
-8.74189757
-8.26496482
-7.61502851
-8.29280732
-8.39716791
-8.46348181
-8.23547078
-7.10250068
-8.12034710
-8.03856544
-5.88045565
-7.44665675
-7.42786272
-6.63397660
-6.43513124
-7.80335108
-7.37001976
-7.63072653
-7.91546097
-8.80447918
-8.89537854
-8.53271167
-7.71197183
-7.46863808
-8.00898906
-7.61799651
-9.11849826
-8.06755202
-8.31454176
-8.46383427
-7.53469175
-8.36152211
-7.92109357
-8.56941065
-7.95977858
-7.72489553
-8.26059228
-7.30140736
-8.29409876
-7.98622857
-8.59345123
-8.61583972
-7.80074946
-7.93757102
-9.22216111
-8.06577966
-7.32465467
-7.25190338
-6.15267154
-6.82515958
-7.23702295
-4.09232158
-6.79500979
-5.46747238
-4.95220827
-4.95960743
-4.96498240
-5.15579844
-5.15753575
-4.09864250
-5.98718709
-6.26590359
-5.68665382
-6.12059153
-6.66903757
-6.64806586
-7.20902397
-7.60403594
-7.77254509
-7.09587005
-7.92100029
-6.85996356
-6.66301606
-4.18891584
-7.85250849
-7.89255845
-6.52722739
-7.16643201
-6.54046177
-7.28781357
-6.90077880
-7.17264926
-7.76815748
-7.25167501
-5.62611988
-4.71032370
-4.29480119
-3.56630856
-3.45359258
-4.21731137
-1.54330110
-4.40259788
-4.40399482
-6.25286064
-5.22284737
-6.20437049
-6.00415878
-6.47607953
-6.56882591
-4.17224300
-5.98455890
-6.69429065
-5.32730474
-5.60253582
-7.65459079
-6.75124843
-6.43378797
-6.52227438
-6.78251343
-7.18057665
-6.53832123
-7.20048050
-7.21306518
-6.94291424
-5.96823138
-5.63692530
-7.01925122
-7.30723372
-6.50272266
-6.26167771
-7.12620356
-6.21194880
-7.39431159
-6.11948483
-3.89708616
-6.48989282
-6.00587941
-6.52832867
-7.06189652
-6.05174170
-5.91067361
-5.98281206
-7.18326175
-6.49570747
-7.05975101
-6.81691474
-6.86595511
-7.42090198
-7.24047979
-7.57982810
-7.22389850
-7.13406253
-6.95323564
-7.34251857
-7.71871301
-7.10429582
-13.22894025
-14.73347358
-11.96915526
-11.42131895
-12.18315709
-10.91928492
-11.15781331
-12.00437427
-12.41029598
-12.79027318
-13.04946781
-12.48376016
-12.57275146
-13.31904833
-12.76072767
-13.27273958
-12.37790369
-12.60992487
-12.46823273
-14.37155177
-13.56844395
-12.59879899
-13.90114919
-13.99369751
-13.82173232
-12.99629748
-13.12290486
-13.24541784
-13.13017512
-14.84123935
-14.88329926
-13.46572971
-12.80008607
-14.64902838
-13.23532758
-14.52018847
-13.72193070
-13.84048422
-14.92309461
-11.52946168
-11.64860827
-12.10972692
-12.18948315
-12.58725085
-12.45130548
-12.21974452
-12.44771287
-14.94222820
-14.15115860
-14.82749613
-13.05681045
-14.83227586
-14.96613165
-14.95886674
-14.05938935
-15.00819840
-14.42124864
-14.24181275
-13.88482237
-15.04306821
-12.93999063
-14.01792603
-12.97349651
-15.00760830
-12.61736023
-12.26197184
-12.49922396
-11.61679171
-12.63947953
-12.38778787
-12.94192551
-12.45983820
-13.63507549
-12.50367937
-12.94624032
-12.79122750
-13.06516934
-12.66451532
-15.02223650
-14.71472662
-13.77183620
-14.68156891
-13.67404866
-12.68009834
-13.10988067
-13.60744829
-12.89334788
-12.58554352
-13.18452822
-14.84359981
-13.68087037
-13.16125021
-12.78164256
-13.83777968
-13.32516345
-13.51785779
-13.38115408
-14.10548758
-13.16858371
-12.33429389
-6.68529024
-6.20477340
-6.67989437
-7.33392414
-6.33731772
-7.36947109
-6.15405204
-6.25025432
-6.94000575
-7.76121379
-6.60664782
-7.08588110
-6.76552878
-7.10927200
-7.03930129
-6.44216574
-6.40649430
-6.62712921
-7.08746958
-7.02363731
-7.42075620
-7.21717979
-6.26395674
-7.13655727
-6.62265109
-6.79252941
-6.79981602
-6.46817915
-5.76525634
-6.20436962
-6.41847685
-5.19826589
-5.60559900
-4.54186962
-5.24749411
-6.09770205
-6.92449279
-5.32211395
-6.32109487
-4.85553173
-5.88434415
-6.07835742
-6.27475347
-6.50272836
-6.11093336
-6.70823975
-6.74691598
-6.80707692
-6.98726264
-6.98350642
-6.91224979
-6.88446051
-7.33447543
-6.03395091
-7.48475461
-7.54967972
-7.34484875
-7.01692300
-5.57282203
-6.57166993
-7.01067716
-6.50795747
-6.74591016
-7.31699257
-6.60306918
-6.40368638
-5.72555499
-6.81057981
-6.43307589
-7.45947754
-7.06239290
-7.11207857
-6.85870793
-6.93114143
-6.12315255
-7.06134393
-7.48558091
-6.18663611
-6.65750362
-7.52969761
-6.46002482
-6.74490981
-5.67737878
-6.51529586
-5.82950992
-6.39751785
-6.44626787
-4.92123661
-6.67548557
-6.54127878
-6.57965586
-5.71982721
-7.21547604
-6.47807342
-6.36981524
-6.66395398
-6.60751341
-7.08196240
-7.57453980
-6.77131782
-9.89391207
-9.61201148
-9.85138328
-10.19952046
-9.70257173
-9.91915081
-8.38166605
-9.98820534
-9.76953521
-9.54546970
-9.09590710
-9.29536400
-9.09620364
-7.76639213
-8.66465723
-8.04224299
-7.37493505
-5.55102643
-8.30257416
-6.97979036
-10.78156321
-10.70935881
-10.35308329
-10.34647077
-8.49562268
-10.51500888
-10.23493708
-10.68073965
-10.59699113
-9.79054826
-10.29770652
-9.96553765
-9.32979995
-10.40843861
-10.56002764
-9.44922323
-9.15077120
-10.22183094
-10.35549114
-10.11311890
-10.83388512
-10.68415926
-10.87763179
-9.61563763
-10.67293348
-10.50505770
-10.43073267
-10.72310112
-10.35561237
-10.09621056
-9.99963808
-10.28405766
-9.54303037
-9.50763065
-9.84583439
-9.44618430
-8.95613920
-10.45007629
-9.96785779
-9.45664704
-9.39594941
-10.04022072
-8.13054441
-8.17006157
-9.64068563
-9.02327539
-9.33474677
-9.13919589
-10.96931368
-8.21503455
-10.57214759
-9.11799111
-10.44962249
-10.61588370
-9.76883595
-9.57481365
-11.15786526
-9.37880759
-10.37728099
-10.37202873
-9.84877626
-9.85403991
-9.58822848
-10.40679616
-9.95333449
-9.68087851
-10.00699459
-10.16887018
-11.49767612
-9.70642839
-10.88546894
-10.53166045
-9.35462835
-11.01162626
-9.15342287
-9.92267104
-10.08102726
-10.04860246
-9.79710146
-10.01613145
-7.72101706
-7.51252605
-7.76682089
-7.75573545
-7.33026556
-6.98580672
-6.97245552
-7.41964081
-6.79354297
-6.68472059
-7.67774599
-6.88429682
-7.07128632
-7.33560531
-7.31778034
-6.68107160
-7.20187179
-6.71348041
-5.94982268
-6.43337105
-6.46494426
-6.36369726
-6.36577989
-6.10434537
-6.31732257
-7.31745709
-7.35480186
-7.68876456
-7.23619164
-7.50603228
-7.50955400
-7.01905618
-6.86705694
-6.99492713
-7.38596136
-7.59919682
-7.14905750
-7.29686562
-7.08262368
-7.41352261
-6.64213727
-7.23724384
-7.50684945
-7.04477182
-7.33415015
-8.12785673
-7.20624831
-6.89901431
-7.05156364
-6.30384577
-6.50277134
-7.56196321
-7.54915349
-6.28446697
-7.25064732
-7.23632776
-7.63146730
-8.74714093
-7.77942501
-6.86067964
-6.89510673
-7.55423077
-7.02136160
-6.49072577
-6.49678224
-6.76031818
-6.88843033
-5.89313450
-6.76700874
-7.08177585
-6.51918787
-7.00493073
-6.83129188
-6.26919315
-6.22139761
-6.79687491
-6.17339506
-4.92796792
-5.76179029
-6.62817006
-6.60455112
-6.00563759
-7.74665734
-7.40694202
-7.15417296
-7.29399627
-7.78738611
-6.86015541
-7.10965144
-7.17354077
-7.37987464
-8.34210938
-6.77237094
-6.91018523
-7.23373984
-7.32341020
-7.87188895
-7.11790775
-7.32866790
-7.02645938
-13.78924432
-13.08011509
-13.41983154
-13.39789742
-12.25259773
-12.92886660
-13.46598683
-13.90732056
-13.34866238
-13.22586472
-12.31582811
-12.58541870
-12.09189799
-12.17823846
-12.40162822
-12.29588641
-13.58938958
-11.36964085
-13.74554330
-12.29741622
-13.05959188
-12.28431237
-12.39088903
-11.84522288
-13.31684175
-12.61830185
-12.25438561
-11.20879411
-11.85272106
-10.98905607
-11.42581850
-11.53604444
-12.16303971
-11.67702079
-12.26741390
-11.57565635
-12.53152356
-12.27738757
-13.58723562
-13.71408284
-12.69260958
-13.64540852
-13.46705731
-13.64565092
-12.86454870
-13.82018839
-13.44589975
-13.09964217
-13.80764159
-13.78025786
-13.38554919
-12.58739691
-13.42962886
-13.97543509
-14.17438772
-12.96241038
-13.38925487
-13.55083868
-13.59475951
-13.98123118
-13.47378235
-13.68318922
-12.95407267
-13.41347687
-12.48848130
-12.72731692
-13.08823427
-13.72059224
-13.75124778
-13.40819232
-13.14802939
-13.08015262
-13.70546598
-12.81503114
-13.17379806
-12.52957899
-12.18488661
-13.76184839
-13.02134378
-12.46925853
-12.59722272
-12.90091959
-12.59465522
-12.38629202
-12.47925404
-11.59415336
-12.96663891
-12.62316054
-11.48197909
-12.84841319
-14.32612853
-13.10729732
-12.99299123
-13.71918526
-13.44247257
-14.40265053
-13.41697762
-13.46742548
-13.59329480
-13.39055605
-14.82111191
-14.86493474
-14.33710181
-14.91975864
-15.14580234
-15.20160688
-14.18034714
-14.90261665
-14.91646153
-14.05631991
-14.60521303
-13.92385314
-13.72426125
-14.79728323
-15.09234110
-14.15906003
-14.39816875
-14.28773203
-14.02466642
-13.93277766
-14.77002274
-14.62127819
-14.06413629
-14.05272481
-14.14372665
-14.14427940
-13.45855858
-14.25688568
-14.45436877
-14.69874026
-10.71604374
-11.36254570
-12.64993996
-13.14524697
-13.75409316
-13.87764272
-12.80775408
-14.09578665
-14.38931890
-14.15694299
-13.62243003
-14.80334490
-14.47539011
-14.19677724
-14.52318000
-14.30413735
-14.04050899
-14.70662444
-14.24605364
-14.26799974
-13.97013194
-14.03869536
-14.36577126
-15.02329966
-14.77438411
-14.58329181
-14.37944227
-14.18055754
-14.31775396
-14.23777843
-14.61582060
-14.60873710
-14.12756809
-14.43107692
-14.23911580
-13.92578143
-14.32240338
-14.96602296
-14.40244995
-14.84600604
-14.43011334
-14.94928885
-14.53574392
-14.69155911
-14.62558266
-14.07151405
-14.13965295
-14.08934461
-14.48608845
-12.75885883
-13.81892754
-14.03116026
-13.51328677
-12.99515999
-13.50615808
-13.93313898
-13.57439148
-14.10680367
-13.67634996
-13.97152381
-13.82436523
-14.12467537
-13.78281000
-14.01636205
-14.02532647
-15.02454584
-14.12550942
-13.51608805
-14.32939011
-14.07393282
-8.20084627
-7.70894661
-8.47505554
-7.98905190
-8.58301258
-8.06248753
-8.03375498
-8.86313232
-8.60342093
-7.64400229
-8.40371900
-7.29608781
-7.38448894
-7.77452617
-6.91559581
-7.23345060
-5.61033112
-7.97340647
-8.22460090
-6.42684656
-5.67973884
-6.19121047
-5.76707080
-6.12204391
-5.51373096
-6.36043621
-7.81014231
-7.27491533
-7.36474038
-6.44844187
-8.71790312
-7.24698823
-8.32796259
-8.99699109
-8.52637152
-8.19578151
-7.40703195
-8.68916746
-7.98128740
-8.62725171
-7.37177928
-7.78128410
-6.96357905
-7.36714892
-6.86627129
-6.31360206
-6.12984630
-7.23355483
-8.54209160
-6.59307610
-7.72102729
-7.46411691
-7.89087202
-7.27270579
-8.05456483
-6.45378502
-8.66666076
-6.74827859
-7.37500351
-8.76073175
-8.42925822
-7.50849203
-7.54625140
-7.66943655
-8.21381375
-8.54892410
-7.81232413
-7.13042242
-7.99656793
-7.63592977
-8.55915114
-7.86930958
-6.52497295
-7.26914427
-7.25120661
-7.39938276
-8.01389161
-6.92224965
-8.65300341
-6.99529438
-5.32061894
-3.62166512
-6.06865837
-4.24441093
-5.67357366
-5.37488032
-5.71438947
-6.00865689
-6.45579597
-8.18383286
-8.64875157
-8.34690706
-8.29218987
-7.70281843
-8.14075251
-7.62707952
-9.02648602
-7.89209237
-7.69966618
-8.11780679
-11.87107974
-11.08105188
-11.03600843
-12.05719889
-12.40678886
-10.63996940
-9.99909216
-10.28974690
-11.16551877
-9.59198772
-12.84187989
-11.59848675
-11.42330636
-10.93894140
-10.97151728
-10.86625351
-13.32477489
-11.02905684
-12.50178515
-11.96589854
-12.42365545
-10.94281632
-11.73875340
-10.94078818
-11.20378974
-11.35280545
-11.05020607
-12.04164176
-11.02498755
-11.82618408
-11.43470632
-11.68004402
-11.84539582
-12.11231526
-11.95308394
-10.70108231
-13.20819217
-11.99292293
-11.15973530
-11.98766039
-12.22350802
-11.49933563
-11.59960882
-11.96736644
-12.11765518
-13.02850030
-11.21188142
-11.12381474
-11.79363939
-11.35624453
-11.13825069
-12.36914783
-12.43662257
-11.36328638
-12.62951272
-12.03642840
-11.48788227
-11.57330336
-10.29073940
-10.26655340
-11.17428122
-10.99008697
-10.91862170
-11.52015485
-11.07988435
-10.86023271
-11.18038035
-11.39834563
-11.85216602
-12.49887797
-12.59298863
-11.29358463
-11.54315060
-12.68105633
-11.41017680
-12.06578477
-13.38890699
-12.05538013
-11.61752228
-11.80554705
-11.26271482
-11.07124894
-11.11395052
-12.19993957
-11.61931089
-11.76198881
-11.49801417
-13.31657270
-11.45623441
-10.73365979
-11.71516169
-11.07002524
-12.15315311
-13.81815982
-11.15077528
-13.21301098
-11.92998356
-12.77712141
-11.22251551
-11.47322108
-11.16396582
-12.74465896
-12.71677202
-12.21932978
-12.54812541
-12.23924299
-12.37038289
-12.33720860
-12.27546578
-12.05207429
-12.64726901
-12.88438233
-12.85788850
-12.98673290
-12.75921361
-13.01377321
-12.65877096
-12.91478247
-12.81444755
-12.59667291
-12.55503929
-12.76895766
-12.79985537
-12.89153921
-12.38807169
-12.72645534
-12.78258554
-12.79435418
-12.76149339
-12.86454665
-12.87074502
-11.32729589
-13.81142752
-12.85166056
-12.77277628
-12.85785619
-12.96955796
-12.90900447
-12.69544291
-12.40328129
-12.87973143
-12.40716799
-12.30379870
-12.34829346
-12.24580932
-12.23518604
-12.62336450
-12.53523507
-12.29402347
-12.14394114
-12.65723072
-12.34619757
-12.85808548
-12.32897733
-12.29594068
-12.45402869
-10.21016416
-10.53668333
-10.66982041
-12.36698083
-12.69520785
-12.71139899
-12.78561965
-12.99424540
-12.75232595
-12.62797144
-12.82609010
-12.90331153
-12.86646838
-12.89474495
-12.89979952
-12.95780063
-12.80145064
-12.68700774
-12.09950349
-12.48837817
-12.60090170
-12.80439561
-12.75400775
-12.96244533
-12.90739903
-13.09980397
-12.92874580
-12.76336041
-12.85002073
-12.64664730
-12.92916999
-12.86856084
-12.87399777
-12.76523262
-12.70050271
-12.76766789
-12.88378603
-12.78365866
-12.81331985
-12.35906719
-11.79201177
-12.82319259
-12.46802650
-12.69611982
