-8.51136270
-7.88663527
-8.51226998
-8.22210259
-8.25060471
-9.12530129
-5.76490227
-7.68890375
-8.17029880
-4.00170476
-7.51409619
-5.96942864
-6.98619413
-5.45602711
-6.35893045
-5.84533379
-6.01944481
-4.39659161
-6.69115949
-6.49935914
-7.83807514
-6.39401892
-6.80633426
-6.33938536
-8.28631957
-6.66726923
-8.84505848
-7.12636383
-7.63379438
-8.03104323
-9.09822435
-8.18464276
-8.69359603
-7.41106842
-8.33197991
-7.36385891
-7.24542391
-7.80479552
-7.65622722
-7.68566733
-8.28344539
-8.23523716
-8.55650792
-8.44110038
-7.26334078
-7.76887071
-8.37230343
-7.86597100
-8.20165460
-7.95480769
-9.37950442
-8.61848090
-8.10440108
-9.69120404
-6.80222908
-6.42682834
-6.00968849
-6.75335558
-5.43411672
-6.62415147
-8.20738982
-9.07883603
-8.74270563
-7.85082050
-9.32631674
-8.25331893
-7.15565177
-7.48968354
-7.22085739
-8.15294694
-7.19350857
-6.75992582
-6.69736779
-7.31419222
-5.47657192
-6.99177629
-8.00338156
-7.11378405
-7.35167991
-7.40537574
-6.84648816
-7.52748880
-6.14503552
-8.10038877
-8.27137712
-8.17819337
-8.01811483
-8.28831183
-8.58967947
-7.71420315
-8.06908805
-7.94946779
-7.18590595
-7.08107498
-8.39454513
-7.41211152
-9.65313538
-7.93093636
-8.84053407
-8.79008914
-8.23118344
-9.04364971
-8.79050711
-9.31442493
-9.39870352
-9.12953604
-9.98187458
-8.82803631
-8.85355314
-8.15592960
-9.22584549
-8.71400034
-9.46825407
-9.24970116
-9.01034751
-9.43407649
-9.09593273
-8.54040591
-8.41730610
-9.33002895
-9.03606528
-7.66905239
-8.88868812
-9.17819687
-8.70111736
-9.63695723
-8.85853606
-8.47578495
-7.95464409
-9.72256209
-9.72256209
-9.62613198
-8.82996341
-8.43646809
-8.91385851
-7.74209503
-8.12317497
-6.82913777
-8.35242959
-6.71243610
-6.77290335
-7.34859697
-8.31663531
-7.19814984
-8.04097678
-7.30149525
-8.20225689
-8.01733489
-8.73454799
-8.35139198
-7.91929902
-8.62821779
-8.55790881
-9.36256674
-9.52957029
-9.36698101
-7.59862053
-8.11134841
-8.27115895
-8.03213514
-7.35680241
-8.45355872
-7.32173124
-7.33080906
-7.78058004
-7.63710132
-7.58444632
-9.13862273
-8.90268693
-7.72230974
-8.12835047
-8.97276309
-9.05191413
-8.90030431
-8.62942798
-8.75323888
-9.68717419
-9.68725946
-8.87684773
-9.44025464
-9.68710441
-8.88328439
-6.41921955
-7.44016307
-6.60490113
-6.53069826
-4.67434514
-5.73027816
-7.61291771
-8.27218248
-7.50365296
-6.51920421
-9.44505305
-8.74503043
-8.02156711
-8.17369588
-8.91468455
-9.08119347
-7.71701660
-8.62667206
-10.82096260
-9.99318267
-10.24709566
-10.64844619
-10.30353192
-10.40965041
-10.36096069
-10.13433175
-10.41455033
-10.01917765
-11.02074780
-9.17203978
-9.95218899
-9.35104005
-9.62829485
-9.44983822
-9.98646792
-9.23787885
-9.86779235
-9.28223427
-9.12388632
-8.04719560
-8.52961231
-9.59102584
-9.25497685
-8.57084280
-9.52563371
-10.06644325
-10.19038464
-10.20146981
-9.87634366
-10.28377694
-10.33200504
-9.87409039
-9.94758825
-9.81018368
-10.21925997
-10.35739639
-10.30044351
-10.29282445
-10.19443051
-10.45979979
-10.01757334
-8.65090073
-9.08305828
-9.87799330
-9.95143908
-10.36510089
-9.72720080
-10.51524291
-10.20358086
-10.05021088
-10.37842824
-10.06467329
-10.49222185
-10.88446557
-10.19980093
-10.89899035
-10.47814585
-10.81965104
-10.40063221
-10.32155823
-10.28602138
-10.19145366
-10.76228290
-9.73230431
-10.30392630
-10.60656359
-9.94656526
-9.40758911
-10.46868512
-10.48752731
-10.48374345
-10.14645805
-10.38390817
-9.12119060
-10.22159932
-9.24789849
-9.79442612
-9.77237425
-9.41865656
-10.90275808
-10.41053201
-10.22395915
-10.05350097
-9.57858391
-9.94674266
-10.35244838
-10.29674097
-10.51621159
-10.24861902
-10.12836198
-9.85613997
-9.78134035
-10.47767980
-9.95903229
-10.36179998
-10.40522816
-10.44948716
-10.51140227
-7.77418214
-7.61869618
-7.91687862
-8.06350032
-6.09295419
-8.32784437
-7.32203148
-7.12518930
-8.14226782
-9.14682565
-6.88825799
-7.22837481
-6.04066804
-6.70174281
-6.51843439
-7.10054012
-6.43545926
-6.72255491
-6.38157190
-6.51192257
-7.61091905
-7.36283167
-8.07399428
-6.45496942
-6.76465934
-7.88123893
-7.43916347
-6.17192117
-6.83373174
-6.96294019
-7.54839954
-8.00132870
-6.51748713
-7.61337797
-7.54883318
-6.36808478
-8.01978893
-7.28499339
-7.63489547
-7.22439629
-6.98413559
-7.83218351
-6.64065450
-7.71787365
-7.90810476
-6.81868911
-8.56982762
-7.68859671
-7.71857657
-8.47168145
-7.67957685
-7.57877861
-7.25570357
-7.94937800
-8.31798472
-8.16323645
-8.38939715
-7.84960880
-8.19501001
-7.76507047
-6.13688701
-6.56518258
-6.22139912
-6.35583204
-6.67595696
-6.28926020
-6.51852928
-6.83483137
-7.85803943
-6.12663291
-6.18729935
-8.19107025
-8.08335336
-7.37831209
-7.76224521
-6.80742545
-6.79891719
-8.56463725
-7.88822285
-7.85722531
-7.90482145
-8.40700981
-8.38319436
-7.69364308
-8.18170511
-7.98486750
-7.47786022
-8.32864575
-8.36191102
-7.23506290
-7.95613270
-7.73580223
-7.75026822
-7.98127389
-7.53291907
-7.56582339
-7.81440610
-8.04568771
-8.42758644
-7.65559149
-9.25234696
-10.50548231
-9.89060662
-9.67405879
-10.48006592
-10.55046934
-10.38538239
-10.17596414
-10.16672419
-10.61908627
-10.47430646
-10.85154395
-10.59478076
-8.96164546
-10.61237676
-9.01999532
-10.64062561
-10.77206412
-10.59930465
-10.38233124
-10.04023858
-9.10928298
-9.13463336
-9.48293583
-9.38031999
-9.24058042
-8.62066846
-9.33207113
-8.98679579
-9.76078191
-9.78348581
-10.06033942
-10.02684494
-10.20396054
-9.97651421
-9.80724247
-9.34608889
-10.41573607
-9.98829557
-10.20375659
-10.24247478
-9.64099740
-10.74284908
-10.64658868
-10.79603781
-10.71833806
-10.35319638
-10.16011378
-10.63916503
-9.94902935
-10.25802652
-10.74148470
-10.41298652
-10.41036207
-10.46326657
-9.79393926
-10.88639049
-9.61362560
-10.11518347
-10.08048617
-10.63820338
-10.71557178
-10.66552517
-10.20915796
-10.23922370
-9.30129229
-9.68386234
-9.81940386
-9.58625976
-9.42365871
-7.82404220
-8.78411829
-8.93457694
-8.84405975
-9.22425406
-8.85703087
-9.38152031
-9.21454484
-10.15043113
-9.74175865
-9.21137675
-9.12218365
-9.74177216
-9.61197694
-9.50304107
-9.50495041
-10.06676740
-9.80252159
-10.55470682
-9.61540701
-9.74319769
-10.62606615
-10.75656018
-10.51623501
-10.63366507
-9.82967718
-10.54248211
-10.68393217
-10.70588735
-9.83436359
-7.49506286
-9.51631434
-9.34745294
-7.10110651
-9.16131544
-9.30710263
-9.32631579
-7.46291448
-8.72115486
-7.34937955
-8.21876368
-10.13927694
-8.97259552
-10.04396486
-7.97891992
-8.25065665
-8.07765591
-8.72976339
-9.03911099
-10.31587097
-10.51112943
-10.29399415
-9.36437780
-9.06619964
-9.45041580
-10.76540552
-10.82016106
-10.58688664
-8.81270960
-9.65999634
-9.68373261
-7.87713793
-10.61616792
-9.69878163
-10.62088231
-10.72033805
-8.51595527
-7.06468667
-8.54953051
-9.43096037
-8.83514864
-7.86338668
-7.98709365
-7.48960816
-9.23609067
-8.27275053
-7.93093989
-9.13746958
-9.37506798
-8.79973542
-8.73543440
-8.95469366
-8.53713546
-9.44390257
-9.83317452
-9.32327092
-9.07070458
-10.41617169
-10.32424456
-9.44725980
-8.37550527
-9.40420586
-10.41285368
-9.40878422
-9.19287621
-8.53784770
-8.93970023
-9.15377942
-6.34580188
-7.85208957
-5.74171442
-4.57277720
-8.34501320
-7.77899509
-8.98600194
-6.51295525
-6.21306701
-9.09972556
-9.33194029
-9.12028123
-9.89050592
-8.78666758
-10.15872608
-9.09663405
-9.12459867
-10.42088470
-8.97582627
-8.62808980
-9.78739001
-9.39549688
-8.87017335
-9.04898840
-9.23490932
-8.95529047
-10.36913671
-9.37474291
-10.42677454
-10.41799845
-9.31849577
-8.59408985
-11.33029282
-11.26521645
-11.24354993
-11.11324305
-11.18147746
-11.20885005
-11.18916004
-11.13711199
-11.19164488
-11.25444292
-9.17500029
-11.07685072
-10.17263794
-10.82120572
-9.75955534
-10.61899384
-10.46826678
-10.16176340
-9.96483162
-10.30943358
-10.79386007
-9.37522718
-10.73816446
-9.68605975
-11.13200973
-10.16760039
-10.35266919
-11.01435312
-10.96266175
-10.41170948
-10.77626638
-10.17069074
-10.12654665
-11.00360182
-10.65196330
-10.99726678
-11.01993723
-10.92663388
-10.34053003
-11.07481814
-9.97496507
-11.07584505
-10.61948696
-11.07900240
-10.83202874
-11.16804812
-10.33775973
-11.24561558
-11.19008268
-9.65515850
-11.06824697
-10.46119338
-10.46064461
-11.04703117
-10.98063975
-11.02203007
-11.12059402
-9.25352204
-10.81480185
-11.02971253
-10.47986637
-9.56548885
-10.63386615
-11.18893230
-10.84250735
-11.07238220
-11.21770152
-10.86759110
-11.07704812
-10.47640844
-10.30067776
-11.29399282
-10.35146444
-8.72181511
-10.46358645
-9.18978260
-9.77041572
-10.19526148
-9.76847073
-10.04565377
-10.16470287
-10.42913878
-8.95501363
-10.41559167
-10.26205058
-10.08729206
-10.94988631
-11.23899412
-10.51872649
-11.20677567
-10.25456788
-10.40853699
-11.13339325
-11.22494826
-10.18626585
-10.18385268
-10.52739612
-10.48086968
-11.15931946
-10.98095662
-11.95590288
-11.74829677
-11.55168817
-10.59673196
-11.60491812
-11.70688612
-12.04778846
-10.52548430
-10.27503789
-10.69931606
-11.25552128
-10.58253547
-11.50076268
-11.21358622
-11.63331412
-10.43351973
-11.86706537
-10.46683378
-11.46248574
-10.56785356
-10.52340796
-11.71840383
-10.49767689
-11.78805432
-10.33767752
-10.72013697
-10.80875252
-11.87125075
-10.36105413
-11.66185349
-11.87504611
-11.38941387
-11.98801967
-11.97367399
-11.32375889
-11.19133138
-11.64716836
-10.61956051
-11.51735670
-11.68737405
-10.43978454
-10.51101688
-11.11326296
-11.91640968
-10.50768398
-11.54654938
-11.76528801
-11.41318614
-10.83813299
-11.72950229
-11.54000671
-11.66138509
-11.63616110
-11.78081001
-10.55951515
-12.03175636
-11.90026718
-11.79015495
-11.57195800
-10.75280790
-10.45792679
-11.62906317
-11.90316002
-11.49521359
-11.17097584
-11.86262797
-11.34287740
-11.52473986
-10.69613877
-10.48800232
-11.12872528
-11.24947858
-10.27826672
-12.20687089
-11.80172007
-11.62005374
-11.61581348
-11.78333830
-11.38962928
-10.51012262
-12.27832673
-10.70906593
-12.25407289
-11.55226954
-10.82937571
-11.81334140
-10.83545524
-11.17587852
-11.60038899
-10.49442305
-10.87488002
-11.29298293
-11.50006340
-11.64748586
-11.58881475
-10.56369428
-11.79529274
-11.37805607
-11.49624129
-11.31710510
-4.20518353
-5.13693155
-4.85790707
-4.07941533
-4.09979281
-3.52762776
-5.32670468
-4.17832485
-4.10909252
-4.63848123
-3.95232215
-4.31600202
-4.20336238
-5.69059548
-4.54681240
-3.88865008
-4.38480017
-3.92888392
-5.64326584
-3.37548502
-5.35840980
-3.93795187
-3.79371544
-3.69457341
-3.98839038
-3.62951483
-3.29498856
-3.61655923
-5.19931355
-5.96777899
-5.98222887
-5.28525543
-4.66437475
-5.59946042
-5.03974759
-7.50060655
-5.51407740
-4.83979753
-6.94423184
-6.32975110
-6.39231413
-6.87083053
-7.41861943
-4.42528745
-4.50228190
-4.50452294
-5.15014713
-4.59678794
-4.55814173
-5.17420159
-4.57347841
-4.01083688
-3.57262423
-5.13247317
-5.11963280
-5.59761126
-5.54271689
-5.86867909
-5.53558097
-6.34177422
-7.24339536
-7.27979601
-6.40293085
-6.35582489
-6.91410712
-4.43498687
-4.38052222
-4.59271773
-5.18176642
-3.28678934
-5.78195883
-7.67894711
-4.59754679
-4.40899329
-3.72549877
-4.05107723
-4.12265798
-4.67662844
-5.43199233
-3.67723055
-4.01555698
-3.93498439
-5.43188793
-5.10421800
-4.96469608
-6.29617092
-6.63925195
-5.88449378
-6.19843801
-5.82250731
-5.72823480
-5.77147295
-4.07796774
-5.08670916
-5.78450203
-6.65014915
-4.50399529
-5.66057639
-3.86732605
-5.07817275
-7.40018591
-6.72134870
-6.71774592
-6.83008134
-6.78321356
-6.76800538
-6.46666417
-6.19581500
-6.66338742
-6.83500964
-6.72073380
-6.77974536
-6.53641773
-6.91830854
-4.45336235
-4.43712648
-6.22218384
-6.09847301
-7.04263804
-6.40798490
-6.42792216
-6.66637407
-7.34319781
-6.04028495
-7.37159267
-6.81351751
-6.36614183
-7.02345552
-7.07756402
-7.03467083
-7.97375267
-6.96514521
-6.70996294
-6.83708109
-7.32612316
-6.96859540
-5.93124154
-7.61209841
-8.07569780
-6.49387494
-6.52897789
-7.12012147
-7.82241096
-6.25791568
-6.53751761
-7.53928285
-6.58195120
-7.18508736
-6.84517438
-8.38491872
-8.01465967
-6.63105807
-6.67717473
-7.20291076
-7.19184117
-5.45070572
-6.01400675
-5.62896771
-5.65157766
-6.43654635
-7.42751461
-6.99419785
-7.77256021
-6.53849958
-7.79555366
-6.54801229
-6.08397270
-3.41949909
-3.50061950
-2.42522220
-3.56445532
-3.54088772
-5.92657639
-2.69701468
-1.00134602
-7.19395295
-6.88328948
-7.20242603
-6.35089430
-7.15544438
-7.39856379
-6.90034134
-6.25771859
-6.60228522
-6.94029342
-6.78154691
-6.88289399
-6.58375229
-6.51923382
-6.72750709
-6.85283001
-8.09550275
-8.27740131
-7.85361661
-7.18622216
-6.49400302
-6.23752803
-6.70284358
-6.55570458
-6.69603512
-3.62930957
-4.70520983
-6.06199489
-5.29373581
-6.37610501
-5.35935622
-6.81599174
-6.00650415
-6.55996766
-5.19542203
-6.45389445
-5.71124909
-5.08541417
-5.97276802
-4.99737968
-4.85374371
-5.05876457
-4.87108982
-4.55883217
-4.71992093
-4.03236844
-4.43115039
-5.21081877
-5.62800610
-5.37521967
-5.29707109
-5.11728452
-5.45588356
-5.33638761
-5.24553144
-6.59891766
-4.65631656
-3.01323521
-3.47236201
-4.09640979
-4.09640979
-4.09640860
-3.65057263
-3.14882416
-3.49696683
-3.49696057
-2.94163988
-4.95266885
-4.23859583
-4.44408923
-4.54903602
-4.23006288
-4.51213706
-4.05782179
-5.17801378
-3.71891630
-4.23138042
-5.10189319
-6.84887263
-5.56306000
-6.81312143
-5.92439643
-5.65597829
-5.11829032
-6.15305489
-4.54272694
-5.86282381
-5.94546562
-4.13256820
-4.18524690
-4.80136318
-4.77279159
-4.35840969
-4.44371214
-4.39244427
-4.47707818
-4.69554554
-5.60830650
-3.78467061
-5.41321840
-6.19116332
-5.17975066
-4.99272034
-5.00967615
-4.50727742
-5.33580701
-3.75521018
-1.42475323
-0.69630236
-2.47667369
-2.42175188
-1.97771629
-2.36780500
-2.80120124
-4.54469675
-4.27379995
-3.63298479
-3.39328320
-4.02312336
-4.10646533
-6.11652046
-3.02685202
-3.85422022
-3.78088235
-3.75626500
-5.63683491
-5.20743483
-4.25990960
-4.80535860
-5.76324883
-4.48336666
-6.20436099
-5.05046680
-5.23410160
-5.19206707
-4.34413386
-2.98901551
-4.31176995
-5.18349201
-5.42409419
-4.82641540
-5.15841361
-4.73201518
-3.60906579
-4.20181203
-4.09745458
-5.67369319
-4.74218838
-6.07858230
-5.72264603
-4.69532053
-4.32769473
-3.66951476
-3.89874886
-4.25365110
-3.85526188
-4.82150719
-6.51786059
-4.18451313
-4.34921340
-5.40815512
-5.38775441
-5.16119856
-5.41121586
-4.35636120
-5.52652457
-5.70428271
-6.25297873
-5.80446675
-5.67066982
-4.92511922
-5.22429081
-4.33349900
-5.12849562
-4.54807502
-5.75795435
-5.42389284
-5.14249868
-5.89918028
-4.09786265
-4.51670967
-5.81833069
-4.38800974
-4.87423554
-5.26879318
-4.72902758
-5.30697815
-3.99787747
-4.46128553
-3.79650621
-4.50195031
-5.26638985
-5.28040174
-5.81939932
-5.20219919
-5.33673225
-3.08609921
-1.82578646
-3.80593762
-3.76553223
-4.27356579
-4.46370377
-2.85117489
-3.00036253
-5.79610850
-5.72596209
-5.18383335
-5.78934175
-4.39364288
-5.71499721
-4.69407855
-4.29377638
-4.16386565
-5.79632847
-4.13411073
-5.73549010
-5.22001072
-3.98889662
-5.21058728
-5.89990171
-5.66671357
-5.55058142
-5.71646210
-5.54145635
-4.37756193
-6.48545718
-7.03779375
-7.34964457
-7.18405723
-7.04009365
-7.23837576
-6.91515032
-7.20404737
-7.59820606
-7.65712784
-7.01073769
-7.22107074
-7.31899579
-7.03768885
-7.54132578
-6.79976491
-7.53180224
-7.42539423
-6.96877134
-7.38624385
-7.31376308
-7.16438698
-5.94919582
-6.65887682
-7.43945034
-6.73712001
-6.35101898
-7.02615930
-7.34885191
-6.19733000
-5.86581556
-6.52797678
-5.92952378
-5.83144935
-4.02070712
-4.72625397
-5.60604038
-5.71053073
-6.43152793
-6.78987621
-7.42646047
-7.65624392
-6.95183750
-7.23564092
-7.21016257
-6.64958826
-6.92279505
-7.91492631
-7.22670579
-7.46941004
-6.82911245
-7.50688526
-7.65392732
-7.63144477
-7.23569955
-6.90952767
-7.04954912
-6.52335523
-7.62825422
-7.15263412
-6.72895536
-7.62530094
-7.35022140
-6.73195938
-7.62573686
-7.01793930
-7.62757173
-6.66131277
-7.12010907
-7.16930629
-4.99245065
-7.82123097
-7.04180984
-7.31387063
-7.02883229
-7.71682166
-7.31905392
-6.01421882
-6.84408623
-6.69111378
-6.72121973
-5.74427850
-6.07298345
-6.35176841
-6.76694008
-5.73126099
-7.07302200
-6.85800633
-6.96662305
-7.40038725
-7.11415981
-6.60002252
-7.35780689
-7.53906080
-6.99212282
-7.37075089
-6.67375683
-7.62825422
-7.62886429
-7.44264279
-11.47559149
-10.89180841
-10.96116432
-10.10327324
-10.83678470
-10.53366035
-10.70937641
-10.27874540
-10.99178506
-9.70745678
-10.25128749
-8.75244546
-7.13371817
-9.82150152
-6.03322758
-7.14587224
-8.32873035
-8.87849093
-7.90117684
-8.65139682
-10.80781281
-9.57191681
-8.80036716
-10.94379033
-11.52768716
-10.64121675
-10.38684880
-11.28626018
-9.99404381
-10.93789512
-11.38712129
-11.47881559
-11.47347868
-8.03790000
-10.98953046
-10.85840821
-11.05237645
-11.15278658
-10.63607872
-11.38477595
-10.97681925
-11.30178043
-9.78107189
-10.19118345
-11.01216014
-9.80382661
-8.84326197
-10.73244474
-10.85521299
-11.27352231
-9.75325770
-10.72712358
-11.57277844
-9.04272384
-10.66052039
-9.66819598
-11.03151058
-8.95661833
-9.57184539
-10.29272358
-8.84083913
-10.55097552
-10.79869835
-10.60851225
-8.66360160
-10.56455024
-9.58216307
-11.12110874
-10.43878329
-11.03234998
-11.22129587
-11.84608043
-10.74207761
-10.90130927
-11.08217779
-8.19935372
-9.11023871
-10.99098618
-10.22717151
-10.40060944
-11.21166288
-11.52138020
-11.17588105
-10.75286464
-11.63696609
-11.45129000
-9.30920309
-10.68176954
-10.43453575
-9.60159953
-9.75874103
-11.47036055
-11.20419000
-12.55547358
-11.35117510
-10.84522851
-11.43185612
-10.85884923
-11.22318172
-10.32115061
-12.43461994
-12.40703328
-12.57910047
-12.53578847
-9.58802197
-9.30134006
-7.78591601
-9.53248068
-10.19532868
-11.03544418
-10.71516151
-13.58751434
-12.62182068
-12.54738365
-11.67700400
-12.70604561
-11.73635043
-11.87919919
-12.74781207
-11.65826435
-12.28106089
-11.44467681
-12.98690514
-13.74987364
-9.86442869
-13.34934114
-10.61965845
-11.87756454
-12.08039772
-12.52850477
-10.89406155
-13.32478765
-12.33713476
-13.80419218
-12.79460734
-12.16093218
-12.90229902
-12.89232380
-12.72393611
-12.21474776
-12.36289396
-13.75098213
-12.31152753
-11.88913370
-13.16460043
-13.23802614
-13.10455463
-12.05945500
-12.54762958
-12.62024996
-13.08208356
-12.77443884
-12.95473958
-12.37696104
-12.72508784
-12.35420707
-12.20545034
-9.00111570
-10.75664408
-9.48507692
-11.26881278
-10.90629843
-11.75033953
-9.44596682
-10.38133868
-11.27484956
-11.39426840
-11.54497218
-12.06919425
-10.18011772
-13.21958547
-12.48571832
-12.35532370
-12.38537273
-10.80584634
-12.10232005
-12.29735795
-11.39681081
-12.22189286
-12.40313125
-12.81079128
-11.17141524
-13.37304912
-13.34811362
-13.70369410
-13.67666744
-11.85390485
-13.78925369
-11.85200889
-12.82898929
-11.23425144
-11.94125466
-13.11661252
-13.26212858
-10.89365521
-11.81828211
-12.36572739
-11.54455510
-12.03898251
-12.05209154
-11.85763798
-11.32859414
-11.07373513
-11.28264094
-11.32014817
-11.31171519
-11.62924337
-12.14294064
-11.28295503
-11.59618222
-12.04240264
-8.24034449
-8.60003135
-7.87806867
-9.10323550
-9.44049824
-9.74815333
-9.96317244
-11.43465671
-11.03709665
-11.92586310
-11.29883899
-10.90823213
-10.85694518
-11.17016430
-11.45409261
-12.12115270
-11.56414486
-11.40862286
-11.44019509
-11.55972437
-11.41145804
-11.41997653
-11.81420063
-11.58348532
-10.99043407
-8.57325206
-8.84448071
-9.54841016
-11.05436486
-11.34868309
-11.28268307
-11.69189539
-12.56842997
-11.66166369
-11.72742966
-11.58346272
-11.90007257
-11.96038683
-11.11843536
-11.18921747
-12.12525712
-11.14442860
-11.29025208
-11.55209418
-11.19153032
-11.45306816
-11.34120521
-11.61830592
-10.93163065
-10.98526523
-10.57415049
-11.36148505
-11.03010188
-11.45616998
-11.18310509
-11.34392793
-11.77341841
-11.53998564
-11.10769946
-11.16462920
-10.87334348
-10.36267136
-10.90963143
-11.53179527
-11.74686871
-10.72048321
-11.14748945
-11.45270481
-11.52177558
-11.42088509
-11.75948823
-11.52188034
-11.38248794
-11.37894512
-10.96595417
-12.03416055
-11.44347968
-11.69189153
-11.31225528
-11.21039039
-11.48717374
-11.22930341
-11.54888350
-11.41907362
-11.73218715
-10.97275429
-11.16937895
-11.13737282
-11.10269337
-9.56544552
-8.92554714
-9.42354435
-9.79536987
-9.10377742
-9.74349725
-9.90332242
-8.54926158
-9.82411897
-9.35113382
-9.88867287
-9.40505857
-8.84818383
-9.25773613
-9.67451146
-9.87549668
-9.27535562
-9.30173601
-9.58320126
-9.37641793
-9.11659601
-8.79206171
-9.70829255
-8.90353571
-8.67719836
-9.91796006
-9.56307285
-8.92652234
-8.94929099
-9.38601265
-8.88588059
-8.56735156
-9.65292660
-8.50760174
-8.83652964
-8.43246203
-8.90772802
-8.80957947
-8.97557693
-9.64633735
-8.84016400
-8.12631891
-8.83472127
-8.89736530
-8.86321705
-8.92801384
-8.84285192
-8.96789094
-8.85234980
-8.86406811
-8.70319912
-9.60819912
-9.09127570
-9.09917949
-8.21230136
-8.52100102
-9.69490827
-9.41549375
-8.47210976
-8.75590267
-9.10240960
-8.62170382
-9.10404523
-9.30460994
-9.20948359
-9.56368586
-8.18638677
-9.55312850
-9.17649573
-9.15896704
-9.46367133
-8.56238198
-9.73469839
-9.78392520
-9.05922556
-9.57672751
-9.42595606
-8.98261928
-9.57337542
-9.87866942
-9.14035484
-8.79997763
-9.03717287
-8.88799881
-9.31918855
-9.88624249
-8.78127289
-8.55971749
-8.80765030
-9.68089968
-8.83043051
-9.53352854
-8.80089626
-9.63539884
-9.35802447
-9.75004146
-9.67600011
-8.98763700
-9.72105780
-9.21570240
-5.26289200
-5.94894613
-5.20022377
-5.90639312
-5.82785748
-5.81008386
-5.28853886
-4.92799529
-6.05613202
-5.69456725
-5.76028443
-5.21738217
-7.17474568
-5.95458139
-5.18625868
-6.27220694
-5.72563179
-5.67357961
-6.35409523
-4.63888525
-5.51533691
-5.68700869
-5.36338772
-5.66946176
-5.85057299
-6.34146073
-5.09210148
-5.74922438
-5.85246701
-5.81840077
-4.81304711
-6.14028075
-6.01605215
-5.71869070
-5.63121597
-5.77466066
-5.60250172
-5.60529535
-4.64819134
-5.37341605
-5.65684606
-5.80795552
-5.86365631
-5.73014398
-5.92339279
-5.81584371
-6.43095671
-5.80192459
-5.19305202
-5.06069733
-5.64973024
-5.89381861
-5.13472854
-7.07726902
-5.67939409
-5.68259425
-6.21015488
-5.62694981
-5.18281738
-5.88479734
-4.83260191
-4.70631234
-5.67845457
-5.53291565
-5.41477411
-6.08738640
-5.54554399
-5.29848662
-5.70220402
-6.23477625
-5.59222529
-5.73486806
-4.50939877
-6.00042941
-5.56373071
-5.53402133
-5.16646957
-5.78140947
-5.01552801
-4.80124589
-5.65572408
-5.66397742
-4.68635450
-5.04513677
-5.26642698
-4.66332253
-5.61151398
-5.64273424
-4.16094120
-5.41960204
-5.84171199
-5.87722291
-5.43281113
-6.49494468
-5.86517367
-5.97502616
-5.71993738
-5.98477091
-6.02603024
-6.03239982
-10.33136135
-10.65410489
-10.45006240
-10.83379620
-10.59958634
-10.43110153
-10.99590706
-11.21131335
-10.87570955
-10.90449511
-10.26623930
-10.51605810
-10.99324258
-10.41644797
-10.43302696
-10.81370609
-10.47157949
-11.47927448
-11.00300957
-11.11197315
-11.22764683
-10.51929703
-10.63702862
-10.68310674
-10.16604875
-10.59295053
-10.33848713
-10.47271937
-9.74712077
-11.12229417
-10.68946464
-10.21638400
-10.50351353
-10.47969002
-10.19438613
-10.71392122
-9.89737767
-10.52833383
-10.65833769
-10.07035623
-10.07334205
-9.83919392
-9.91344678
-10.71747304
-10.43064644
-9.78656690
-10.20380583
-10.21632699
-10.38178923
-10.53315354
-10.20046836
-10.43278756
-10.03335617
-10.22935999
-9.75000654
-10.44621058
-10.39474598
-10.12084126
-11.01141377
-9.62899807
-10.98288355
-10.38517771
-10.44864941
-9.62530070
-10.29969261
-9.09412745
-10.76836350
-10.35265069
-10.33579621
-10.43255840
-10.03406863
-10.11455282
-10.57536894
-9.71372449
-10.49722073
-10.08963578
-10.67403148
-9.66235328
-9.35991152
-10.57118704
-9.14229272
-10.28568218
-11.05085618
-9.92261077
-9.53655105
-9.88986525
-9.71548757
-8.89882822
-9.26279220
-10.04154846
-9.12419602
-8.34757757
-9.47532378
-10.27521921
-9.83815168
-10.95732428
-10.49671814
-10.63590782
-10.40964735
-10.30161944
-10.65128672
-11.21856654
-10.90050503
-10.66603885
-10.52508201
-10.72243385
-11.49038356
-11.80304688
-11.21822256
-9.94241102
-9.98793644
-9.43344451
-11.35661382
-11.14949511
-11.16853228
-10.62033431
-9.57831737
-11.02379441
-11.78845412
-10.37766166
-11.16943833
-11.07024676
-11.69860713
-9.56269649
-9.30360368
-11.17687622
-10.31584454
-10.30910959
-10.38629062
-8.52472537
-11.07622086
-10.64505984
-9.27539905
-10.41210575
-11.04201586
-11.02909391
-10.55777434
-11.05596219
-11.83687483
-11.28653489
-10.25287906
-10.86006953
-11.40456385
-10.68722132
-11.71200359
-10.05000055
-10.61946185
-10.54519378
-11.41715146
-10.17186414
-11.59651843
-11.08547387
-11.15915766
-10.43975031
-11.54846065
-11.10070680
-10.61440770
-10.59964552
-11.21667206
-11.47397198
-10.57502630
-10.64122655
-10.86859787
-10.62543968
-11.77378829
-10.49907465
-11.88186125
-11.00085919
-12.28045049
-10.40795261
-11.40730704
-10.64520963
-9.16858833
-10.90128293
-11.31912248
-11.15482141
-9.88391636
-11.24228720
-11.56138810
-12.03814217
-10.70308091
-12.10443086
-10.73640742
-11.15736787
-10.76334034
-11.34703428
-11.74311927
-10.98856209
-11.28201502
-10.64522220
-11.21301085
-10.99603916
-10.95224780
-11.28213983
-9.96719577
-11.32218232
-10.14403463
-10.68260998
-10.83199139
-11.13969942
