-14.73249768
-12.97015060
-14.21913268
-13.98361149
-14.76561611
-13.79905011
-13.77199491
-14.69845494
-14.22208278
-13.43712912
-14.59360001
-15.27009308
-14.16116351
-14.44070901
-14.60378859
-14.74394027
-13.01393665
-14.20596052
-13.86245187
-13.00724047
-13.44610530
-13.23162490
-12.79473575
-13.04999106
-13.50980627
-13.31705967
-13.76145382
-13.54498499
-14.16416178
-12.92379078
-13.35791722
-14.32492868
-14.81769250
-14.50520716
-14.70279767
-13.99503095
-14.46143132
-14.31842385
-14.52881047
-13.93063381
-14.26477461
-13.29425697
-14.09696939
-13.80743624
-14.45146227
-14.33069911
-13.02085310
-13.65544574
-14.38174543
-13.94818032
-14.62393084
-13.67377535
-13.88599566
-14.12537849
-14.71621082
-13.49286615
-14.22167935
-13.14669149
-14.01960747
-13.47922447
-13.04769149
-13.98507287
-12.98392203
-14.06018394
-14.20873662
-14.03314677
-14.14139811
-13.91588143
-13.82986477
-13.46951532
-13.42997517
-14.13230388
-13.16006968
-14.14711726
-14.48352824
-14.28572320
-13.47836403
-14.16906549
-14.30785706
-13.91727729
-12.55157045
-14.79614921
-14.34204813
-14.48586670
-13.82992983
-12.94106493
-13.86768874
-14.11565134
-13.96472180
-14.38655994
-14.15335779
-13.79325445
-14.23954240
-14.96179707
-14.56836947
-12.98219625
-14.63237264
-14.84336345
-14.09571075
-12.49919046
-7.37840933
-7.88326264
-7.67096345
-8.81645395
-7.96682275
-7.74035218
-8.17182167
-8.46096621
-7.78014153
-7.51470823
-6.88430762
-6.08657034
-7.89223116
-7.27004269
-6.94668602
-7.84446994
-7.33064047
-6.51998366
-7.16896652
-7.40072989
-6.41112645
-7.20010635
-7.01623256
-7.18985992
-6.51872329
-7.12519714
-6.02794315
-7.22466020
-5.98061167
-7.05390496
-6.75492525
-7.71508795
-8.05184926
-8.14383717
-7.51642998
-7.86915458
-9.13488760
-8.41786520
-7.66845704
-8.16445930
-7.40120322
-8.32752628
-7.26471458
-7.84183747
-6.67768072
-7.11923073
-8.19299380
-7.29231608
-8.17292077
-7.62070393
-7.61544423
-8.21200337
-7.60164409
-7.82706651
-7.89418987
-8.42072175
-8.13278083
-6.34472850
-8.38629215
-8.64488654
-8.12986223
-7.03548696
-7.67841386
-6.41188086
-7.43180615
-7.29309195
-7.63950995
-7.06000043
-8.27054866
-6.15649821
-7.77553408
-6.75556410
-5.63032621
-6.12238354
-4.92801273
-3.88272678
-4.73248282
-6.63434085
-6.60757979
-6.37773466
-6.65270102
-8.03130266
-9.08902427
-6.66646533
-8.00069174
-5.95383306
-7.07980147
-7.91684045
-7.20824205
-8.39533150
-8.55106077
-9.01713475
-9.49059064
-8.16396601
-7.51667937
-7.64921451
-7.08860109
-8.01316090
-7.21354947
-6.56896280
-8.96488583
-8.21521725
-8.86615543
-9.28871464
-9.04902040
-9.21740113
-10.22334328
-10.69500284
-9.31357227
-9.37460962
-8.70411466
-10.20775994
-9.22659291
-9.45853755
-9.10771961
-10.07551488
-9.87811929
-9.48990710
-10.30329918
-9.27944846
-8.93197253
-9.50498249
-9.51486597
-7.90135427
-7.28382731
-9.53403429
-8.85533745
-9.04255503
-8.85085761
-10.16123624
-8.37663387
-9.39428590
-9.37343529
-9.91326265
-9.20781229
-9.93458647
-9.96770319
-9.12774568
-9.67291860
-9.41995162
-10.22329033
-8.74837638
-9.52762089
-9.65359839
-10.53181508
-8.92618926
-8.71338541
-8.96369451
-8.78847705
-10.07966880
-10.57895391
-9.11610519
-9.82203363
-8.98409685
-9.41260885
-9.77197248
-8.78109584
-9.44461213
-9.07704276
-9.48037503
-9.35079497
-9.12930138
-9.70358986
-10.48393491
-9.38615841
-8.96723258
-9.39314302
-9.18220123
-8.87449865
-7.00511453
-5.97549950
-7.05576939
-7.94094741
-8.15970205
-7.02529865
-7.70070584
-9.36153187
-7.98660997
-7.78901218
-9.16708926
-8.59810263
-9.89180545
-8.21353072
-8.32436292
-9.02487002
-8.50044932
-8.60929460
-9.29176171
-8.63618837
-8.32869739
-9.79138386
-10.30852673
-9.19408622
-9.47082415
-9.53866255
-9.75006678
-8.28030954
-9.24420529
-10.21877999
-8.90151599
-11.08560230
-10.93116984
-11.47118554
-11.42266040
-11.04714001
-9.81374315
-11.17459533
-10.94605839
-11.02985429
-10.55594028
-9.19107348
-11.58086701
-10.83928217
-11.75459967
-11.47911108
-11.52226677
-11.34752536
-11.13689794
-11.69637436
-11.82419368
-11.77893235
-11.09905610
-11.12823031
-10.85480639
-11.25029872
-10.92115885
-11.53456149
-11.40203155
-11.19288524
-11.59562354
-11.92500798
-10.55887530
-11.02834414
-10.61550048
-11.29854901
-11.53309541
-10.30530690
-11.68538117
-10.66076895
-11.15072482
-11.11591329
-10.65756665
-11.37250923
-11.47298742
-11.23864449
-11.90242204
-12.01471274
-11.23239139
-11.34348870
-10.98886487
-11.28239619
-11.12089920
-10.95917219
-11.69037662
-11.29888978
-11.14556331
-10.56074741
-10.33049458
-11.43445306
-11.47683465
-10.85610191
-11.50606703
-10.97946902
-10.98210407
-10.03449407
-11.32252395
-9.55451910
-10.00006251
-8.96185519
-10.09208552
-11.47437423
-11.41771047
-10.81953954
-10.09348726
-11.01398163
-10.05240780
-10.92648579
-11.42569724
-11.47608425
-11.05884004
-11.71982050
-10.97584896
-10.89867694
-10.45655743
-11.29221771
-11.07767897
-11.37860200
-10.07846128
-11.23123077
-11.40320533
-11.10462259
-11.76718847
-11.17599334
-11.55069656
-11.43538945
-11.71615493
-10.77173492
-11.10773527
-11.18928228
-11.58700500
-12.02666317
-11.08443658
-9.99262460
-12.21781317
-11.23221802
-10.84910333
-10.84948535
-10.76659132
-11.53549910
-11.12407130
-9.95766433
-11.02110498
-12.10268673
-11.15923332
-11.52112054
-10.43587932
-11.20032030
-10.44904556
-10.70842651
-10.78168945
-10.18289731
-11.13574032
-10.39573160
-10.67006246
-12.16888697
-10.60256965
-10.96276086
-9.99433522
-10.69403161
-11.90660845
-10.90343034
-10.58319565
-10.37871459
-9.76198065
-10.12979925
-9.85617295
-11.57036467
-10.47336233
-11.80872004
-10.20039515
-9.91884512
-10.92183059
-10.86635578
-10.97176578
-11.33301923
-10.65486742
-11.26801035
-11.28628674
-12.25745764
-10.33951574
-11.00914636
-12.23907044
-11.02934417
-11.44886780
-10.13785561
-10.71893472
-11.05664206
-10.07407381
-12.05312801
-10.12747526
-10.37255419
-11.20328744
-11.15227682
-10.76792670
-11.13560309
-11.47096258
-10.97357712
-10.61022325
-10.78017167
-11.07175077
-11.17261663
-10.34651556
-10.72497915
-11.26621798
-11.05249833
-11.09436177
-11.24963589
-12.20808692
-10.60803818
-9.64269850
-10.45221290
-11.38862580
-10.53527818
-10.56406876
-10.23524887
-9.14077935
-9.85504578
-10.69093089
-9.40228071
-10.83422689
-10.12308615
-10.98741693
-10.99528033
-11.98084165
-10.46774517
-11.97698188
-12.08448007
-10.87947932
-11.80354525
-11.79119353
-10.31207687
-10.43823449
-10.22202428
-10.25689135
-9.59901366
-9.95027038
-10.16060929
-10.41114403
-10.40552414
-9.66668969
-8.70841967
-9.84265362
-9.24347228
-10.26258210
-10.01238161
-9.55804442
-9.42797901
-9.84413897
-9.24505692
-9.42831354
-10.16663274
-9.79472544
-10.21613301
-8.55861695
-9.60570480
-10.23524106
-9.38889854
-9.45954303
-10.18130228
-10.58095094
-9.06322821
-10.03628904
-9.87279675
-9.37165773
-9.36099727
-9.71712039
-9.75114814
-9.81835812
-9.61824499
-8.74968758
-9.31283933
-9.35215907
-9.64190923
-9.79815675
-9.79116136
-10.03013213
-9.28705946
-9.94681203
-9.88347721
-9.72670031
-9.12839924
-9.53051210
-8.95341497
-10.19835729
-9.92136516
-9.97456724
-10.19086908
-9.57886415
-10.17876159
-11.16831465
-9.64122140
-9.25208887
-9.58338694
-9.19249067
-10.41412090
-10.67194028
-9.50589165
-9.64701583
-8.42679900
-7.94830828
-8.83750443
-9.21786475
-9.38405042
-9.01304038
-9.36907640
-9.74335916
-9.68380458
-10.04673378
-8.97825868
-10.00934805
-10.96474862
-9.49180612
-9.56263749
-9.23511505
-9.45446652
-10.19239419
-9.39170990
-9.68905206
-9.44577398
-10.17704622
-8.80657413
-9.72726062
-9.33924146
-9.83769198
-9.44556089
-9.38078749
-9.43535398
-9.57534053
-9.31835068
-9.43129914
-7.14261506
-7.33555548
-7.48960530
-7.27113884
-7.42150755
-7.36595549
-7.58019919
-6.96311658
-7.89864869
-7.65720312
-7.40518134
-6.90104309
-7.29737356
-6.90920524
-6.84805540
-8.08447074
-6.43915454
-7.20218610
-6.39103317
-6.89232732
-7.26855357
-7.63909577
-8.01138774
-7.91180447
-7.89514857
-7.72557061
-7.93674488
-7.44727116
-7.66298264
-7.60004892
-7.77157274
-7.70875230
-7.39555253
-8.30128388
-7.91578185
-8.14748742
-7.31139347
-7.75050089
-7.91109477
-7.78769930
-7.60817275
-7.46958405
-7.87853419
-7.18512692
-6.94180650
-7.81974975
-8.13161289
-7.27344708
-7.98773248
-7.98841166
-8.18211121
-8.01449610
-7.57143473
-7.95146312
-7.96538667
-7.41746854
-6.97309426
-8.00924627
-7.28479439
-7.36583061
-8.06728914
-7.48362463
-7.51940706
-8.22121040
-7.29420839
-8.41078362
-7.37875711
-7.41247449
-7.38497904
-6.63376403
-6.74534767
-7.42887313
-7.09413352
-8.11428355
-8.01062871
-7.99130215
-8.04422459
-8.84888536
-7.98403604
-7.28946737
-8.01774640
-7.07855769
-7.29541644
-7.85911745
-7.78425281
-7.58342951
-6.85927640
-7.18958430
-7.35295270
-7.58470904
-7.71630379
-7.87161416
-7.88409599
-8.23605419
-7.84977731
-8.10408716
-8.24452503
-7.89298887
-8.33014138
-8.01814333
-10.35475193
-10.43603679
-12.12063647
-10.77691763
-10.53487099
-11.00961986
-10.59173894
-10.78847331
-10.43864627
-10.19004176
-8.37284710
-9.24473022
-11.28862230
-11.83653853
-11.58244600
-11.01644501
-11.45013909
-11.80201504
-9.61883028
-11.63699362
-10.75352669
-11.51345233
-11.51979488
-9.63370986
-10.70206820
-10.30277137
-10.61719289
-9.67067561
-10.86938422
-11.49740086
-9.60689761
-10.87716887
-11.63438489
-11.38937684
-11.76966921
-10.79157772
-11.16361879
-11.39032212
-11.76901569
-11.36147451
-12.05781703
-11.74328545
-11.43053397
-11.46347428
-9.10134657
-11.32659212
-11.46394884
-11.38336071
-11.45046617
-11.41436227
-11.45886396
-12.11339581
-11.93071744
-10.91089009
-11.48096777
-11.08123303
-11.01300670
-11.10356855
-9.58029320
-9.73769816
-11.62281399
-11.16836290
-10.48408549
-11.25850278
-11.55029913
-10.11978827
-11.23728048
-11.93867529
-9.91191516
-11.22424612
-11.26181749
-10.77263963
-10.66869354
-10.50393309
-10.85927921
-11.32560617
-9.24808800
-9.63500207
-11.50597089
-11.52167192
-11.37593828
-11.67879951
-11.42382131
-11.08417698
-11.61221587
-11.47610395
-11.86447105
-11.33387913
-11.88921637
-10.05944862
-11.69446519
-11.73320231
-11.29760185
-11.63151784
-11.50725074
-11.34592187
-11.62106913
-11.43160056
-11.37905676
-11.97133011
-10.31775034
-9.44937858
-9.16908620
-5.88786059
-8.97647395
-9.22773689
-11.00422882
-10.86458003
-10.33488269
-10.82826446
-9.76158581
-8.01457443
-10.56873947
-10.54080546
-9.78644930
-9.38231933
-10.32645128
-10.26262513
-10.76018388
-9.85931377
-10.63446925
-10.13583124
-10.56244779
-11.15905200
-10.68564729
-9.85114323
-10.25717344
-10.15463384
-10.68278594
-9.17957586
-9.99177733
-10.16786275
-11.00368545
-10.50423266
-9.40117277
-10.64088711
-10.13426258
-9.85439946
-9.75009502
-10.03907443
-10.35342898
-10.94471363
-10.97463400
-9.03340313
-10.30824049
-7.07731375
-5.79122333
-6.84435284
-6.50974571
-8.15798217
-9.59941787
-9.64591482
-4.21569995
-7.69923305
-5.89439740
-8.84321729
-9.50828634
-8.79275670
-8.80445259
-8.80533380
-8.77407823
-7.29188290
-8.00403589
-8.87512007
-8.20052484
-7.77570049
-7.89171142
-7.52714995
-9.31147465
-10.56038130
-11.12541725
-11.02898817
-10.46050478
-10.45724775
-10.98540445
-10.29803390
-10.33028621
-10.58117961
-6.61497149
-5.75682450
-7.73914016
-10.37061163
-9.26661710
-10.44354605
-7.88257631
-10.83161734
-10.47929244
-9.08007009
-10.30021744
-11.01615963
-9.51695265
-8.93644956
-9.19117903
-7.44184167
-8.78112504
-8.78141516
-9.72062804
-7.60082772
-9.58739369
-10.74486664
-8.78378119
-9.21440387
-9.26441559
-9.07366847
-11.24596064
-11.20909400
-9.93200408
-11.38538410
-11.49916716
-10.89484088
-11.44067761
-10.96260343
-10.02821094
-10.76454714
-9.82705805
-9.90183812
-9.26168485
-10.92833018
-10.42294063
-9.56938639
-10.18752058
-10.40291390
-10.98881653
-9.55834772
-10.47408172
-9.99970594
-9.08350509
-9.58888138
-8.57288639
-8.92725154
-10.13398709
-9.92341416
-9.86843699
-10.05166926
-9.45469113
-7.92867575
-9.61440684
-9.16152968
-9.71898470
-9.48654835
-8.91135142
-7.87828786
-8.01527706
-6.23039702
-7.12902314
-9.52486705
-8.95306289
-10.29753174
-10.01524785
-9.23637194
-10.50885702
-9.80715474
-10.40338275
-10.88298379
-10.84904580
-10.57196360
-9.68820913
-11.39126776
-10.68529928
-11.77253746
-9.98764940
-9.74660100
-9.19276411
-9.07194173
-8.53300011
-10.42856180
-10.94346710
-11.86385821
-11.21398856
-10.98595543
-10.65365801
-10.97199193
-9.83924439
-11.02640742
-10.36204547
-10.65859076
-10.06235304
-9.30349726
-9.31631480
-9.85099665
-10.01287982
-10.75042646
-9.52778938
-10.16139567
-10.69371386
-9.47939293
-9.53699589
-9.74251796
-8.12150215
-8.40206522
-8.75455143
-9.56125889
-10.41677610
-8.98947687
-9.05867768
-10.21426596
-9.92297975
-9.86472538
-9.24455003
-11.06338525
-9.98696261
-9.09964109
-10.78411358
-10.75685935
-9.30064835
-9.07127028
-10.33089438
-9.18229063
-10.30782263
-10.28932393
-9.41120729
-10.25674698
-9.49127538
-10.55841174
-10.55116692
-10.67349341
-9.38561549
-9.27836041
-9.90402771
-9.36686939
-10.33063921
-10.65733957
-9.28712322
-9.39680054
-5.84508435
-9.94228076
-8.72585448
-8.18264911
-9.42764752
-9.69597579
-7.49011683
-9.45952840
-8.30983007
-9.49971915
-9.18889302
-10.73830809
-10.67341281
-9.38829004
-10.45932500
-9.46473972
-9.33919040
-10.83096472
-9.79519674
-9.38955781
-9.32445039
-8.54881329
-7.66925525
-7.74777031
-9.32139373
-9.21500116
-8.02078892
-10.53286407
-8.69548453
-9.41529310
-9.64951311
-9.52676456
-9.44049468
-10.55259370
-8.81636933
-9.10693404
-9.46950797
-9.42328212
-10.22474629
-10.63011669
-9.80979175
-10.60592099
-9.42359379
-10.93553983
-10.60905599
-10.05818504
-7.20665208
-6.28296864
-8.71265148
-9.23455635
-7.10354544
-9.29816124
-8.55787038
-7.62894754
-9.54207297
-8.40764810
-8.89128377
-8.48281485
-10.81745893
-9.33604040
-9.83911632
-9.80627822
-10.13782294
-10.55362566
-9.70245704
-9.67317944
-9.18719617
-10.07865906
-9.83399304
-10.37635791
-10.19381304
-9.79736800
-9.01354853
-8.92437776
-10.54902627
-10.01203359
-6.66709886
-7.80457791
-7.44920830
-7.40505053
-7.26840621
-5.77122254
-4.34698423
-5.23598895
-6.67474137
-7.87282933
-7.04965835
-4.19460789
-4.89220411
-5.86946270
-4.17199929
-6.91784764
-6.40329874
-7.52663612
-6.95689928
-5.68968446
-7.31926875
-7.63986295
-7.80002336
-8.49762028
-8.40076088
-8.61021048
-7.73024400
-6.41889661
-7.83143564
-8.97574615
-7.81150379
-7.57857123
-6.34014801
-7.91225362
-7.83297233
-8.26122062
-7.76143112
-6.92093785
-8.89243438
-8.20929898
-8.32083155
-9.10574938
-7.82882051
-7.01357275
-9.15992173
-7.68890322
-7.00074759
-8.23428145
-8.58636158
-7.76764723
-6.49539455
-3.57043507
-5.80830630
-5.89107308
-6.12796953
-7.45663148
-5.81795803
-5.69324888
-5.00727815
-8.22463769
-3.94662603
-4.00479453
-2.63515034
-3.95596231
-4.58486357
-3.88012486
-1.57002694
-3.03838220
-2.75679970
-2.11086269
-6.52888839
-7.38242907
-8.68745966
-7.05485685
-4.74553436
-9.12509366
-8.64579485
-8.03185439
-7.71254130
-7.29563186
-7.15957926
-7.59972092
-7.25869993
-6.40331640
-8.53795667
-7.18911740
-8.33434126
-7.36027158
-7.40778590
-7.29277602
-7.73055351
-8.24975838
-7.04158839
-7.88736282
-9.01280066
-7.98050939
-7.75031868
-8.05178320
-9.09230963
-7.90515162
-6.06326105
-5.13681261
-5.80997396
-2.93158681
-5.36946608
-5.23495417
-5.95305231
-5.82518003
-5.63850760
-5.13667063
-5.82686266
-7.89608364
-5.85386431
-4.71089794
-6.49012954
-5.88719508
-4.71388570
-5.95295755
-7.19874220
-4.97698106
-6.06261737
-6.18500264
-6.52187304
-6.41853907
-5.91572950
-5.00005578
-5.61311113
-5.76443405
-6.21915355
-7.07120298
-5.71560734
-5.23897817
-6.48868552
-6.24281855
-4.98203217
-6.23461503
-4.88669178
-5.97976549
-6.00739989
-5.96012780
-6.12110831
-5.52413004
-6.55502612
-6.56231185
-7.04381269
-5.81796203
-6.23492748
-4.15348294
-4.52012750
-6.13908905
-6.08029843
-5.83910354
-5.33972476
-6.18651189
-5.40650695
-5.98725649
-5.98743691
-5.70336000
-6.11271709
-6.50407625
-6.11889745
-6.43936979
-6.79880140
-5.08717691
-6.97517410
-6.20170516
-5.53667384
-6.79503365
-6.77240158
-6.20242056
-6.89633860
-6.20201228
-4.25252492
-5.58636784
-6.49723416
-5.58587539
-6.58856004
-6.44025217
-5.92463521
-4.22078948
-5.87902205
-6.23812498
-5.75063925
-4.24975848
-4.35446685
-0.39657404
-4.82645834
-5.03584138
-5.36007140
-5.11418778
-5.37473395
-6.30895971
-5.62055888
-7.12204740
-6.13295526
-5.47898149
-5.84158752
-6.27164215
-5.97271202
-6.66900574
-7.29898976
-6.57892223
-6.53737924
-6.65834846
-6.69041473
-5.35875093
-8.11918788
-5.55988188
-5.89710800
-6.67275388
-5.59847674
-4.87871892
-5.18052945
-4.63556582
-5.15219095
-4.57862594
-4.85945765
-5.07546606
-4.88639945
-3.96055811
-5.02484904
-4.79951420
-5.79617061
-5.52169450
-6.05088366
-5.12539692
-5.91420620
-6.24634732
-5.61900108
-6.74588103
-6.14915888
-5.00241031
-5.62195656
-4.72782047
-6.16379076
-6.41078291
-6.31659935
-5.80258997
-6.48951894
-7.00019696
-6.53229866
-5.65185970
-6.08878984
-5.26337789
-6.35876641
-7.10115248
-6.54868179
-6.44536356
-5.78940875
-6.95986557
-6.82380707
-5.92658162
-6.67671907
-6.76100031
-6.74097985
-6.54185253
-6.60544812
-5.89033778
-6.04222501
-6.90648925
-5.88778182
-5.54817083
-5.85281623
-5.92028603
-4.76369772
-6.62842516
-5.31261170
-6.22738318
-5.68482184
-5.42533708
-6.17053268
-6.10403460
-4.12549619
-6.36336684
-5.85256328
-4.22446982
-5.80087804
-6.57944143
-6.45209437
-5.60449025
-5.27081975
-6.46680944
-4.60926064
-6.11743323
-5.94302111
-5.70462133
-5.41559971
-4.92324209
-6.22806011
-5.89474694
-6.12437386
-6.43462304
-6.48249745
-5.91342587
-6.74346597
-6.71837635
-5.90122678
-6.04623168
-5.53781992
-6.64269587
-8.88739712
-9.49053350
-8.66246885
-9.38365366
-9.03485273
-8.55767051
-9.80638083
-8.70087697
-8.33112633
-9.13691260
-7.99566744
-8.01375146
-8.10770572
-8.27571752
-8.50351635
-8.54025895
-8.71073540
-8.44981846
-8.19488390
-8.23624180
-9.52946981
-9.24869041
-9.82551076
-9.59425120
-9.22161635
-9.35582112
-9.36966174
-9.39649149
-9.13785851
-9.70595249
-9.31628624
-8.65527017
-9.40868268
-8.95839760
-9.60909931
-9.84824657
-8.61340605
-8.90832407
-8.97405040
-9.40014551
-9.18854897
-9.36484914
-9.05920102
-8.98340943
-10.06621935
-9.32291167
-9.38495277
-9.09523118
-9.39899233
-9.44071104
-9.75713066
-10.07966998
-9.62076009
-9.15784219
-9.64529874
-9.54166786
-8.83686350
-10.00598296
-8.19438402
-8.55528807
-9.04686826
-8.70744929
-8.50125916
-9.20260190
-9.06020871
-9.03024561
-8.68004572
-8.96547113
-7.96052363
-8.05299459
-7.89619030
-8.08989161
-8.26048788
-6.10169361
-5.37116368
-7.58735011
-9.76359294
-9.88723044
-9.44584818
-8.75066453
-9.63188416
-8.43201916
-9.36526823
-9.64643520
-9.59223237
-8.76013282
-9.27018153
-8.98871343
-7.72308261
-7.68922643
-8.78462519
-9.73749318
-9.53804064
-9.84692522
-9.79932900
-8.80511915
-9.11466304
-10.23947515
-9.46065852
-9.14792651
-6.31661563
-6.33972783
-7.14956848
-6.69985150
-6.07199691
-5.96890272
-6.02500843
-6.99268072
-6.56589567
-6.29009302
-6.97536307
-6.72732589
-6.33125646
-6.07067858
-5.97919433
-6.80776361
-6.84317393
-6.54284276
-5.94431033
-6.50103184
-6.21868063
-6.03370887
-6.11726270
-5.84080327
-4.69575786
-4.88912900
-5.49881892
-5.86606075
-5.96165316
-6.16283956
-6.15987925
-6.23191127
-5.95875146
-6.39815381
-5.97863498
-6.22938111
-6.16301516
-6.60020648
-6.56478592
-5.28630445
-6.97360897
-6.13850125
-6.30741624
-6.90452685
-7.60713020
-6.20992371
-6.44379998
-6.53235756
-7.15426798
-7.12028952
-6.35419567
-6.74421935
-5.98110053
-6.73057053
-6.42724413
-6.67929632
-6.41451273
-6.32627277
-6.58205401
-6.89932958
-6.11347564
-6.31258875
-6.68395032
-6.82844677
-6.47690156
-7.04533146
-6.82210894
-7.17169336
-6.02994594
-7.04869602
-5.95647858
-6.00380377
-6.23746091
-6.11642273
-5.84525633
-6.09494583
-5.79846096
-5.40163448
-5.33043797
-6.20824202
-7.50316182
-6.04613904
-5.85578587
-6.55401369
-6.17439100
-6.34363843
-5.25223500
-6.23519345
-7.65117806
-6.48568673
-5.42517156
-7.00783949
-6.68550992
-7.10918051
-6.36419293
-6.71966353
-6.93946033
-6.07753517
-6.56404906
-6.41252593
-5.94702961
-7.61470223
-7.53048313
-5.86526641
-7.47665769
-7.10086325
-6.30626023
-7.25895446
-6.70316367
-7.25805797
-6.28328513
-7.19646023
-6.62909874
-6.43904495
-6.87176475
-6.79206362
-6.82357925
-9.50122935
-7.17113764
-6.31772036
-7.51781534
-6.02873430
-6.36216177
-6.67666859
-7.12509620
-6.50723633
-6.85161131
-6.28440704
-7.08569546
-7.04175405
-7.20304531
-6.72888338
-5.72506587
-6.44629927
-6.72371428
-6.33292907
-6.56027623
-6.30708663
-6.51957197
-6.49094121
-7.73506018
-6.86891443
-6.51908105
-7.12558207
-6.45104428
-7.41320679
-7.84888571
-7.66792408
-6.55393338
-6.45212266
-8.11066264
-6.58906016
-8.09152922
-7.79559915
-6.49555297
-7.47705499
-7.42825930
-6.70677132
-6.38768993
-6.69622178
-6.67096014
-5.42444989
-6.01747159
-7.58202618
-6.88797017
-7.07761936
-6.41503118
-6.94344076
-6.95676151
-6.31414717
-6.47328946
-6.55513600
-6.01532148
-7.12927519
-7.38478960
-6.97339579
-6.69639718
-5.51512344
-6.45268692
-6.33195050
-6.92467010
-6.26720961
-6.87844936
-6.70146832
-5.44651547
-7.06381006
-6.40834081
-7.45971367
-6.62721213
-7.04225026
-7.19403037
-7.32390757
-6.80240821
-7.09730101
-7.16803863
-7.03232392
-7.44444213
-6.80634812
-7.32874278
-7.65915482
-12.40521474
-12.12419472
-12.03123939
-11.90119256
-11.76384692
-11.29933510
-11.86844850
-11.79855275
-12.07351217
-11.82911787
-12.11542131
-13.02277872
-12.48086546
-12.68636749
-12.42030871
-12.75289537
-12.57284070
-12.61648158
-13.02132389
-12.47530227
-12.08680359
-12.07582364
-12.96431674
-12.29376909
-13.00907890
-12.37648591
-10.86964906
-12.61622497
-12.62282110
-12.71463297
-12.92723272
-12.63147023
-11.45682809
-12.17485608
-12.90935496
-12.86385278
-12.56035263
-11.69601522
-11.61344997
-12.64418369
-12.35174947
-11.94103315
-12.41416694
-11.46304480
-12.00985422
-12.04186193
-11.52522769
-11.94311647
-11.86479765
-11.68465929
-11.92818559
-12.25266948
-11.15021882
-11.85121929
-11.11008427
-11.96189332
-10.92982621
-12.07056340
-11.53682896
-11.65702579
-12.82015956
-12.25654131
-12.26902812
-12.71345281
-12.21278894
-12.32275595
-13.02811311
-12.47225949
-12.70891826
-11.79572859
-12.79939514
-12.63114992
-13.04435449
-12.28718345
-12.98984216
-12.48763833
-12.71958801
-12.67605584
-12.50122030
-12.20513637
-12.90473276
-12.59639667
-12.98196963
-13.01145204
-11.86545875
-12.91486401
-12.57339972
-12.53374502
-12.95856159
-12.05211027
-12.96073479
-11.64784659
-12.83447538
-12.11685032
-12.06952024
-12.87423859
-12.89007886
-12.91798816
-12.94678773
-12.10038238
-11.18018231
-10.38149011
-11.01880996
-10.66956039
-10.40036322
-9.95425803
-11.22038493
-11.27315146
-10.66623825
-10.99347837
-10.54897573
-11.15044351
-10.37814069
-9.35937355
-9.67053468
-10.43921572
-10.42261787
-10.52405515
-10.47712699
-10.23502791
-10.32096394
-10.51120812
-10.77869614
-10.30441905
-10.92125873
-10.64310993
-10.57915822
-10.19646304
-9.75486330
-9.78454379
-9.75929222
-9.36570451
-9.90005761
-9.62402226
-9.81322943
-9.88440466
-9.90944059
-10.49646190
-9.98803660
-10.04979317
-10.57149531
-9.87760334
-10.62859737
-9.99456331
-9.81559384
-10.47687810
-10.41402360
-10.80034162
-10.81605884
-10.94398791
-11.24779680
-10.70060044
-10.87448864
-10.16431755
-10.34020368
-9.50390623
-9.47643192
-11.04630102
-10.71824054
-10.79989580
-10.50602312
-10.75601881
-10.84965679
-10.43916530
-10.55419822
-10.60772512
-10.43501426
-10.55908886
-10.39736875
-11.03182232
-11.13257469
-10.45734820
-10.50784028
-10.80034349
-10.33211404
-10.32268018
-9.77442522
-10.76453649
-10.80029843
-10.52838825
-10.36530834
-10.86148082
-10.66971870
-10.64702901
-9.89157910
-9.47122893
-8.44348460
-8.84782948
-9.62510066
-10.18425501
-10.97121187
-10.29989242
-10.41776670
-10.10559223
-10.28224180
-10.17136638
-9.76201356
-10.23539501
-10.36444802
-10.39722572
-9.82077281
-9.01821174
-8.62504118
-7.13163947
-11.14579209
-10.93518197
-9.16217462
-7.90188438
-7.86790048
-9.77748133
-7.72417868
-11.36263051
-9.73804545
-9.22728801
-9.24537030
-9.88007713
-11.22014760
-7.87573026
-8.16790329
-9.13012143
-9.22046869
-7.54218323
-9.04062704
-10.70313210
-10.98372663
-9.94246319
-8.48068392
-8.04913024
-11.50797002
-9.74472615
-9.63878170
-8.51259621
-9.53615183
-8.28763690
-9.56012504
-8.87048925
-9.51608883
-9.55071475
-9.58704746
-8.94589357
-9.92830353
-8.59469335
-10.04167479
-9.16378912
-9.44356867
-9.48237069
-8.31397823
-9.84445307
-9.11635941
-9.44298896
-8.78091106
-12.15781463
-7.26684087
-9.51289271
-8.50213214
-7.67104353
-9.24725495
-9.08504967
-10.23377841
-10.19217905
-11.22448815
-11.01558159
-9.18994843
-8.03234541
-8.01337831
-10.98934135
-9.14579163
-10.99871746
-7.69258901
-10.52290403
-8.20145698
-8.31735608
-9.57051377
-8.16623443
-8.01848382
-8.28177125
-9.61527819
-8.00401828
-11.46189736
-8.44657052
-9.31214949
-8.21897774
-8.14713642
-9.39208451
-8.48857685
-9.45869965
-9.92043518
-8.94242016
-7.98853163
-9.52085290
-8.08453697
-9.66826413
-8.62745563
-8.17686382
-9.42215565
-9.45680512
-9.28950557
-8.14868310
-8.14749233
-7.72255624
