-8.56190591
-7.34614607
-7.07817782
-8.27734193
-8.33312020
-7.95947671
-7.71453884
-8.50052677
-7.31227717
-5.97629972
-5.67564206
-6.99391325
-6.82609558
-6.56300177
-5.49975359
-8.08740772
-8.44532549
-7.17518824
-7.70378040
-8.26628011
-8.49366850
-7.80488454
-6.86575007
-5.70659889
-6.93770830
-6.95853041
-6.88667699
-7.25875701
-6.88405738
-7.18843634
-6.80076170
-6.41152236
-7.14996291
-8.44315337
-4.26301693
-7.96495740
-8.20212059
-8.35439400
-8.14575227
-8.20192187
-7.53988524
-7.85137072
-6.72456465
-7.86273333
-7.91303424
-7.62723489
-8.70467555
-8.48270595
-7.60196385
-8.38243313
-8.04397841
-8.10737062
-8.54831140
-7.88632930
-8.10677870
-8.29949238
-8.44098719
-8.86499213
-7.48214617
-7.76982838
-8.28684124
-8.35971862
-8.10994864
-6.93603759
-6.05577792
-7.75959637
-7.05458610
-6.96048087
-7.31075861
-7.00871501
-8.38182358
-7.89245195
-6.68993199
-7.01502053
-7.14855153
-8.32911975
-8.06778061
-8.07973435
-8.30863627
-6.73847440
-7.55761318
-8.04370303
-7.33977873
-8.59085491
-8.08750750
-8.24821524
-8.43145616
-8.75492618
-8.26952318
-6.53541409
-8.88592512
-7.38756621
-6.63201621
-7.05925577
-6.88833434
-7.62045158
-7.93185089
-8.02653575
-7.29579048
-7.10111795
-2.37110677
-2.03623212
-2.18892898
-1.69462735
-3.00548547
-2.30843554
-2.36476463
-1.78818859
-2.01126556
-3.40929557
-2.66817009
-1.31791062
-2.51832275
-1.82370382
-1.95496438
-1.05607058
-2.14302825
-1.13329204
-1.42199269
-1.26212465
-3.43548938
-2.36856573
-3.87205662
-1.24509783
-3.35044314
-2.12520465
-3.51131254
-1.10675824
-3.95277126
-3.55040544
-1.71492171
-1.15945769
-2.42856078
-2.59557157
-1.16252577
-2.72425922
-3.27937236
-3.44961541
-0.79368389
-1.67417275
-3.53356653
-3.34501084
-3.26421464
-1.78960334
-3.23848404
-3.19444795
-4.02595070
-4.07875351
-4.31311586
-2.29746344
-3.04319101
-3.68137982
-1.68096030
-3.17813956
-1.73904627
-1.99923592
-2.57447182
-0.41609963
-0.92643772
-1.67523583
-1.72719109
-2.27626756
-2.10987624
-1.62191904
-0.25559944
-1.08183095
0.02772589
-0.12107649
-1.43817991
-0.90036049
-0.51524456
-1.31192211
-1.77122518
-2.40492462
-1.78514329
-2.44315794
-1.55823481
-2.83680903
-2.94579158
-2.85707996
-3.18492405
-2.85270614
-2.15493830
-2.76018697
-1.89747657
-1.66763677
-3.31792528
-2.60229143
-1.74184427
-2.19905841
-2.48153592
-2.07949940
-2.64558269
-2.63964945
-0.22521465
-2.39544017
-2.26188389
-2.07107904
-2.70279603
-0.71639534
-5.54339417
-5.63994464
-5.63630122
-6.12139482
-5.25769410
-5.61679848
-5.52028709
-6.00613836
-6.49947215
-6.32539122
-5.94625143
-5.58395421
-6.16400385
-6.34364408
-6.66363539
-6.26705641
-5.97747979
-6.25404812
-5.87648201
-6.26971379
-5.28947333
-6.51168991
-6.19584495
-5.73918290
-5.02874769
-5.49166399
-6.37846476
-6.00473335
-5.92509552
-5.78703225
-6.10033578
-5.34751169
-5.17042499
-5.63915728
-5.27591110
-5.58129719
-6.34156432
-5.05824025
-4.50580470
-5.54336537
-5.22549679
-6.22794295
-5.05158493
-5.99104175
-6.37145582
-4.62734252
-5.90855419
-4.93225520
-5.94629752
-5.48868283
-5.38475222
-5.70702541
-5.73096559
-6.02206269
-4.93849358
-4.13152739
-4.98441110
-4.92886433
-5.52080278
-4.93283250
-5.97261575
-5.99803760
-5.48561780
-6.24507747
-5.43803005
-5.56058749
-6.32513011
-5.59953448
-4.99774492
-4.34949915
-6.05040448
-6.39073239
-5.61929415
-6.28516724
-3.85356626
-4.40593416
-3.93817794
-4.77384830
-4.65276065
-5.77991772
-5.52345165
-5.90101000
-5.26897729
-6.17899554
-5.30861780
-6.23041266
-5.57564326
-4.65136877
-4.54741978
-5.41037595
-5.66129837
-5.27618159
-5.61048537
-4.97741114
-6.66900256
-5.54741292
-6.15670354
-6.08399940
-6.04851807
-5.65591128
-6.37375332
-6.11324589
-6.65220085
-6.39249578
-6.18334925
-7.10810406
-6.44928888
-7.23990471
-5.73658267
-7.30356347
-4.60237636
-7.91343715
-6.53610818
-8.09768599
-7.91133926
-5.93176436
-7.00652314
-7.28069650
-7.34122600
-7.86569722
-6.13981399
-5.85018294
-7.62421694
-6.34315287
-6.89527956
-5.57806168
-5.83692643
-5.88496940
-7.42418470
-6.47053851
-4.98885551
-4.92079506
-4.78101150
-5.55820687
-6.71407444
-5.89044861
-5.38291099
-6.22435890
-5.55306536
-6.14684403
-6.35280737
-6.07948740
-5.92269543
-7.94165923
-7.61930367
-6.31122516
-6.75633307
-7.53366296
-7.74078203
-6.42610561
-6.60245757
-6.82059496
-8.22507721
-6.73090664
-6.85727202
-6.97258957
-6.40994051
-6.99322396
-7.33935229
-6.44943890
-6.10119864
-6.59813424
-7.05512539
-6.35184043
-3.35726222
-4.72738124
-8.47456380
-7.27423982
-6.86699908
-6.21154275
-8.60920728
-6.97372411
-6.34721109
-6.49859255
-6.31185489
-6.17429553
-5.63866632
-5.79854605
-7.13728880
-5.37190694
-5.89302481
-5.65297266
-5.16321663
-5.18683748
-5.27475744
-4.04575281
-4.60864713
-5.58449453
-7.20713602
-6.80319396
-6.77362392
-6.90312353
-8.01658014
-5.83483408
-8.08428957
-6.45520080
-6.88968083
-7.57094489
-6.62598070
-6.36400974
-7.02496489
-7.25465603
-7.17986102
-6.20312284
-7.58000167
-6.68897428
-6.50980923
-6.63380235
-6.70017099
-6.74305545
-6.51607044
-6.48930609
-6.21903060
-5.52616294
-6.28939773
-6.30660983
-6.92570152
-6.00257093
-5.92910235
-6.41249612
-6.09138444
-7.19407157
-6.21903231
-7.20499192
-6.79781607
-6.91093363
-6.72627227
-6.45643835
-6.98454864
-7.21266391
-7.30712586
-7.26108631
-6.75125565
-6.59742377
-7.12992369
-6.20538414
-7.23234057
-6.53650152
-7.06372921
-6.97397411
-6.52698454
-6.38851122
-6.54530285
-6.70216821
-6.77415392
-6.85995545
-7.20104939
-7.18793721
-7.80251243
-7.12606015
-7.16210399
-6.78666397
-6.86513711
-6.81017730
-6.96948900
-7.06794237
-6.36647787
-6.72593376
-6.95068776
-7.27056118
-6.74879772
-6.45577446
-5.82684416
-6.23365176
-5.87989765
-6.36444415
-5.62979721
-6.76050809
-6.89390648
-6.12436119
-7.10927666
-6.60524442
-7.11541468
-6.78379444
-7.17902964
-7.23060848
-7.32208387
-7.18655794
-6.87126062
-7.01597141
-7.25273972
-7.13733395
-6.49811683
-7.08169256
-6.84779097
-7.00984679
-7.16978261
-6.91543739
-7.21010395
-6.95890135
-7.11985152
-7.16414598
-7.11161529
-7.18420071
-7.20777307
-7.07976720
-7.03230232
-7.09711755
-7.20421703
-6.91170380
-7.95527885
-7.18364549
-6.91187108
-8.00597662
-7.54329519
-7.49719572
-7.45458580
-7.60463030
-7.77073756
-8.04852231
-7.96579157
-7.83602330
-7.91876680
-8.04509253
-8.19838932
-8.14246028
-7.65830000
-8.05838120
-8.28608556
-8.27026459
-8.40695157
-8.48900009
-8.27427988
-8.11916439
-7.31195586
-8.24495574
-7.80722660
-8.02301712
-8.31207700
-7.81602240
-8.00697758
-8.23737464
-7.87901502
-8.01028554
-8.36566598
-8.41905797
-8.10475777
-7.99643262
-8.02316258
-7.76262076
-8.13531273
-8.44772095
-8.27794937
-8.24957428
-8.06685453
-8.38051026
-8.52606651
-7.13050235
-8.24432313
-8.36284073
-7.46829405
-7.53193090
-7.11187025
-7.57920996
-7.64076242
-7.47083397
-5.91174301
-6.83887013
-6.63386593
-6.98964716
-7.86289432
-8.21243563
-7.68437204
-7.48021714
-7.86840686
-7.49639646
-7.80148472
-8.14887234
-8.02023332
-8.26143251
-7.37750854
-8.03531348
-7.78659195
-8.13959450
-8.28714412
-7.64224166
-7.91978054
-7.36628818
-7.88142653
-7.38525129
-8.00785381
-7.90439230
-7.90389651
-8.10758320
-8.14104030
-7.80194205
-7.78178094
-8.14153257
-7.78744211
-7.63353203
-7.81228594
-8.30873951
-7.70818877
-8.64466859
-8.84388750
-8.21157211
-8.88425102
-7.98873750
-8.07950000
-7.38307856
-11.31306765
-11.38413156
-11.45628785
-11.37987677
-11.32421827
-10.57493915
-11.42660383
-11.21981769
-11.39063459
-10.89646272
-11.00581596
-10.88246815
-11.28407705
-9.98123508
-11.41712761
-10.93391779
-11.37025760
-11.16657719
-10.60373108
-10.60309900
-10.65013596
-10.99788677
-11.11340352
-10.88245022
-11.11351848
-11.06372495
-11.50972185
-10.93429905
-10.90967893
-10.88507967
-10.12815295
-10.65963351
-10.05831349
-10.67703157
-10.75015149
-10.64637543
-10.39541441
-9.91250673
-10.83792062
-10.86816164
-10.37474151
-10.38590107
-10.72631303
-10.24811897
-10.51820292
-10.76344964
-10.61911909
-9.74961237
-10.33867102
-10.50325923
-11.06455836
-10.66377933
-11.28752010
-11.24894485
-11.31148889
-10.73445566
-11.31072661
-11.18159367
-11.18282777
-11.12890402
-11.23217263
-10.36289059
-10.57741145
-10.12160445
-11.30483034
-11.17865782
-10.79343180
-11.17708980
-11.19269775
-11.06802936
-11.06338841
-10.67466217
-11.29684809
-10.34624502
-10.82326283
-10.71754430
-10.49571103
-10.86769671
-10.17197418
-10.47162845
-10.34044384
-10.00329856
-10.75306839
-10.47427757
-10.48822179
-10.32407768
-10.10006352
-10.47984957
-9.97100833
-10.20815385
-9.75022836
-8.73486767
-9.71304820
-9.72083195
-9.29565380
-10.42567066
-10.23358451
-10.10380432
-10.45168733
-10.41423375
-8.57378910
-7.37560364
-8.51354818
-9.55192866
-9.03440830
-8.40925604
-8.96818654
-10.02553129
-8.77757708
-8.97804624
-9.85259855
-8.70355296
-9.07781938
-8.86806884
-8.31878797
-9.41496567
-9.38360720
-9.20630104
-8.88271407
-9.24562878
-8.92287681
-9.16675540
-8.83037818
-9.66568511
-9.93497404
-8.95024041
-9.18554408
-8.91578357
-8.53212403
-8.92149639
-9.21869104
-9.38952555
-8.74905063
-8.62066773
-8.66966774
-8.06306928
-9.23569256
-8.79877999
-8.11612586
-8.71091061
-8.34537193
-9.12559451
-8.27645465
-8.63020605
-8.86242582
-7.44931976
-8.40758524
-9.06002167
-9.04192345
-7.36938483
-8.70817288
-8.57421833
-8.61528813
-8.48892139
-8.65863891
-9.44687086
-9.02694637
-8.65926963
-9.85130593
-9.01614461
-9.37307096
-9.16166181
-8.85434454
-9.18874058
-9.31285291
-7.96895093
-8.61204610
-7.65931910
-8.66470103
-8.69958557
-9.02138677
-8.88104884
-9.26538774
-9.11594705
-9.18867300
-9.03490104
-7.97655376
-8.65730315
-9.13253270
-8.62559120
-9.41095408
-8.99466408
-9.75493195
-8.35932417
-9.06152943
-9.04492115
-8.83201088
-8.75996715
-7.79706302
-8.85775841
-6.68735782
-8.50310973
-8.73360607
-8.74317471
-8.89968175
-8.84046588
-9.07244257
-9.12996008
-8.46470750
-8.42171199
-10.06911335
-9.02016679
-10.07544483
-9.67310382
-10.23856194
-9.92530450
-10.41657260
-9.90502555
-9.86192345
-9.77367909
-9.48976720
-10.79956082
-9.76125604
-9.87945102
-9.45562628
-9.41196110
-9.78165545
-9.69658637
-9.76638713
-10.00557203
-10.38349468
-10.00612648
-9.62448407
-10.13259295
-11.00360168
-10.55826168
-9.39829785
-10.11358818
-10.05909432
-8.42724125
-9.93032665
-9.39530733
-9.29107119
-8.84307974
-9.64024930
-9.23973305
-9.26291368
-9.31797335
-9.42155484
-9.85525857
-9.26302405
-9.84504588
-9.69480573
-9.83214125
-10.93452334
-9.68952630
-10.09331733
-10.46847524
-8.73735065
-10.71832209
-10.79310461
-9.40364397
-9.63132411
-9.73663256
-9.89362522
-10.23832940
-10.06639596
-10.35002190
-10.60256118
-9.80380987
-10.16303951
-9.79483265
-10.48910745
-10.04415029
-9.73904888
-10.17955063
-10.48961507
-9.84149572
-9.89351814
-10.04899352
-9.93783217
-10.00030579
-10.18156899
-9.54177343
-10.86718493
-9.89304189
-10.84236322
-9.96261556
-9.68486477
-9.16403435
-10.09168647
-9.97043418
-9.57677570
-8.54898851
-9.81198214
-9.27941594
-10.27065884
-9.66545925
-10.30519208
-8.97411599
-9.78847171
-9.78291103
-9.51750459
-9.54329357
-9.61891593
-10.21317948
-9.59540903
-9.53214087
-10.75135847
-9.26500339
-0.66297376
0.23327901
0.79902221
0.30203422
-0.73553804
0.68744328
1.37253140
0.86958403
0.58066481
0.43043739
0.05899668
1.27898743
-0.98638402
1.55786610
1.22381749
1.75889315
-0.45069872
2.02254633
0.06692417
0.20269919
1.10989502
0.81737001
0.41234136
-0.41116241
-0.16425873
1.29300561
1.47960257
1.07871319
0.29550029
1.58942970
1.56674754
0.78402639
1.92572361
0.83973547
0.90624640
1.15901016
-0.59516311
1.60682000
1.25260496
2.17869116
2.67637857
1.53527268
1.23193541
1.56626059
0.18052914
1.83024962
1.54430899
0.55795837
2.41105789
1.48881248
1.96084233
2.76876155
4.60155484
1.55332377
1.82650980
1.56537565
1.88668441
1.33088279
1.38038200
0.00577842
0.96903757
1.09376688
0.44099268
0.43026729
0.73943852
0.32444415
1.47773370
1.12649182
1.50154069
0.54772668
0.94805860
0.94016971
0.81706543
1.12147816
0.87193838
-0.79255646
0.01191562
1.01712007
0.81878948
0.52349089
0.37454953
0.76748288
2.70772880
0.85276607
2.05074839
1.05548576
0.88168955
4.44728781
-0.52876416
0.54042046
0.50401301
2.29105590
1.98805862
1.87145939
1.33506345
1.98903713
-0.31408596
1.65630452
2.40906981
1.92310703
-0.71683057
-0.25008870
-1.51317822
-0.22853406
-0.99930764
-0.89920779
-0.71245948
-0.32857276
-1.36444105
0.11804339
-1.56635218
-0.87889203
1.06649549
1.73820084
-0.47543467
-0.25100127
-1.07431920
-0.85707047
-0.55912656
0.20225656
-1.55705521
-1.70607025
-0.48367607
-0.26702194
-0.97696358
-2.22243068
-1.50643319
-0.32842141
-0.51097296
-1.50400095
-0.52816124
-1.98695741
-1.21813808
-1.52384058
-1.47206181
-1.00127194
-1.65040526
-1.89948369
-0.50283200
-1.03721294
-1.30769750
-1.91437301
-1.70722530
-0.18200978
-0.41515906
-1.32583416
-0.59734538
-1.14134475
0.30605354
-0.95055895
-0.26176045
-0.66809690
0.63272217
-0.29066749
0.27748852
-0.40131750
0.01205803
-0.80639593
-1.71969708
-0.13153321
-0.63145640
-0.89989953
-0.74770012
-0.98115915
-0.63683308
0.03198828
0.55763064
-1.24960827
-0.77095178
-0.24214024
-0.17136511
-0.67988088
-1.43614603
-0.76494124
-1.76104674
-1.47929695
-1.12384796
-1.19858591
-1.83357525
-1.13058598
-1.45583896
-1.34357682
-1.57850001
-1.20329151
-0.29961775
-0.98715497
-0.43933816
-0.64905976
-0.63456707
-0.06061853
-1.30370862
-1.51974897
-1.30688997
-1.40541343
-1.29350781
-1.13730100
-0.56977692
-1.33919504
-1.13454380
-1.29387103
-1.52231068
-2.78498770
-2.15734147
-1.45998754
-2.99543408
-3.06800178
-2.31554269
-2.23372595
-2.96501515
-2.94484205
-2.89448143
-2.07137244
-3.05321902
-1.53340172
-2.73574280
-2.85133994
-2.60445462
-2.13206668
-1.42398730
-1.43661207
-2.39215278
-3.41950561
-1.05647047
-3.41509204
-3.05916098
-2.23901177
-3.06400261
-2.66388348
-2.73103701
-1.75047714
-1.81099938
-3.74673998
-2.83065776
-3.24756216
-1.81011493
-2.19635133
-2.77965870
-2.49782108
-0.77106641
-1.89260743
-3.45693981
-2.32434018
-2.11214735
-2.92651032
-3.43692828
-3.31161236
-2.60233010
-3.70298445
-3.59929630
-2.90013206
-2.52608931
-2.95321256
-2.39893204
-2.00678107
-1.24081810
-2.43072513
-2.44972592
-2.68882329
-2.59139436
-2.89524908
-2.28726950
-3.46675830
-2.18872797
-1.91452992
-2.43779424
-1.99408844
-2.06363265
-2.50534278
-3.38555139
-2.66443904
-2.89518519
-1.69167072
-1.07477479
-2.92896991
-0.49020623
-2.99482752
-2.12029331
-2.86715812
-2.52299169
-3.35678836
-3.65445347
-2.65371466
-2.78634751
-2.30108665
-2.37481151
-3.63369853
-3.46913942
-3.18339398
-2.52958447
-3.03422428
-2.22305987
-3.80135302
-2.61781222
-3.06919806
-3.25762753
-2.20839717
-2.99286502
-2.87533770
-2.27588138
-2.03382775
-8.10345792
-7.52288428
-8.49209910
-8.57677934
-8.29780199
-8.58859876
-7.49473139
-8.11402782
-8.01204486
-8.86172962
-7.73670952
-7.80905760
-9.00179978
-8.46649728
-8.15258338
-8.41728717
-8.48918956
-8.39537156
-8.52187542
-8.29995286
-6.89847545
-7.19000320
-5.93089794
-6.70557991
-5.83806063
-7.80390178
-7.05977297
-6.96593865
-8.09458247
-6.95023218
-8.37437705
-8.22809938
-8.10841480
-8.09551743
-8.38927697
-7.70543519
-6.75254919
-7.91042885
-8.06181168
-7.60592763
-8.17888609
-8.57865929
-8.41640024
-7.00495487
-7.86606784
-8.12281034
-8.69022460
-7.36587114
-7.91985551
-7.90368621
-8.63310338
-8.15251332
-7.64849340
-8.58429910
-8.52675333
-7.88972520
-8.06482840
-8.78796105
-8.66255121
-8.87176476
-8.30379777
-8.25773173
-8.68190027
-7.92260187
-8.35614522
-8.96362673
-8.52821497
-8.17842121
-8.98093848
-7.46526457
-8.38326512
-7.34707521
-8.12607798
-6.98426457
-8.07518023
-8.80932420
-8.44381599
-8.36472639
-7.61720038
-6.98584813
-7.83542787
-8.19274864
-7.14319826
-7.97195098
-8.37513796
-8.22029784
-8.61007525
-8.56626295
-8.42829967
-8.79114677
-8.89244275
-8.61797656
-8.29688305
-8.95471546
-8.73804138
-8.60680125
-8.76097365
-8.59440756
-8.50116586
-8.79677226
-9.14465202
-9.12384392
-8.72290862
-8.70499631
-8.68131920
-8.27062375
-9.02395427
-9.03205913
-8.46177763
-9.37172608
-8.11151520
-8.17478602
-8.33779804
-7.71028453
-8.08725379
-9.19662535
-9.04482568
-7.93743953
-8.72873500
-8.90236731
-8.33562359
-8.13905973
-8.82748217
-8.70765422
-7.56134768
-8.61202483
-8.37283495
-8.40177498
-8.48661344
-8.46945422
-7.84388081
-8.34489729
-7.72394228
-8.28098921
-8.47322012
-8.46443697
-7.69130215
-8.05587199
-8.33236986
-8.46980410
-8.37494453
-8.90744183
-8.84808545
-7.28665422
-8.77323122
-9.03127252
-8.66469298
-9.27778962
-8.79987661
-8.13794554
-8.83634607
-8.87985411
-8.60864423
-8.89030595
-8.44551622
-8.31170400
-8.42337474
-8.68923066
-8.51823622
-9.12160991
-8.04477063
-8.28342259
-8.63157206
-7.72801980
-8.61123528
-8.60826436
-7.53976415
-7.77599032
-8.77102105
-8.49205668
-5.31114329
-8.01277613
-8.11147790
-7.40826007
-7.94128679
-7.97569883
-8.01553284
-8.49208571
-8.07983749
-7.55503776
-8.08318914
-7.41881955
-5.58003901
-6.46489014
-6.46489014
-6.99472844
-7.26527655
-7.79645786
-7.35098037
-8.48864516
-8.72220061
-9.18636724
-8.33329551
-8.86826664
-9.38987315
-8.36836303
-8.12302091
-9.16774218
-8.96442521
-9.25253263
-7.08372817
-7.46050564
-7.25352887
-7.04141797
-8.22404004
-7.12467976
-7.95723464
-6.96958972
-6.93466030
-7.23934504
-6.41261824
-6.96900482
-7.13933756
-8.13076653
-6.43299908
-7.85840517
-7.99897326
-7.91146399
-8.03775712
-7.85698717
-6.92260644
-7.95115349
-7.85264482
-7.07894368
-7.11070312
-7.50326025
-6.74459873
-7.97405300
-6.97818217
-7.37304382
-7.95519456
-7.17118878
-8.46939835
-6.08897109
-6.89833579
-6.66592758
-6.58740030
-6.54836713
-7.75082963
-7.55765893
-7.92181213
-7.45655583
-7.13087290
-7.52999477
-7.06463560
-8.08189006
-7.65201222
-7.07824548
-8.05640837
-7.48008031
-7.11529873
-6.72161564
-8.44854821
-7.40164819
-7.43013621
-8.21901098
-8.27210188
-7.77816778
-7.49196456
-7.88124941
-7.18770765
-7.96264726
-6.35947138
-6.74988280
-7.19186006
-7.31503872
-7.72009228
-6.76433865
-6.36771078
-7.77838677
-7.09156744
-6.48647460
-6.97603387
-6.78450401
-7.35674031
-5.77985995
-6.92309841
-6.12569639
-5.97045016
-6.28083672
-6.05612357
-6.68392468
-6.95105079
-5.91146156
-5.70276524
-7.15266600
-6.68620370
-8.40252872
-8.44716626
-8.38188137
-7.12832173
-8.36089516
-6.96034974
-8.37929292
-7.28070214
-8.10965299
-7.39282965
-7.60667429
-6.90839104
-7.17843775
-1.65875042
-1.64902456
-1.92178002
-1.14841624
-1.82330370
-1.82945316
-1.36395926
-2.34366106
-2.46858004
-1.89441101
-2.98911279
-3.16388901
-2.14757147
-1.42848525
-3.01483795
-2.45686136
-3.39326881
-2.78535569
-2.87549419
-2.01017699
-2.39632964
-2.17558681
-3.20562237
-3.17504393
-3.44382543
-3.59861739
-1.83339170
-1.98677851
-1.18884143
-2.26393172
-3.42250057
-2.14618200
-3.20168432
-1.61180980
-1.81724161
-2.41681784
-1.71426438
-2.30423632
-2.61736749
-1.87773726
-2.54208781
-1.68330091
-1.38031340
-1.49724665
-1.78690405
-2.10528657
-2.97371870
-1.55488641
-2.05017301
-2.88026712
-1.97468296
-2.15953589
-3.14218173
-2.00203277
-1.65989040
-1.69396113
-2.44391895
-3.11432551
-2.39986997
-2.33118625
-2.18259070
-0.92615414
-2.18660930
-3.01189999
-1.81073297
-2.28996802
-2.76384427
-1.81356517
-1.83235376
-1.89077861
-2.61798812
-1.86549790
-3.52854649
-2.18113543
-2.45193715
-3.56949706
-2.44171588
-2.35519691
-2.57496036
-2.33333734
-1.82471403
-2.60538683
-2.13255173
-2.31689872
-3.21186413
-3.44123305
-2.17786988
-2.19021031
-2.06025008
-1.93307308
-3.46106936
-2.14596135
-2.15656405
-2.39405169
-2.18650018
-2.37091373
-2.15842461
-3.01935349
-1.92784408
-2.27148459
0.51281614
0.37995414
1.06152002
-0.08613587
0.29133457
0.66193067
0.11801676
0.65215887
0.70777326
1.12055478
1.53724564
0.39076430
0.73661552
0.57164241
0.12302608
-0.26657553
1.02543815
0.81127188
0.15918036
0.84339637
0.49051205
0.99792374
1.35946551
0.60372873
0.17036449
1.10055123
1.72154011
0.69080777
0.65605694
1.99051772
0.81355677
1.64336536
2.78509443
-0.01857585
1.03989255
3.58598990
2.06663414
1.39783793
-0.21110423
-0.07338786
1.29417910
0.85399230
1.62522632
0.46893148
2.01914473
1.47584725
1.27777049
2.08283157
2.41082888
1.32485844
1.37804691
0.70774634
0.76691635
1.71537634
0.27079321
-0.35659243
1.47970407
-0.15120289
1.18051161
0.12966583
2.03750291
0.96865006
0.85790581
0.78407378
0.18198770
0.18831661
0.12756990
-0.13497517
1.01842113
1.46675375
0.53110967
0.40908900
0.37460035
1.15578732
0.45878350
1.87361759
1.87241453
0.91768308
0.83878605
0.18520691
0.01333597
0.19072425
0.01648126
1.06304395
-0.21011964
1.17007958
0.90606958
1.38266299
1.12422210
1.81699573
0.74175608
2.08217059
0.98559869
1.71717412
1.15370321
1.17606917
0.57697621
1.09230019
1.70740512
0.96618459
-7.20998844
-7.58073604
-7.54435519
-7.61081557
-6.89436189
-7.08107846
-7.17599464
-7.59123657
-6.86599305
-7.38235904
-7.66765921
-7.43151039
-7.66715111
-7.03649905
-6.71023901
-7.54121870
-7.38864425
-7.13679920
-7.30134965
-6.82748048
-5.26715163
-4.67459688
-5.89068725
-5.54646400
-6.00576918
-5.91769333
-5.19567887
-6.02941951
-6.65298344
-6.61274777
-6.76417225
-7.89017901
-8.14159566
-7.73023434
-7.15777059
-8.11586599
-7.29682313
-7.55311189
-6.47072198
-8.00405684
-8.10894175
-7.11411789
-7.81100340
-7.49249853
-7.06031744
-7.95034822
-7.32771198
-6.97337822
-7.32125056
-7.64530927
-7.05520631
-7.26304138
-7.95352695
-7.33992228
-7.94884431
-7.51279486
-7.92755541
-7.76810399
-8.25106099
-7.74635000
-8.15245112
-7.11889722
-7.48707069
-7.21777054
-6.87924284
-6.61575903
-6.28264969
-6.95387140
-7.10417527
-7.10406506
-6.46492789
-6.80424467
-6.57927632
-7.39554302
-6.96624413
-6.82923347
-6.20581265
-6.22835971
-6.79403827
-7.05485637
-7.49523720
-7.55214274
-7.62508467
-7.55592055
-7.51616706
-7.76960954
-7.61934369
-7.85380254
-7.49100931
-8.11646792
-7.74224724
-7.67560893
-7.81719898
-7.56245631
-7.71787151
-7.05668272
-7.24018043
-7.30859378
-7.10693487
-6.85376485
-6.62490291
-6.91923344
-6.43313354
-6.56463227
-6.90900192
-6.41909045
-6.56404598
-6.62836467
-6.37478563
-6.06116923
-6.33146613
-6.42054556
-6.54350178
-6.03296539
-6.21867244
-6.40274521
-6.57845869
-6.51703042
-7.01425697
-7.34161258
-5.90105418
-5.80332754
-6.09544949
-6.18424139
-6.24580712
-6.21692951
-6.29268351
-6.33563358
-5.53664269
-5.59577450
-4.87604128
-5.14818448
-4.89751320
-5.02277606
-6.42161988
-6.49352921
-6.97166082
-5.22709329
-6.10574157
-6.94744389
-6.21194804
-6.26725095
-6.24544424
-6.75259126
-6.11801497
-6.05893952
-6.44185061
-6.18985969
-6.38702579
-5.53449796
-5.74464611
-5.17310546
-6.36262670
-5.86715125
-7.01221172
-6.87741647
-7.13865848
-5.94465186
-5.40558147
-6.56752330
-7.23215819
-6.33548311
-6.33542779
-6.92748554
-5.39781717
-5.57819327
-7.11024480
-5.61440927
-6.85499928
-6.26218670
-5.90300703
-6.23801364
-6.88246274
-6.55626251
-6.14190332
-6.15282337
-6.37129302
-6.23657267
-6.24438786
-6.50090078
-6.08142542
-5.67772325
-6.91293491
-5.60713802
-5.67961741
-5.91379404
-5.88365671
-5.72461150
-5.79499845
-5.62151735
-6.18452053
-6.12769611
-6.22815546
-6.04559965
-6.19448104
-6.40914476
-6.26477759
-5.93639053
-6.59786212
-5.95285150
-10.50273007
-10.26873602
-10.02665277
-10.53647585
-10.26311597
-10.65925725
-10.06328425
-10.02582033
-9.98539033
-10.75745594
-10.40298652
-10.72043877
-10.40562204
-10.78784095
-9.89991485
-9.89193482
-10.23521049
-11.21803598
-10.84389142
-10.87257624
-10.89130854
-11.14225940
-10.60700296
-11.16132397
-10.82081346
-10.84673377
-10.90880229
-10.84472191
-10.87582452
-11.27516573
-10.64622817
-10.96483181
-11.28612949
-10.57483268
-10.15395423
-10.90597029
-11.26253554
-10.96131960
-9.58218767
-10.69899383
-9.57476277
-10.49810993
-10.05408924
-10.25915556
-10.48699472
-9.70502340
-9.49344181
-10.41261199
-10.63507029
-10.93608577
-10.64659945
-10.33239620
-10.72776022
-10.38755043
-10.74092552
-10.77906786
-10.45170574
-10.38095485
-10.83446427
-10.83717401
-10.80890461
-11.43619905
-10.63315457
-10.36021431
-10.73636925
-10.05522829
-10.73588210
-10.83269431
-10.84227248
-10.74428579
-10.65961042
-9.88394220
-10.45720638
-10.23726059
-10.09504030
-10.16615484
-10.23540827
-9.49817384
-10.96135815
-10.63905145
-10.94842009
-10.95252464
-10.88593445
-10.52208226
-10.00680911
-11.24762480
-10.79582671
-11.22292385
-10.70059558
-10.64992305
-10.76463727
-10.27188814
-10.61338002
-10.89642626
-10.36850295
-10.93448883
-10.53003450
-10.84934261
-10.18622200
-9.73236922
