-13.08140810
-13.05577672
-13.37504223
-12.04979819
-12.35185029
-13.43245339
-13.42661105
-12.26998172
-11.78735755
-11.72979878
-13.37920167
-12.87845276
-13.37306814
-11.64281354
-12.22032134
-12.99062703
-12.44949134
-12.39370968
-11.98930465
-11.42179834
-12.47317976
-11.41083523
-12.27930262
-12.27018830
-11.18410767
-12.90581785
-12.19607083
-12.07379071
-12.09909472
-13.29315915
-10.81482797
-11.00559791
-13.04074990
-11.72299289
-11.20333630
-11.98210028
-11.51644060
-12.29447203
-11.87504226
-13.44911262
-12.30231274
-12.15721565
-11.74761209
-12.45848495
-13.48826859
-13.45053284
-13.45899753
-12.01971660
-12.67565921
-13.48130228
-12.38963425
-13.40541621
-13.42485070
-12.12621381
-12.90067446
-12.16385124
-11.82969052
-12.37786508
-13.44588271
-12.28276661
-12.44531073
-11.48912680
-12.13362344
-13.35364704
-11.69978908
-12.15529539
-12.16740091
-11.30168027
-11.73853270
-11.74079441
-12.76015719
-12.93752296
-11.81971296
-12.45052194
-12.82889065
-12.15643479
-12.44927066
-12.18410327
-12.22167551
-13.12093724
-11.81431054
-13.05915004
-11.77623599
-13.44215816
-11.99232427
-13.44320343
-13.06078948
-12.08049415
-12.27791959
-12.07856644
-12.36712102
-13.47234561
-12.14653876
-12.05968710
-11.91606515
-13.46764689
-13.05638631
-12.09881192
-13.46712252
-12.35949712
-12.39408598
-11.87720507
-11.87197057
-11.76826074
-11.75097192
-11.77746606
-11.83183958
-11.78144603
-13.57490969
-13.57064795
-13.98604043
-13.83057779
-14.36009258
-12.98372346
-14.20112305
-13.80293139
-12.76019517
-13.85115676
-12.91105364
-13.81467861
-13.52280704
-11.85598840
-12.34385837
-12.11900667
-11.60922398
-11.55011721
-13.36414999
-12.31884619
-12.64982113
-13.68562515
-13.74176973
-14.08089751
-14.50816555
-14.02229112
-13.96061552
-14.50339278
-14.57159148
-13.67204196
-14.85716991
-14.39532199
-14.46819536
-13.12567771
-13.33306598
-13.52665266
-15.48076361
-14.67418817
-13.99809835
-14.09031398
-14.02471993
-14.04577216
-13.77648702
-13.68257356
-13.65554127
-13.63601907
-11.94169049
-13.60754571
-13.81652901
-13.87216979
-11.78990902
-13.63908609
-13.70566251
-13.80768967
-13.99737769
-13.85391431
-14.04799336
-12.38436469
-13.84105332
-13.85460943
-13.31130967
-11.29558193
-8.78514266
-9.16236829
-11.66606214
-11.82345296
-13.26929456
-11.75847360
-11.79295954
-13.49418564
-11.75724592
-12.39784582
-11.80250644
-14.27640777
-12.53785323
-12.94681822
-11.79655458
-14.52286992
-13.66461683
-13.87240911
-14.50295347
-13.58675229
-14.04795735
-12.55679099
-14.44210528
-13.90722785
-14.77704674
-13.97868741
-14.36460657
-13.77286869
-13.97928669
-14.73907433
-18.36284861
-18.15632242
-18.31611617
-18.07445995
-18.41392007
-18.34740632
-18.59058561
-17.79583771
-17.85548646
-18.14114896
-18.12679444
-17.60579988
-17.82978564
-17.94188444
-18.28725800
-18.14162704
-17.84948509
-17.84929222
-18.76188166
-17.33945637
-17.64340338
-17.99464581
-17.79417393
-17.81642364
-17.89694898
-18.34347354
-18.34600263
-17.86827272
-18.74277579
-18.28576841
-18.37498802
-18.34387108
-18.47255604
-18.77630576
-17.97046732
-18.77354953
-18.12001882
-18.53509435
-18.25069381
-18.38264154
-18.38885416
-17.96318661
-17.91348661
-18.10032099
-18.35970255
-17.86250537
-18.05921923
-17.88876423
-18.39251351
-18.73798912
-18.80005981
-18.95909460
-18.10073236
-18.47815015
-18.69226434
-17.97515582
-18.82322597
-17.94649777
-18.27943116
-17.97905388
-18.40561340
-18.39375416
-18.34570578
-18.53040816
-18.25667380
-18.84070812
-18.78815547
-18.14166642
-18.42870220
-18.60142559
-18.41930945
-17.84468935
-18.98731167
-17.94329466
-18.59275177
-18.04235003
-18.68358394
-18.44021861
-18.13501174
-18.07983931
-18.74831536
-18.33761288
-18.03586615
-18.37624570
-17.96345483
-18.23841288
-18.74390567
-18.22196186
-18.29608496
-11.38776877
-17.91167244
-17.86538961
-18.87163713
-18.26601127
-18.92279505
-18.12949068
-18.52771075
-18.42164402
-18.11632373
-18.51214054
-10.66482300
-11.08401849
-9.72840426
-10.41624047
-11.14807647
-10.41252308
-10.30183350
-10.01702284
-10.07910744
-9.46244587
-9.55866148
-8.99751918
-7.55398781
-10.98792414
-10.18110869
-11.05232218
-10.99942718
-10.49794220
-10.44054435
-9.62817148
-10.28342437
-11.08826718
-10.34463688
-8.71175978
-8.64221152
-8.80479691
-11.03140069
-11.09621317
-6.67871379
-7.43611598
-10.08207510
-10.25676152
-10.59956613
-5.25695043
-10.94530623
-10.48892840
-10.31676518
-10.38428832
-11.26510478
-10.24642953
-10.57510234
-10.35902592
-9.83113078
-10.16475383
-10.99394310
-10.93773921
-10.37988772
-11.01509963
-10.96707189
-10.93309344
-10.50981118
-10.73590075
-10.65935225
-11.16685243
-9.56497130
-10.99244376
-10.05623424
-10.87046576
-10.13754881
-6.81779777
-7.81877721
-6.47869716
-6.08040602
-5.23588595
-5.06896192
-10.61190029
-10.68372427
-4.19214297
-3.73077680
-5.12144870
-3.85445314
-3.92909024
-3.45540777
-10.22688539
-10.22586698
-10.48939473
-10.30233970
-10.44590404
-11.08280726
-8.80631806
-8.00061115
-8.73314428
-8.37147094
-10.87344329
-10.92293590
-10.42245708
-11.06624847
-9.77967216
-10.21815835
-8.92016008
-7.51494988
-10.49964456
-10.96326376
-10.14227446
-10.38633728
-10.27412949
-6.55981276
-10.60766262
-6.68502602
-10.68818999
-15.79031392
-15.35649264
-15.35883991
-15.80072937
-14.41190053
-14.27717482
-14.74745290
-14.86040583
-13.75257209
-13.01005386
-12.53384024
-13.09230230
-14.04564529
-14.31609721
-15.87621052
-15.72311201
-15.56251198
-15.08275794
-14.42274338
-14.42509906
-14.57688535
-15.53240406
-15.35537639
-13.93418743
-14.92252572
-15.28363236
-14.92859859
-13.03401886
-13.99032574
-15.73984526
-14.62892537
-14.67419526
-14.46294391
-12.72327459
-13.89988195
-13.59912466
-13.72093052
-15.28271682
-13.64481717
-15.71268858
-14.37299089
-15.78188903
-15.86551712
-15.75272067
-15.91526003
-13.78604064
-15.83598261
-13.77129273
-13.70815737
-13.69198925
-13.94712236
-13.71939506
-15.29549469
-15.22258670
-14.11664272
-14.50486215
-14.41363560
-12.78265514
-14.70746662
-12.70128573
-14.53329876
-14.95348114
-14.45312835
-13.09868828
-14.48544835
-12.15199654
-11.99077346
-12.41053409
-13.86680786
-11.94599401
-15.34013293
-15.70970374
-15.74033111
-13.47577007
-14.20657333
-13.68841985
-13.88768083
-14.82195961
-14.12029901
-13.17132840
-14.21734772
-14.82938525
-15.31928656
-15.30282886
-13.90594090
-12.94019017
-14.59088641
-14.23341225
-15.11035568
-15.29351661
-13.89666483
-15.72501061
-14.98730642
-15.45954049
-13.70484719
-15.72601597
-15.74114133
-15.47163760
-15.74623800
-15.82090882
-12.79464098
-13.16545541
-12.44201553
-11.34420227
-12.52105881
-11.24121501
-11.98976569
-12.14870534
-12.77070875
-12.25471423
-12.37885959
-13.54083323
-12.75960930
-12.33204281
-12.23647993
-12.35597963
-12.37047894
-13.20440626
-12.44479662
-12.35576820
-13.29623521
-13.49274670
-13.13756818
-13.34036419
-12.71766766
-13.80692306
-11.39375252
-13.91742605
-13.85672510
-13.55939816
-13.46460612
-13.65350776
-13.32772711
-13.62185040
-13.29241984
-13.30563792
-13.59116212
-13.25966506
-13.68334451
-13.84560107
-13.82624527
-13.31010279
-13.35567696
-13.21377439
-14.44244194
-13.32936081
-13.26782137
-13.38200182
-13.19232378
-13.40274817
-12.04701542
-11.69078354
-11.68853643
-11.54255118
-12.20467059
-11.42877695
-11.66154271
-11.42135485
-10.45397519
-11.62506673
-12.17749883
-12.21861283
-12.09179772
-12.23436885
-11.40289821
-11.39698877
-12.64780658
-11.52224626
-12.03104870
-12.12224259
-13.80686501
-13.43662467
-12.01830189
-13.28767740
-13.13244119
-13.05182306
-13.29337076
-13.10949096
-12.26939451
-13.06229272
-12.13285490
-13.59819545
-13.31231053
-13.28412457
-13.44093305
-13.45960813
-13.11654993
-12.24432942
-12.18504335
-12.74872247
-13.65839181
-13.31790956
-13.19449388
-13.47304358
-13.36497204
-13.26290818
-14.46366514
-13.24583972
-14.48476609
-13.45809771
-17.95362312
-17.99271207
-17.82292888
-17.89361003
-18.02845210
-17.58130252
-18.18568047
-18.09995106
-17.89758847
-18.14387630
-18.11732697
-18.04244957
-17.86764393
-18.07891574
-17.41777601
-17.96303876
-17.99256726
-17.96272785
-17.70306123
-17.92308120
-17.51107222
-17.98853745
-17.92361686
-17.28607722
-17.72915347
-18.07223583
-17.80250434
-17.48423792
-17.82538944
-17.35051818
-17.64664807
-17.23325657
-17.93324341
-17.89038119
-17.79798517
-17.34165651
-17.59957644
-17.67862403
-17.68829453
-17.72135228
-17.70139227
-17.62200187
-17.92049159
-17.78057918
-18.30824926
-18.38238136
-18.30016074
-17.93532632
-18.03603275
-18.06885323
-18.37991562
-18.40507284
-17.24306662
-16.67051155
-16.80007184
-18.00370472
-17.87199472
-10.84740546
-17.77723163
-17.97039861
-18.12566129
-18.03004797
-18.15517997
-17.92306346
-17.84900521
-18.05572545
-18.14666163
-17.78899119
-17.65735215
-18.08379747
-17.82380411
-17.73217541
-17.77436444
-18.01636511
-17.89476074
-18.04512854
-17.96223193
-18.00321591
-17.72813915
-17.76781030
-17.61080113
-17.70183840
-17.46418137
-17.52398359
-17.67765573
-17.83235815
-17.62944249
-18.15997248
-17.79763435
-17.81736988
-17.47274090
-17.46013602
-17.62260933
-17.69189558
-17.40693129
-17.56589298
-17.71957923
-17.53748550
-17.61747331
-17.94779027
-13.85794660
-13.84645310
-13.64896984
-13.24540548
-13.71300951
-13.50991301
-13.57616753
-13.00288203
-13.23052406
-10.95394484
-13.33481153
-12.33040063
-13.60884095
-13.52098145
-12.77654758
-12.70490950
-11.66917792
-12.58023695
-13.49894954
-13.33392179
-13.61300953
-12.96416210
-13.65703295
-13.58712253
-12.69222070
-13.86701303
-13.70462507
-13.63989266
-13.29446164
-13.74017737
-13.61525303
-13.71245102
-13.55609817
-13.65629739
-13.41782593
-13.91143666
-11.39421040
-13.75161753
-13.40963144
-13.43709561
-13.37041409
-13.34847596
-13.43823744
-13.48281948
-13.47130837
-13.32232304
-13.43339835
-13.50608366
-13.47500501
-13.67676475
-14.30877604
-12.57625330
-13.24200505
-14.23285715
-13.62489767
-13.72421932
-13.27609740
-13.56543761
-13.65146519
-13.28870924
-13.47660092
-13.28178455
-13.98203392
-13.67245720
-13.68195068
-13.76838561
-12.51397968
-13.37615037
-13.37543424
-13.34151387
-12.46000843
-12.92344508
-12.86925297
-13.29166070
-11.79287196
-13.46387172
-12.69383759
-13.69374866
-13.59684880
-13.70625702
-13.61522201
-13.29439135
-13.61590751
-13.64070839
-13.78177801
-13.59070874
-13.62390954
-13.65383969
-13.68356513
-13.38252656
-14.51494064
-13.59206609
-13.59905167
-13.47031965
-13.32864457
-13.27363649
-13.29691528
-14.10439237
-14.81248750
-13.79301316
-11.88927457
-13.46645528
-13.03140108
-13.40103252
-11.52286367
-12.49180349
-10.12385789
-13.71471176
-12.65534135
-13.24716077
-14.35592226
-13.36278613
-13.36763716
-13.88309433
-13.48337342
-13.89583453
-13.84145199
-13.37505392
-14.38994389
-13.36493690
-14.28960921
-13.32117731
-13.54781242
-13.36659276
-14.22336518
-14.43063484
-14.06168223
-14.17094554
-14.13955222
-13.77263694
-13.70635529
-14.12400814
-14.09940983
-15.38773756
-13.12219370
-13.99488650
-13.79357109
-14.37996186
-15.49198742
-13.67919086
-14.71940372
-13.49352397
-14.44440491
-13.45398474
-13.63858509
-13.62779150
-15.44234935
-14.01188598
-14.42922951
-14.20216680
-13.37637476
-12.21649963
-13.33709763
-13.20944490
-13.27113630
-13.46986919
-13.12612667
-13.31755964
-13.62128114
-13.73357779
-13.94163880
-13.62055680
-13.89320293
-13.17620644
-13.62918700
-13.98864280
-13.44708536
-13.90523718
-13.50213203
-14.04917951
-14.49969130
-12.99042287
-13.58740371
-13.42021304
-14.49377017
-13.33947030
-14.50310944
-13.44379406
-13.89877682
-14.06899015
-14.49180066
-14.47256162
-14.66198865
-13.67524634
-14.00011230
-13.46353676
-13.89906744
-13.68273964
-13.71105448
-14.65836570
-14.85166562
-13.50215809
-13.71567647
-13.96559337
-14.39469586
-13.98187435
-13.86165981
-13.12556793
-13.03401124
-13.33285797
-8.22138769
-9.22061155
-9.01368506
-9.00241342
-8.95948251
-8.21401605
-8.20629488
-9.09329303
-8.46672392
-8.66427798
-8.26535254
-8.34670719
-9.03371476
-7.98808614
-7.54338684
-7.83974904
-8.41342242
-7.95324439
-8.97049980
-7.98710662
-7.66683650
-8.64773487
-7.62620619
-7.88060776
-8.09101598
-8.66410088
-7.99699533
-8.16150463
-8.27086045
-9.14439516
-8.28633123
-7.80774911
-7.55441892
-7.21386017
-8.61395030
-8.72273514
-7.70333031
-8.02402330
-8.53690805
-6.84417297
-7.68524409
-8.21251090
-8.65158886
-7.83980261
-7.90891622
-7.51091420
-7.12865745
-5.96087850
-6.63745901
-8.10774752
-8.73057164
-8.96934955
-8.96267324
-9.08733914
-7.61573242
-9.43545806
-8.88607316
-9.54501543
-8.81077758
-8.73985615
-8.28045801
-7.99922270
-8.93763848
-7.81072662
-8.16923519
-8.43175684
-9.12520386
-8.43892814
-8.04840282
-7.94936238
-8.97839482
-9.43093315
-9.44994981
-8.42187719
-9.24062968
-8.85395689
-8.11998218
-7.97429757
-8.91066527
-7.90857744
-9.04611008
-8.04993036
-8.52666809
-7.41444736
-7.97146787
-7.37874526
-8.97444221
-9.07333429
-8.70511609
-9.36129829
-8.90674309
-8.72322473
-8.42496484
-8.29649237
-9.28098418
-8.46124710
-8.90886194
-9.30977658
-9.28088608
-9.14381807
-13.55392665
-14.83646520
-13.36598299
-14.82341353
-13.76678787
-16.15610655
-15.89424201
-15.54593433
-15.07120413
-16.05060526
-15.99842750
-14.93423600
-15.62047708
-13.98777429
-13.60825334
-15.07753884
-13.82200572
-13.76975365
-13.80134696
-15.20612823
-13.65060232
-13.91583196
-13.73572206
-15.27081498
-15.47146599
-14.21601231
-14.07014144
-14.22657956
-13.25517755
-15.06732912
-14.92191965
-13.91118904
-14.19532587
-13.98211440
-15.13778054
-14.04455475
-14.69051975
-14.58203351
-15.79650996
-15.71862710
-14.71937743
-15.08092752
-15.83360094
-14.95217253
-15.47621414
-14.73251675
-15.41915491
-14.67499611
-15.65260805
-14.61493031
-15.75238871
-16.52969673
-15.99541730
-16.53869180
-15.61356563
-15.00962310
-17.05492340
-15.57054799
-14.83155009
-14.93469913
-15.93054614
-14.71491188
-15.82071611
-15.95209319
-14.31677018
-14.63228137
-13.87572628
-13.90561298
-13.43220523
-13.81028317
-15.22094500
-13.94503497
-15.72547004
-13.88638411
-13.91587762
-15.22412002
-14.98423053
-15.16018354
-15.12699047
-16.43171525
-14.32626189
-14.18859133
-15.75361576
-14.60388255
-16.46507935
-15.16773070
-15.15926164
-15.19873423
-13.65144187
-13.49036269
-14.52314758
-14.59419849
-16.95529771
-15.01051403
-14.58165124
-14.78729512
-15.80308177
-16.42180632
-14.74062981
-16.96254693
-11.55092357
-11.67070093
-11.60536849
-10.76932667
-9.06724915
-8.70583193
-8.61628214
-8.20089949
-11.01196655
-11.61757892
-9.68170001
-9.87671432
-10.35947628
-8.77043308
-11.50984669
-8.56234399
-11.55717178
-8.69035069
-9.16133615
-11.48168386
-11.18753645
-10.68539405
-9.16639093
-11.51821463
-11.21710237
-10.97498641
-10.98907627
-9.11809431
-11.51262346
-10.97630627
-11.52297743
-11.38331617
-9.15308007
-8.28519977
-11.35735891
-8.14275577
-8.07207763
-8.89237379
-10.64876428
-8.22909083
-9.38260360
-8.37387563
-9.18911108
-9.54206985
-10.69957758
-10.75219390
-8.35874883
-9.72286983
-8.32514916
-9.27087916
-8.00727943
-5.68755528
-11.49774082
-11.49021471
-10.92620695
-10.69636902
-10.83007938
-10.32063901
-10.22921075
-11.54598016
-11.39070731
-11.37183650
-11.36012398
-11.11612031
-9.71791963
-8.16354938
-11.35822365
-8.30928362
-7.91068794
-8.56717677
-11.44431396
-10.72980101
-9.56441533
-9.57940729
-9.57108511
-8.98764670
-8.57998802
-11.10604420
-11.49339468
-9.20570030
-11.51974565
-8.50199296
-7.89242698
-8.01456568
-8.10710280
-5.88629510
-7.59350946
-8.03579540
-8.42726676
-11.25473079
-7.96595294
-10.98551480
-10.92788783
-11.62015929
-8.53545886
-11.21708115
-8.43521097
-8.55907359
-10.86749274
-11.49449734
-12.16795104
-13.38181263
-11.97081134
-12.77405883
-12.49707489
-12.05107729
-12.41235311
-12.41659017
-12.98400374
-13.61579374
-12.59553153
-12.16366801
-12.62317211
-13.24507088
-12.24866382
-12.71577360
-11.32979311
-12.15931392
-12.08332259
-12.55287146
-11.82181161
-11.64714621
-11.97208854
-11.29758476
-12.33515372
-11.63548161
-10.79358430
-11.09708241
-10.81827571
-10.39343601
-11.08001249
-10.42793287
-9.17434518
-12.24721835
-13.13137028
-13.01048910
-12.62110433
-11.85595461
-12.91851732
-12.34029227
-13.13249883
-12.33448121
-12.35218311
-12.45966282
-12.04861915
-12.33111932
-12.36663626
-12.62507175
-12.40898450
-11.83529899
-12.35529675
-12.16099477
-12.29205100
-13.12442429
-13.13967505
-13.10024049
-12.45923222
-12.76056416
-12.99091229
-12.99540548
-12.68901607
-13.27934603
-11.93615542
-11.97492496
-11.32207857
-12.45004483
-11.20436221
-11.52715084
-11.60557715
-11.75502880
-11.12194746
-13.11507572
-12.83383481
-12.12636728
-12.24467429
-12.15893340
-12.33961053
-12.42369696
-13.42423108
-13.12919446
-12.40486359
-12.87565232
-12.73436164
-12.05369291
-12.13708335
-12.77278275
-12.30162197
-12.11366370
-13.06647423
-11.11859566
-12.03709138
-11.02971643
-12.74263523
-13.15708655
-12.99440189
-12.30259344
-12.48571736
-13.67074854
-13.05541000
-13.08439175
-9.06964427
-9.57495785
-9.98430855
-9.97978569
-9.40489457
-9.70231732
-5.93161354
-7.32495944
-7.85336140
-7.19270525
-7.36759817
-6.70511606
-6.38658690
-6.08178673
-6.63370716
-9.80856765
-9.66175518
-7.75227192
-7.89685596
-7.83405947
-9.18226315
-9.17056285
-9.04203394
-8.71301290
-9.47013099
-8.64468474
-5.45861655
-5.00210083
-5.28031268
-5.64264203
-5.93496459
-4.97429092
-5.11879877
-4.82547310
-4.34420016
-9.53477498
-9.43470010
-9.75318503
-9.46452247
-9.51142784
-10.68937249
-9.53183701
-9.24561448
-9.33519604
-9.13829473
-9.61724656
-9.74246405
-9.45734853
-9.84970375
-9.97561804
-9.81554730
-8.02595650
-9.80707799
-9.85998343
-6.25928708
-9.07429648
-8.83290981
-7.82097048
-8.82417512
-8.73122496
-7.87653175
-7.54646788
-7.16702392
-5.54787944
-8.47309321
-8.13992006
-8.56322386
-9.17823013
-9.06013606
-8.98791806
-9.45876645
-9.16557326
-9.09644726
-9.08982591
-6.84699417
-7.63549898
-3.21810312
-4.15746069
-4.91422374
-3.92941314
-4.11622036
-4.24092281
-5.31329901
-6.97186890
-7.05514330
-5.34510941
-7.37922659
-7.75232920
-7.78038438
-6.52758509
-6.16349344
-6.93933787
-7.32920244
-7.66633138
-9.00306463
-9.55038548
-7.55958079
-7.55161723
-5.92843298
-6.91717743
-7.32086561
-7.32761744
-7.31366266
-7.31322967
-6.92994861
-7.39806441
-7.35949957
-7.33775856
-7.05293424
-6.47499989
-7.47739755
-7.30340742
-7.88445985
-6.67973731
-5.22883682
-6.47713181
-6.51116963
-6.51261683
-6.64496915
-6.93462721
-7.24019551
-6.67118250
-6.85441143
-7.06597797
-6.91582537
-6.91245516
-6.91245516
-6.91245516
-6.91245516
-6.66377821
-7.09981129
-6.58448147
-7.30556166
-6.51364694
-5.95443889
-6.51304430
-5.94867510
-4.56570739
-4.64361137
-5.34075917
-4.70019152
-4.67961215
-7.15058537
-7.36766243
-7.36184305
-7.03390357
-8.07995999
-7.07017726
-7.05091717
-6.50436191
-7.34240813
-7.11679707
-7.49244839
-8.22111471
-7.50433527
-7.88343214
-7.23791055
-7.16089788
-7.41895003
-7.50377022
-7.47079363
-7.41300578
-7.21425953
-6.91245516
-6.06693068
-8.06628190
-6.69068226
-6.68996671
-6.52326997
-6.52326997
-6.48850182
-6.52138409
-6.52326997
-7.30858474
-7.30860096
-6.94333412
-7.30858474
-7.30696881
-7.22790407
-7.30846264
-7.30696881
-7.31301724
-7.31144699
-4.86840238
-4.32035131
-4.24581546
-4.22075256
-4.38844264
-4.48691417
-4.49621420
-6.85656484
-6.47372155
-5.57784046
-5.83145554
-5.65327595
-6.48582006
-6.48460993
-6.15035950
-6.26509525
-4.60206418
-10.39092196
-10.19094666
-10.44048843
-10.07069973
-11.13069286
-10.46388677
-11.22228697
-11.13230403
-9.77715164
-9.66062352
-10.51322327
-10.77034442
-9.92754384
-4.74744988
-4.76568989
-4.98453743
-9.76247626
-10.80606367
-5.99747201
-5.71246475
-6.49801702
-4.94939315
-4.61282037
-4.93966166
-4.79268097
-10.22170549
-11.33323231
-9.88567877
-10.20377889
-9.64201788
-9.26541089
-9.18957471
-9.36090671
-8.81565697
-9.49978913
-9.23447594
-9.59615571
-9.96121840
-9.42989506
-9.42492557
-9.04944828
-9.29882518
-8.96186656
-8.74071483
-8.19997685
-8.88446252
-7.34019211
-8.96852727
-6.63966628
-9.81721553
-9.63061429
-9.97357564
-9.78901986
-10.10089089
-9.20044697
-10.32778725
-9.95567252
-10.29636702
-9.81540972
-7.69993806
-9.74480596
-7.52078045
-5.58733096
-9.65502300
-9.49479505
-10.18548129
-9.96028776
-10.46339662
-7.66134433
-7.85964688
-8.66827181
-7.63499258
-8.11854957
-7.28683632
-7.56162737
-10.12537131
-10.38538141
-4.11530234
-3.55655492
-4.07076334
-5.14051861
-3.61706055
-4.74380975
-4.30442200
-9.84605570
-9.30701384
-9.58957979
-9.72870278
-7.88824780
-9.71022265
-8.85101575
-8.97041609
-8.72300323
-8.56216588
-8.65142564
-8.14692571
-8.76702966
-9.00540805
-9.16556675
-8.75922860
-6.14045297
-7.00412384
-8.57899175
-7.71850274
-5.63550886
-6.01025328
-5.89592722
-5.95560254
-7.75917024
-5.45561839
-5.49933009
-7.26853078
-6.86785083
-7.63048997
-6.47879895
-6.80043952
-6.43400515
-5.75413157
-7.24199794
-6.92791093
-8.42408733
-7.36857858
-7.86832616
-6.61718008
-6.42015256
-8.06504597
-6.90767998
-7.20819022
-8.13206292
-7.14058184
-6.69055738
-6.42637189
-5.62071380
-5.27981400
-7.78136415
-5.60014173
-7.60918445
-5.01988663
-6.36189479
-3.44778948
-1.27826749
-1.90168600
-7.78938143
-6.17977819
-7.54887745
-8.41810511
-7.50521189
-2.35572412
-7.65954757
-7.59309215
-7.31688168
-7.05149504
-4.82352252
-7.66038455
-7.47726788
-4.53868705
-7.81261486
-4.41037167
-4.58913983
-4.35033446
-4.87749399
-4.11593916
-5.27237542
-4.05469448
-4.29868207
-6.08697932
-7.24365733
-7.49111040
-6.26764097
-7.25926032
-6.63964213
-4.53363962
-6.63993349
-7.23596738
-6.99204224
-6.76426096
-8.18992436
-6.16045443
-7.21047481
-7.02048015
-5.97501795
-6.04319987
-6.32652394
-8.25867790
-6.56104761
-7.58761805
-2.21219714
-3.35593595
-2.34460492
-5.89826085
-3.81200863
-3.30885884
-3.19317411
-3.87421604
-3.49460989
-3.50204377
-3.82766719
-3.90635583
-3.97401524
-4.63012517
-18.94427306
-20.28990009
-20.29367429
-18.06191510
-20.28664780
-19.33326521
-19.28385843
-19.08947749
-18.12660636
-17.67770248
-18.44638815
-18.48863230
-18.52131505
-18.07476888
-19.79354095
-20.27946978
-20.61497573
-20.09814623
-21.33781306
-20.13582348
-19.94562868
-20.18233820
-20.36751697
-21.81856399
-20.26560837
-20.25209714
-20.24653186
-21.37305366
-20.25339683
-20.26121666
-20.29797730
-20.23906232
-20.23548082
-19.98239893
-20.89152447
-20.44985074
-19.96537406
-20.43303702
-19.53000213
-20.46286141
-20.76122381
-19.56546495
-19.07942668
-18.41455256
-19.55386750
-19.45558099
-18.21279094
-17.56526513
-17.90817822
-18.30293935
-18.00183647
-20.23021341
-20.21014004
-20.21761998
-21.30746314
-21.30871936
-20.33202400
-18.99277926
-20.51577315
-19.57215494
-18.95285138
-19.11738779
-20.46522737
-20.46838015
-20.47087201
-20.20949913
-21.28360638
-20.19153033
-20.31893774
-20.29084663
-20.28690835
-21.39430401
-20.30651129
-20.33919504
-21.40992208
-20.33146271
-20.28605964
-20.32546192
-20.34678127
-20.37663623
-20.18509543
-20.38477581
-20.21616507
-20.27714158
-20.40134199
-21.34796118
-20.76086664
-19.93675153
-20.15192757
-21.52253512
-20.17998739
-20.28131361
-21.38248847
-20.73453205
-20.29631209
-20.39880853
-20.78134696
-20.27742559
-20.26106840
-20.18033852
-14.27959282
-15.14279040
-14.98352860
-14.15801602
-14.23521607
-14.74860548
-14.77358618
-15.47012265
-13.75272417
-14.90770741
-14.19101256
-15.25256216
-14.41477626
-13.50630410
-14.43751918
-13.58313118
-15.24503581
-13.98105733
-14.26306273
-14.58253295
-14.85125543
-14.39598242
-13.81107689
-14.16894655
-14.14032517
-14.84673039
-14.81957626
-14.51725512
-13.89774526
-14.28333124
-15.24248468
-14.15357744
-14.45901151
-14.83076759
-14.88094022
-14.77010658
-14.41063647
-13.71164787
-14.30606296
-14.29047047
-14.52862059
-15.28275327
-14.47898049
-14.43659684
-15.07420045
-14.33815384
-15.37044189
-14.45134469
-15.28266810
-15.18182290
-14.16334301
-14.07613160
-14.87742603
-13.82930673
-13.29028244
-13.86397889
-14.01058156
-13.79263195
-11.32061401
-14.74906203
-13.92636308
-14.00907641
-13.49989980
-14.90617683
-13.91276697
-14.16992479
-14.05418863
-14.01517380
-14.28730243
-13.42594818
-14.52404524
-14.54844194
-14.41418834
-14.31429649
-13.51348099
-14.24462906
-14.77540131
-13.84610020
-15.22474028
-14.42205388
-14.50379743
-14.28101828
-16.11945353
-14.39990783
-13.93188023
-14.55082146
-14.83339567
-14.35421539
-14.44679985
-14.52387458
-15.83287993
-14.46777133
-15.29451257
-14.39931966
-14.37843474
-14.79195717
-14.38884033
-15.16625228
-14.95409914
-14.66439193
-15.02126398
-16.13039193
-14.87699602
-14.36429495
-14.72316395
-14.21405995
-15.38232826
-15.64289089
-12.42232038
-15.59196861
-15.89397033
-15.24532282
-15.60141855
-15.54210657
-15.50710773
-15.39872353
-14.83580101
-15.78098172
-16.08390591
-15.54559235
-16.07746239
-16.22944691
-16.80432022
-15.32419070
-16.17748565
-16.17237801
-15.92542949
-15.99010850
-15.72048362
-15.59428260
-15.75797875
-16.13925406
-15.76523702
-15.59196233
-16.05332800
-14.96727393
-15.58911843
-15.70509675
-16.07140366
-16.03284570
-15.44973160
-15.83926656
-15.29151650
-15.47487635
-15.53277271
-14.42066530
-15.80311049
-15.86382550
-15.87001230
-14.65135362
-15.50987281
-15.70601861
-15.29255831
-15.35043166
-15.09334454
-16.06155527
-15.66741054
-16.22508633
-16.12852616
-16.05858415
-16.46335025
-15.69392284
-16.18372128
-15.79170814
-16.17511366
-16.30667509
-16.14058627
-16.15857139
-16.16878423
-15.13906350
-15.53239956
-16.28209706
-16.20092175
-15.97152950
-15.68571645
-16.08878815
-15.98187138
-16.07003551
-16.13112306
-16.41019431
-16.11324814
-16.28881003
-16.17818807
-15.89198152
-15.33806143
-15.45716726
-16.23417980
-16.16492326
-16.19669569
-16.41670614
-16.11123455
-16.39347582
-15.49979147
-15.83768172
-14.86731278
-16.12289233
-15.34048736
-15.50274304
-15.25988829
-16.14485187
-9.71977750
-9.05601262
-9.72810672
-9.56414140
-8.53109439
-9.56903424
-9.93394125
-10.00686393
-9.60685730
-9.97034701
-9.85388800
-9.87238198
-12.09095771
-10.42963002
-9.51477307
-10.47588450
-9.08263124
-11.18050695
-10.77547994
-10.49727872
-10.49620855
-9.84482348
-9.83278996
-10.41251586
-11.09649852
-7.60786821
-7.55604576
-8.68017424
-7.10318631
-7.88456955
-8.23898555
-6.69835751
-8.73205221
-10.12922493
-8.66210905
-9.22781519
-9.25370826
-8.98375390
-9.84135384
-9.41945820
-9.84482574
-10.04043043
-9.93515196
-9.79140701
-9.91942484
-8.62755090
-8.42951652
-9.24194003
-8.93272220
-8.58568720
-8.67324493
-8.69997769
-9.53452546
-9.59341094
-8.80284655
-8.62389298
-8.67606279
-9.64382930
-10.75410186
-9.75423333
-9.62139991
-9.18904223
-10.10621076
-9.53307621
-10.37688836
-10.14956455
-10.06893046
-8.46899292
-11.17835898
-10.38424179
-10.36517882
-9.01543540
-7.33132228
-7.72413010
-7.65169861
-7.74534207
-7.77312612
-9.44934199
-8.73679307
-8.40319214
-5.89882392
-6.25016775
-7.12548007
-5.78142202
-7.05386693
-6.44461572
-6.63400515
-9.34069991
-8.95977820
-9.70717873
-10.03366722
-9.50000493
-9.81319986
-10.40447867
-9.70457470
-10.42718805
-9.35509530
-9.84198289
-8.60539307
-9.69620802
-17.39315695
-17.45657108
-17.47249012
-17.42118818
-17.38495797
-17.55864337
-17.36513337
-16.82437122
-17.60671971
-17.51752117
-17.44590852
-17.55932455
-17.69537996
-17.53669062
-17.47717159
-17.51020941
-17.45335723
-17.46436517
-17.57079927
-17.65368851
-17.52193032
-18.05422593
-17.93394875
-17.47072784
-17.80695291
-17.89579726
-17.83607948
-17.70687712
-17.78372736
-16.98250100
-17.71861668
-17.63405097
-17.87179559
-17.51221244
-17.86983375
-14.19746343
-17.11631180
-16.39400858
-12.62349126
-11.33565515
-11.29420275
-11.08136919
-13.70553170
-16.55652937
-17.34837594
-17.62705018
-17.38499531
-17.50730266
-17.32991785
-16.26052305
-17.35728931
-17.39978766
-17.32250357
-16.17876410
-17.35864548
-17.48627281
-17.65685782
-16.44386899
-17.42444853
-18.45826117
-17.83330165
-17.58540206
-17.62979539
-17.62112071
-16.91405842
-17.54770142
-17.45724278
-17.60429146
-17.77175378
-18.01777316
-17.60327208
-17.77195437
-17.64355056
-17.61355865
-17.59294963
-17.57935705
-17.59412328
-17.93980644
-18.07111351
-17.76483648
-17.74396224
-17.64189205
-17.76931138
-17.84846711
-17.46986921
-17.60053928
-17.75564628
-17.74339592
-16.76875235
-17.44246363
-18.37200772
-16.95308005
-13.94680300
-13.84284661
-13.81793593
-16.91963702
-16.44377151
-16.91039568
-16.94531061
-14.21441660
-12.71409357
-12.70126230
-13.66520531
-13.46812031
-14.27730165
-12.83682047
-14.31612113
-13.43670963
-12.93556837
-12.56067512
-13.37245744
-13.33810770
-13.52020379
-12.80291289
-13.52586740
-12.29098310
-13.99122814
-13.51375519
-11.83850446
-13.43852449
-13.99193318
-12.60457630
-12.45586552
-12.37091572
-12.51355935
-14.20468052
-14.29302619
-12.31221029
-12.31965911
-13.42392598
-12.37585484
-12.21389184
-11.89717260
-14.11699288
-12.61499218
-8.51546509
-12.87201356
-7.17414109
-9.98863945
-8.30733314
-8.89299135
-6.95623155
-9.70312503
-8.90393166
-13.59783905
-13.88648874
-12.40461851
-12.71585261
-12.51149792
-13.50843055
-12.06552433
-13.33917133
-13.58355545
-12.75709232
-12.95800346
-13.28101457
-13.02430578
-11.53098152
-10.21808122
-12.37672256
-12.73225152
-12.65661105
-13.15092745
-13.21484569
-13.45326614
-14.33536871
-13.67716454
-13.06805652
-12.57609815
-12.38147893
-13.30663124
-12.50032299
-13.48484831
-12.52235907
-13.01637421
-13.64847234
-13.39832778
-12.50113235
-13.49899244
-13.53851486
-12.52381647
-12.48576976
-12.22171723
-12.26431975
-13.30252693
-12.20087673
-12.74644816
-13.54543839
-11.32473185
-13.65391805
-12.16412147
-13.16907729
-13.14819065
-11.67839214
-11.20116631
-11.88740559
-12.65994766
-9.22609574
-11.33005651
-13.03050429
-7.21950072
-6.98408965
-6.62539549
-7.63557083
-6.63576542
-7.26650983
-7.22059926
-6.19202041
-7.31218952
-7.93450543
-7.33547504
-5.83244844
-5.90725474
-5.52855601
-6.62346023
-6.05471339
-5.26911594
-4.97827763
-5.78268541
-5.57756766
-5.50930939
-6.77790479
-4.21839367
-4.51405591
-5.30572813
-4.31998426
-2.76439492
-5.43511705
-6.43781607
-6.96391420
-5.46182935
-7.15772722
-7.19832783
-7.22143897
-7.99246398
-6.32353223
-6.45832489
-7.00999770
-8.00331247
-5.86757113
-7.22954123
-6.39523462
-6.83078933
-6.89496567
-6.93163816
-7.18155446
-6.93008353
-6.91568447
-6.95031779
-5.40488323
-7.50727532
-7.60950687
-6.84909809
-6.75467872
-6.31311307
-6.93353456
-6.93767193
-6.93354003
-5.59666931
-6.68235069
-6.64483114
-6.88797054
-7.87137669
-5.85612477
-5.13235290
-6.34468532
-5.44931872
-4.89233042
-5.47276466
-5.51995919
-5.70463844
-5.20937310
-4.64115413
-6.75409411
-5.43021872
-5.87402190
-7.15326169
-6.68490365
-6.63822631
-6.48772717
-5.75269246
-7.26219890
-7.32271716
-6.74479345
-6.80854660
-6.59056610
-6.52744562
-7.02610172
-6.68810710
-5.91214802
-5.45030974
-7.45805342
-6.68581795
-6.22562932
-7.10379065
-7.50175003
-7.14825944
-7.39146934
-7.38510514
-7.24882381
-5.08734978
-9.43039532
-9.95298340
-6.75040905
-7.33069686
-5.70522705
-4.17945639
-8.04012733
-9.42697452
-8.79232787
-9.21029577
-9.55548369
-8.66029273
-8.69525886
-9.02506310
-8.58315243
-9.09533316
-9.30464219
-9.37391682
-9.71779346
-9.02483608
-9.75942522
-9.00735277
-9.49379725
-9.98555593
-9.42533391
-9.12745928
-9.41538454
-9.16780808
-8.52056436
-8.18106955
-9.28371016
-9.49366493
-9.34934834
-9.11906157
-9.31268960
-8.75013528
-9.83169523
-9.90210358
-9.84551454
-8.76887403
-10.16380683
-8.80944085
-9.11803460
-9.27152617
-9.29916730
-9.42900230
-10.13418501
-8.71368274
-9.20338075
-9.42966836
-9.39600499
-10.08745734
-9.39318488
-9.55559675
-9.80511461
-9.39300722
-9.68252561
-9.40638845
-9.26114923
-7.83456433
-8.07547904
-8.30484690
-6.66930431
-8.85599424
-8.72892843
-8.53954872
-8.63509770
-9.19971563
-8.93014020
-8.92607317
-9.09052102
-8.98145702
-8.43271759
-9.06729829
-9.06762080
-9.18351367
-8.65693102
-9.06421533
-8.64633025
-9.37710554
-9.88896305
-9.15693513
-8.89009515
-9.37690317
-9.44096177
-8.97139271
-9.14371338
-8.99001129
-9.26463413
-9.75358887
-9.70173028
-9.05580074
-8.78977917
-9.29752245
-10.19843681
-9.73338876
-9.43588256
-9.02935075
-9.01429362
-9.17654612
-10.09628108
-10.06879040
-9.36730334
-9.75158124
-9.34738530
-10.46897536
-9.91939186
-8.83127458
-10.50079163
-9.59105911
-10.01816747
-8.91239511
-9.45783568
-10.04106954
-9.23341991
-8.97269900
-8.31246759
-8.81324738
-8.05623182
-8.95413698
-5.18544736
-9.86370820
-10.14237788
-9.63555730
-9.82062624
-9.26882390
-9.67902782
-10.23312637
-10.03631761
-10.77906091
-9.11930873
-9.39230832
-8.94610781
-9.19807669
-9.21790158
-8.64543373
-9.38337092
-10.10702348
-10.00544065
-9.65452357
-9.32733275
-9.45433422
-9.99303103
-9.20214237
-10.11729656
-9.05997289
-10.15984752
-9.08446602
-9.56654285
-9.90499422
-9.37017042
-10.20723445
-10.11976747
-9.44703299
-8.58985779
-9.32010836
-8.78867317
-9.08313219
-9.88667579
-9.09443537
-8.66107091
-9.31910786
-8.94314033
-8.72347299
-8.71570825
-8.93570432
-9.02084049
-9.09146482
-9.53472369
-9.89140700
-8.81318141
-9.13264640
-10.21082223
-10.04891840
-9.71705455
-9.85797455
-9.15473541
-9.79791482
-8.54115761
-9.06379801
-9.93139173
-10.21813911
-10.15900777
-9.54201465
-9.47641116
-10.12599254
-10.47942680
-9.37846767
-10.04134750
-9.24496179
-10.07332539
-10.37718322
-9.37925213
-9.46175056
-9.97436729
-9.40816318
-10.00310873
-9.36370268
-9.87216390
