-9.22801795
-8.94213417
-8.80705622
-9.37400817
-8.68165923
-9.29911493
-8.61656231
-9.65566896
-9.23057866
-8.70784524
-8.84982445
-9.35952768
-9.15907146
-8.88796630
-9.06010082
-9.40977504
-8.77182755
-9.30041766
-8.77565800
-9.17116714
-8.99347322
-9.60865790
-9.82781510
-9.00717778
-9.16373049
-9.51495477
-9.74212449
-10.06146966
-8.83839376
-8.96613839
-9.35920491
-9.43561932
-8.95398054
-9.67892707
-9.56787869
-9.25181844
-7.94699494
-8.85255982
-9.62584538
-9.05509489
-8.99296553
-9.55585222
-8.90701482
-9.33039744
-8.93940375
-8.98637041
-9.14265247
-9.62580327
-9.72294174
-9.59775598
-8.74828508
-9.36592563
-9.64467256
-9.43261415
-9.21912078
-8.87296030
-9.36268215
-9.00583709
-9.05561892
-8.87153668
-8.93858197
-8.89048680
-9.35199599
-9.54375750
-9.29932272
-10.10984965
-9.32354696
-9.73561153
-9.77172285
-8.93201224
-9.51266405
-9.54458618
-9.04490620
-9.73615870
-9.15506500
-8.98888657
-9.59528980
-9.47384504
-9.49731562
-9.23307859
-8.95052136
-9.67039224
-8.80287130
-9.18250083
-5.16909574
-8.21044954
-8.50522039
-8.52674135
-9.31222352
-8.53142450
-9.15182957
-8.80966711
-9.63240996
-9.56375094
-9.71925299
-9.10082245
-9.53178935
-9.62701782
-9.05794986
-9.67585889
-6.62120257
-8.15701135
-8.42443229
-7.85636189
-8.21257111
-8.30005094
-7.58389315
-8.40480301
-7.16933673
-8.21981807
-6.49494540
-6.57823435
-5.91413530
-5.45731153
-6.25789509
-8.11194352
-4.67092995
-8.18226399
-8.04068649
-8.19590670
-8.44857101
-7.80054840
-6.61764496
-8.32047699
-8.13967231
-8.60734078
-8.29252218
-8.22196504
-8.03700972
-8.23116271
-8.41843286
-8.30978027
-8.23543971
-7.85963995
-8.96830848
-7.95481799
-7.15530859
-7.05481126
-8.94169150
-8.33588849
-8.25421478
-8.59296798
-6.98840050
-8.30706196
-7.75292276
-7.18094480
-7.93060920
-7.85494038
-5.03197425
-7.64165569
-6.93658554
-6.57567750
-8.19647786
-8.05213927
-8.20433651
-8.40575484
-8.23136800
-8.21591575
-8.32083206
-8.16878580
-6.82704153
-8.19581536
-8.19155942
-8.33468068
-8.19211715
-7.33957514
-8.10623506
-8.29836643
-5.34003622
-7.21753019
-8.26133732
-8.33524351
-8.14490466
-8.36727542
-8.24917207
-7.22973689
-8.09219006
-8.32021770
-8.23757980
-8.34186720
-8.03890253
-7.07742087
-7.40111987
-7.23089455
-8.14447238
-8.33133222
-7.89029359
-8.16530682
-8.60056517
-8.31185243
-8.23664674
-8.64430520
-8.99306551
-8.55873192
-8.32745643
-7.74755701
-7.45720813
-6.73692039
-8.54950195
-8.19311608
-7.85087029
-7.78173704
-8.37851654
-8.24400205
-8.82655252
-7.54316092
-9.45762826
-8.73366326
-7.82040434
-8.22968240
-8.33893179
-7.75427108
-6.97984314
-7.89240140
-7.76953835
-8.30629072
-7.57072219
-8.16873461
-7.82391482
-7.55709858
-9.17589688
-8.02263836
-9.45321588
-8.82542565
-9.06699592
-8.28699376
-8.42621168
-8.32813195
-9.75479511
-9.35833623
-8.26515742
-9.14337533
-9.09161407
-8.29164484
-9.94191127
-9.33860584
-7.90079279
-9.07874223
-8.48927178
-7.56662639
-7.72248548
-8.96935350
-8.37644371
-8.52123916
-8.09798500
-9.83919482
-8.23081869
-7.55618077
-9.70117433
-10.11586363
-9.04815179
-9.31359947
-8.47852592
-9.34838986
-8.97505052
-7.78854605
-7.02338793
-9.09452356
-7.62018189
-7.93070544
-7.85894870
-8.49378348
-8.39083130
-8.07582736
-9.50582049
-8.59483819
-8.12601404
-8.62961170
-8.40539193
-8.73485179
-8.21882353
-7.35737439
-7.59847807
-5.98481866
-7.25203408
-7.20895537
-8.00306439
-8.52566226
-8.71091833
-7.71982514
-8.98762405
-9.38121159
-9.54928239
-9.44384432
-8.30339536
-9.15425148
-8.72081249
-9.34547898
-8.24514969
-8.61700988
-9.34265532
-7.05934536
-8.00327470
-8.78040821
-7.57718159
-7.48316610
-4.01356836
-9.08933091
-7.46035509
-7.86608197
-7.57770039
-7.35907934
-7.41212191
-7.54747585
-7.30237691
-7.53786190
-7.30386266
-7.44036142
-7.17470872
-7.49807239
-7.29969288
-7.41884508
-7.40897516
-7.03020468
-7.19705830
-7.23276637
-6.92704146
-7.17361464
-6.92683230
-7.07353723
-6.90024282
-7.65307851
-6.96598111
-6.13023235
-4.93327808
-6.43650815
-7.29362935
-6.41704630
-5.32322202
-7.32829168
-6.89567875
-7.44744083
-7.57029411
-7.24709087
-7.67701444
-7.38313946
-7.13985365
-7.58876536
-7.17329767
-7.56793989
-7.40569118
-6.11282732
-6.61558189
-6.74145696
-6.39696697
-6.64301355
-7.10321454
-7.11782033
-7.00597465
-7.21337859
-7.43464586
-7.53174780
-7.23982840
-7.53097593
-7.54422329
-7.43477605
-7.67601051
-7.22586955
-7.39807708
-6.97157879
-7.38146261
-7.24485454
-7.47675215
-7.64237572
-7.16416194
-7.23364911
-7.26375702
-7.48632171
-7.24027324
-6.43219040
-7.13521197
-7.78834591
-6.25317276
-5.41943665
-3.34717753
-6.88453406
-6.82397597
-6.50071319
-6.88268700
-5.38172280
-6.47470298
-6.92217240
-6.10381817
-6.83123653
-6.54835552
-6.87022655
-7.10480421
-6.82840445
-7.12952375
-7.21155403
-7.58591035
-7.56689081
-7.56833014
-7.52097305
-7.09268990
-7.49944139
-7.34024707
-7.42072374
-7.62511258
-7.38554441
-4.19445277
-3.79389930
-3.75244816
-3.03613698
-3.71292311
-3.23523888
-3.40829407
-2.45169212
-2.58198419
-2.63328175
-2.75477422
-2.88986394
-2.95379782
-2.33497100
-2.39511688
-2.57976318
-3.16893544
-2.36427409
-4.15759985
-4.26953433
-3.78208726
-3.93992704
-3.65285904
-3.54351752
-3.88205985
-4.19635977
-3.95355303
-4.07834753
-3.96166300
-3.97056892
-3.65487714
-4.69371136
-4.36639589
-3.86294929
-3.19821271
-3.36161975
-3.99118758
-3.75181330
-4.13927762
-2.91696536
-4.76839605
-4.08205647
-4.37069399
-3.94445365
-4.08330511
-4.20042461
-3.11926539
-3.58624320
-3.07729120
-3.80032824
-3.47643558
-4.74255341
-3.79371244
-4.00356946
-3.23061594
-3.21513080
-3.94127219
-3.38815624
-4.05314046
-3.73536695
-3.47465034
-4.29629911
-1.63093543
-3.16418272
-3.82948431
-2.23757448
-3.26956618
-2.48473578
-3.51495390
-3.90281401
-4.26977826
-3.11658035
-3.80886323
-4.25573008
-4.52035305
-3.71984452
-3.86944962
-3.51707045
-3.95501656
-4.36116555
-3.58981897
-2.99219294
-3.95902885
-4.43656155
-2.91730194
-3.66618034
-3.58113686
-3.51941889
-3.42770719
-2.55171800
-2.53979792
-3.55945287
-3.50884084
-3.35643471
-2.85133472
-2.73901578
-3.11541388
-2.72022550
-1.25242160
-1.30777800
-4.97090962
-5.26385903
-3.95412132
-4.68597829
-4.33139426
-4.49888101
-4.18119188
-4.89412146
-4.44791694
-4.22854828
-4.76687789
-2.72730856
-5.97246929
-4.98133387
-4.62937770
-4.46742185
-5.14642084
-5.68745319
-4.88382035
-5.13854294
-5.56397327
-5.06227616
-5.22631410
-4.79576605
-4.80542048
-5.89096037
-5.96378985
-4.31806541
-5.06101825
-5.75395017
-4.46580614
-5.20726124
-5.30010593
-5.73479642
-6.09602259
-5.11441213
-4.66627084
-4.74002161
-4.87301479
-5.00899500
-5.18352330
-4.96506797
-4.62282258
-4.79779166
-4.83068663
-4.35675114
-4.43508817
-4.96645827
-4.66480799
-4.14519097
-4.75960380
-4.67473077
-4.29062179
-4.26850786
-4.31546928
-3.64459730
-3.66018613
-2.14233693
-3.08964964
-3.61837800
-4.25215695
-3.26908872
-4.73527231
-4.29198220
-5.09820693
-5.52236351
-6.11557058
-5.70573390
-4.75235046
-5.25549980
-5.79174524
-5.38699042
-4.81352276
-5.26638864
-5.69766752
-4.72488000
-5.59004279
-5.61512610
-4.88991391
-5.76987738
-5.13974150
-4.58289717
-4.57639188
-5.48163596
-4.51614674
-4.98624885
-4.64202197
-5.37189238
-5.07237835
-5.10876212
-4.40999260
-5.28618767
-5.12883243
-5.08373912
-5.17537127
-5.28981344
-4.75952115
-5.04968165
-5.62184417
-5.57656387
-13.08138809
-13.63917080
-13.34158435
-13.21948844
-12.14240260
-12.79121970
-11.67856144
-11.37104043
-11.13902435
-13.35303868
-11.69359433
-10.94789458
-11.36184367
-12.73123522
-12.42165820
-11.43051863
-10.86112465
-10.41203610
-11.16216035
-10.40002527
-10.36181751
-11.37975273
-13.13803103
-12.21102830
-13.02753994
-13.28671971
-12.80207787
-11.95341036
-13.07728353
-11.96994756
-11.52040963
-12.45309025
-12.46468536
-11.32737835
-11.64293490
-11.79298227
-11.51619408
-12.82082687
-11.64876432
-11.96529854
-11.85633039
-12.83941159
-11.70058555
-12.83722724
-11.86352811
-11.70422158
-12.00876917
-12.79237230
-12.10970561
-12.00689378
-12.70749785
-13.41624363
-12.78682129
-13.04813082
-12.66435650
-13.22636875
-12.89938469
-11.57963782
-12.75301771
-12.61772970
-11.72271271
-11.57439664
-13.10128078
-12.47198673
-10.76673023
-10.50869815
-11.01398199
-10.71947903
-12.99718883
-12.30052636
-12.18944800
-12.31115907
-10.96149351
-11.11877993
-11.38185130
-12.20386995
-11.91277530
-12.54337722
-11.82566695
-13.47991736
-12.39556308
-12.13859943
-13.42333287
-12.46595162
-12.62911158
-12.96584782
-13.24331640
-13.05730055
-11.52241058
-12.99398146
-13.05135103
-11.98493507
-13.72582252
-12.68993429
-13.08378754
-12.21482358
-12.81472761
-13.06450324
-13.19396207
-11.61126015
-11.24266971
-11.81745665
-11.51300409
-13.07133337
-12.84555814
-11.16861253
-11.16861253
-12.49584364
-12.59219779
-12.49804346
-12.65357835
-12.44877936
-12.32228167
-13.99617912
-12.80036052
-12.73790230
-12.51716509
-12.72076640
-12.92362908
-12.34207816
-12.90829019
-12.88160211
-14.14477399
-12.77775836
-12.76041325
-12.76906474
-12.78640611
-12.65758619
-12.86280936
-13.41282793
-12.77074400
-12.69539089
-12.71073881
-12.72962093
-12.75372235
-12.54104628
-12.69739321
-11.55533523
-12.82447070
-12.70996840
-12.81268415
-12.76399520
-12.71554545
-12.81622866
-13.16710064
-12.78121472
-12.82310009
-13.03234493
-12.53788878
-12.44180265
-12.79107722
-12.36786243
-12.45399065
-12.89318609
-12.78663264
-12.67211164
-13.82004510
-12.11159907
-12.78215935
-13.96979155
-12.61144370
-13.35694713
-12.97629623
-12.77996501
-12.71185436
-12.97262465
-12.82479899
-12.87325225
-12.75179591
-12.66887513
-12.75431416
-12.75557421
-12.76287754
-12.76449416
-12.58753375
-12.76674023
-13.27271046
-12.88209527
-12.63038336
-12.99693286
-12.53954741
-12.82468444
-14.13195130
-12.68573893
-12.82456149
-13.23783987
-13.20741102
-12.81735700
-12.55273604
-12.76027928
-12.82606370
-12.67141909
-13.37205211
-12.66132053
-12.72563672
-12.74292921
-12.48872459
-12.58046127
-12.81664861
-12.68009346
-6.03489319
-5.56179192
-5.97872416
-5.34147661
-5.47577881
-5.82502445
-5.89767458
-4.54020047
-6.46849549
-5.62157165
-4.64022936
-5.40962244
-5.92988702
-4.72035648
-4.94362596
-5.24349851
-5.06080136
-4.67138991
-4.50573567
-5.05924361
-6.43810054
-4.83683865
-6.04251272
-5.34055678
-5.51514539
-5.46536820
-5.58554643
-5.12202522
-5.73817745
-5.46800657
-3.63826370
-2.68644659
-3.22820074
-2.00047148
-3.84277531
-3.33033950
-3.53608361
-4.89319362
-4.80962846
-4.23938520
-4.15855594
-4.90200470
-4.12711357
-5.25918207
-4.13415594
-5.28159544
-4.54915230
-4.21681726
-5.31718719
-4.46058362
-5.81531525
-3.87879521
-4.72871528
-6.06910822
-5.40292311
-5.39745980
-5.47722945
-5.31390984
-5.42481144
-5.50474168
-5.58213395
-5.54973486
-5.43397706
-5.78277289
-5.35841751
-5.59596082
-3.59873954
-5.81547298
-5.06345021
-5.34783980
-5.32079964
-5.88397613
-5.43778084
-5.84166711
-6.15744720
-5.07063412
-5.42136206
-5.56775848
-5.60522684
-5.32067010
-5.29204046
-5.54419721
-4.65713210
-3.82632377
-4.05807032
-3.86685875
-4.29691129
-4.22894685
-4.58974967
-4.80808158
-4.74994300
-4.78033900
-6.27542882
-5.20644875
-4.97351906
-4.20932073
-4.67654945
-4.16223380
-4.96395573
-4.57626075
-7.11758148
-7.92251950
-7.53630089
-7.22114025
-7.15285377
-7.25333362
-7.10861903
-7.50711250
-7.27001655
-7.07034299
-7.54769774
-7.62960420
-7.37385960
-6.92869398
-6.84946909
-7.07838227
-7.40435657
-6.89816260
-6.79799161
-6.82459131
-7.31566772
-7.53446032
-7.24229048
-2.22801459
-5.58567835
-5.89930050
-5.81583185
-5.75843537
-6.27136564
-5.20068577
-7.29888496
-6.33506915
-7.02584736
-6.84395331
-7.73317603
-7.28309482
-7.28732088
-7.64087852
-7.70224390
-7.06307574
-6.93365071
-7.41441890
-7.60003713
-6.76644800
-7.44759807
-7.44411653
-7.63423409
-7.60554290
-7.59469881
-7.68650209
-8.34845357
-6.58828004
-7.10866533
-7.62582045
-7.54236084
-7.61192180
-7.81852692
-7.69226492
-7.54370354
-7.07479200
-7.74587451
-7.67607306
-7.82791164
-7.44286580
-7.39368578
-7.71674180
-7.08828314
-6.63802386
-6.30934841
-6.21080508
-6.50530138
-6.67497217
-6.62918716
-6.28080421
-6.29370653
-6.80403761
-6.77283009
-7.61812165
-7.06431382
-7.49611007
-7.01548201
-6.91634652
-7.54032469
-7.72232559
-7.28366433
-7.49460944
-7.50071956
-7.38750742
-7.18916526
-7.11068708
-7.40226443
-6.82778903
-6.89060089
-6.72299708
-7.62977031
-7.66389894
-6.80469951
-6.64692099
-7.39266874
-6.89868489
-2.00217160
-2.92774499
-2.19419244
-1.97325954
-1.39614430
-2.30729274
-1.31730901
-1.57559656
-2.17036991
-3.16556913
-1.92459270
-1.80431006
-2.30653044
-1.47219067
-3.35739372
-1.99736582
-2.22325641
-2.54654510
-3.31861689
-2.83146341
-2.01589726
-2.61735036
-1.82482252
-2.06995910
-1.91591003
-1.51213693
-1.56538857
-1.51105885
-1.57206917
-1.32748599
-2.55375170
-2.04489422
-1.90092480
-1.82215921
-2.52054543
-2.32902338
-1.36171556
-2.22583888
-2.55765989
-2.65244055
-1.94336356
-3.24224627
-1.51720744
-2.04866601
-1.78006230
-2.50259180
-1.15265031
-1.09498052
-1.91462966
-2.46376329
-1.35213511
-1.63261722
-2.70154279
-1.90012381
-3.34897195
-2.38084350
-1.65403545
-2.13687862
-1.50873826
-1.51187044
-2.15729836
-1.53785006
-2.74251636
-2.92417397
-2.92108552
-3.82696810
-2.18128484
-2.79542765
-3.68106032
-2.93261234
-1.87855660
-1.50506667
-0.01284294
-1.50175114
-0.93913238
-1.67957718
-1.41297446
-2.00231470
-2.97273336
-2.43465505
-2.45936201
-2.31309987
-3.59441080
-2.37930590
-3.08120762
-2.25634992
-1.48578877
-2.55672695
-3.06816781
-1.49415658
-3.13733037
-1.52157061
-0.46772966
-1.82764356
-1.59954918
-2.02880600
-1.77753092
-0.78040769
-2.48173914
-1.66838379
-6.94009576
-6.76343394
-6.10644736
-5.73227681
-7.06834500
-7.02403358
-6.83023433
-6.89603780
-6.67178739
-7.19547576
-7.99246027
-7.17977941
-7.04095961
-6.82332412
-7.11985141
-7.14752828
-6.81586011
-7.53568688
-6.89215700
-7.96630423
-6.60945624
-5.97648476
-6.24347688
-6.51246016
-6.38989583
-6.17359093
-7.66327236
-7.09754081
-7.10670040
-7.96748406
-6.88190357
-7.06865789
-6.94098948
-7.89349072
-7.76842683
-7.54702910
-7.21880280
-8.08573168
-7.61619325
-6.89132636
-7.15946806
-6.78776396
-6.51297131
-7.12343092
-7.49763163
-7.13855024
-7.19963532
-6.46140182
-7.37551837
-5.79259691
-6.85182175
-7.77830383
-7.29960331
-7.87387007
-7.29178908
-7.11637601
-7.22623597
-7.18336400
-7.73774814
-7.53810939
-6.36855282
-7.59782717
-6.85654576
-7.22589949
-7.44181879
-6.89552433
-6.38804379
-7.91365826
-7.43325835
-7.01938175
-7.04750643
-7.52492236
-7.34312787
-6.14620912
-6.98148306
-6.86939169
-6.95244332
-7.04070998
-8.55298098
-6.94293508
-7.67217670
-6.38734069
-7.16600336
-7.93195179
-7.58952236
-6.83228263
-7.29952599
-7.66950747
-7.57136192
-7.42027949
-7.43390700
-7.80524695
-7.85455248
-7.91823175
-7.30622020
-7.32365269
-6.70586097
-6.70956005
-6.96493933
-7.78016343
-6.95913115
-6.96138084
-7.06780181
-6.70426365
-7.02444232
-7.00947871
-6.95454524
-7.06467338
-5.87572585
-7.13187446
-7.18467355
-6.55322600
-6.00231516
-6.95810848
-7.10870473
-6.65354049
-7.16129028
-6.30907726
-6.94688100
-6.95509414
-6.94420222
-6.67842608
-6.81871401
-6.05460519
-6.60342113
-6.77306987
-6.97951614
-7.04987152
-6.67631815
-7.09535479
-6.95039060
-7.30333897
-6.14123772
-7.01783285
-6.55415310
-7.05959325
-7.34197226
-7.11628657
-6.57246775
-6.67000869
-7.29124115
-7.27471625
-6.17563807
-5.88797124
-7.04469968
-5.26920514
-7.04496751
-5.26920514
-7.19640872
-6.89872167
-5.88023610
-5.89395624
-6.83783217
-6.44434381
-5.85399315
-4.99772736
-5.79671297
-6.01867587
-2.79417165
-5.85967791
-4.56689329
-6.08189814
-4.84585983
-5.56914648
-5.77915331
-6.91131270
-7.19266291
-7.13414619
-5.90183394
-6.99256493
-7.03996944
-5.90183394
-6.99143815
-7.22059570
-7.11709143
-6.06013018
-6.97118499
-6.97891447
-5.40944965
-5.96031092
-7.02460832
-6.55358140
-6.22107842
-5.91029857
-5.82733459
-4.99003851
-5.46759160
-6.36506654
-7.21568949
-6.51619198
-7.04469968
-7.00184396
-7.00891809
-5.39609851
-6.10641065
-6.99457774
-6.36960221
-5.82059971
-3.91364915
-5.75988615
-2.95654823
-3.15618261
-5.76636241
-5.45499741
-5.77716808
-5.56152527
-5.01946446
-5.30567712
-5.83834610
-5.84902140
-5.34953478
-5.69932415
-5.79879791
-5.84742931
-5.88416265
-5.54197722
-5.73407951
-5.65138827
-5.78816611
-5.86516233
-5.67231891
-5.56926392
-2.96731396
-2.53145052
-2.92063675
-3.02493080
-3.12484435
-0.92353201
-4.01050236
-5.93237704
-5.50057301
-5.50047887
-6.17427788
-5.92398310
-4.27315305
-5.81536651
-6.00082071
-6.05668850
-5.86734912
-5.79068407
-6.54842741
-6.81561877
-6.81084532
-7.95408420
-4.23550387
-5.79673399
-7.01921839
-5.43949185
-5.72351512
-0.62904807
-1.53446091
-1.01809004
-1.09838542
-0.97500623
-1.96122463
-3.12913635
-4.90991678
-2.19946152
-5.59871425
-5.13674370
-6.78645233
-5.23385657
-4.28090806
-5.70866893
-5.77939135
-6.07010403
-5.91452171
-6.44095165
-5.75578252
-5.66623225
-5.99214966
-6.27054682
-6.17272269
-7.08953219
-6.03745968
-5.89679901
-5.60234094
-5.82317200
-5.87674073
-5.80754983
-5.80459477
-5.92033613
-5.71020490
-5.85720977
-6.68627307
-5.94959774
-5.59420876
-6.02308992
-5.93713265
-5.58179377
-6.08989867
-5.93408694
-5.99637547
-5.98682969
-5.91392742
-6.13873433
-7.34355316
-5.99932537
-7.99523773
-0.74070814
-6.07133539
-5.96178980
-6.62462468
-6.25123430
-5.65767568
-5.60518635
-4.27251462
-1.17956931
-4.29939197
-3.88029801
-4.43737762
-3.63671922
-5.16002535
-4.33128891
-7.59435650
-7.23112444
-7.51750509
-6.71119353
-7.52317801
-7.84260599
-7.92797415
-7.70281951
-7.72517833
-6.65995911
-7.69275419
-7.25936484
-7.58219686
-7.69235960
-6.44480016
-7.22227628
-7.70828451
-6.65293424
-7.30805709
-6.52206922
-7.47475655
-6.63995478
-6.35223001
-6.60253216
-6.51819244
-6.60049924
-6.52433646
-7.51321846
-6.58616485
-7.65461802
-6.54340913
-7.46430192
-7.57088896
-7.13878533
-6.16335762
-6.78293817
-6.37142629
-6.13253416
-5.13912156
-7.25979814
-7.05631667
-7.60772142
-6.79907973
-6.38813913
-6.88894468
-7.13637838
-6.45250936
-6.33711376
-7.09846867
-6.60806945
-7.22740911
-6.48540514
-6.65082395
-6.45216754
-8.03530551
-7.29776219
-6.17240949
-7.81197367
-7.37675207
-7.82857828
-7.75081037
-7.69298143
-7.20099862
-7.29120131
-7.74020070
-7.53007691
-7.22988831
-6.33455277
-6.15972151
-6.58358139
-7.68004178
-6.08904403
-7.41679054
-6.15964693
-6.52907355
-7.68825287
-6.48793603
-6.13356393
-6.75999773
-5.96941875
-7.10269683
-6.38033197
-6.85786325
-5.81162903
-6.11156336
-7.82289829
-5.58631801
-4.92722375
-2.86302855
-4.84099431
-4.10950737
-4.31286890
-4.80263830
-3.99512434
-4.71373601
-3.72417292
-5.17575289
-4.50702841
-4.91509485
-5.81235009
-5.37728334
-4.74561187
-4.68408966
-3.70040715
-4.25087029
-4.90116066
-5.34185311
-4.79175624
-4.82605601
-3.25392813
-2.85738340
-3.25364166
-2.97833187
-1.35350225
-2.18492387
-3.80610977
-3.27606714
-3.87212728
-4.02067937
-2.88128708
-3.90312157
-3.91429992
-3.83117233
-3.55379484
-4.06824988
-6.26936218
-5.61431405
-4.88487677
-4.65801794
-4.70061553
-5.83268412
-4.94026148
-4.29958740
-5.14115518
-5.67926202
-4.93155175
-5.66034584
-5.80469933
-3.99850727
-5.65241953
-6.18349579
-5.72171639
-5.96233124
-5.64983843
-4.78412160
-5.86106954
-4.22215246
-3.92366691
-3.61378488
-4.60695724
-3.48690686
-4.06513187
-3.94371336
-3.78566638
-3.87551328
-4.64774460
-4.55454748
-4.23538800
-5.20306534
-4.35086508
-6.95462239
-4.56548038
-3.42795969
-4.61645592
-4.05095674
-3.82932567
-4.57182983
-3.14237101
-3.14747244
-2.99343867
-2.45334910
-2.76646866
-3.24324550
-1.91910157
-4.47971095
-4.93064133
-4.94618849
-4.51498558
-4.18121850
-4.11588553
-5.03128987
-5.52829805
-4.83220672
-5.73683930
-5.65486952
-4.21785536
-2.43221042
-2.79120442
-1.35402106
-2.61255277
-3.02214780
-2.66735981
-3.03467085
-2.28683061
-2.48144394
-2.35631174
-2.41917079
-2.35058045
-2.62215996
-2.98503329
-1.18943052
-2.63869113
-2.64999538
-2.73389717
-2.20739128
-3.63752010
-3.05812983
-2.85859921
-3.63653660
-1.90682302
-0.85442120
-2.92058740
-2.85389917
-3.06908003
-1.41632094
-3.20259656
-2.74338595
-2.54452390
-2.77829833
-1.23561437
-2.44224522
-2.43984178
-1.50874196
-1.96213414
-1.47694419
0.21022714
-1.78053301
-2.40618891
-2.61998308
-1.90990290
-2.23799811
-1.95858149
-1.50116465
-2.95393894
-2.94498026
-2.75736242
-1.48908125
-2.73561516
-2.78395495
-2.78652556
-2.82091708
-3.35381417
-3.15592081
-3.59553233
-2.75216375
-1.38061091
-2.77139051
-2.84053529
-2.77061605
-1.73188761
-2.51881945
-2.39725669
-2.06527732
-1.59488416
-1.91998930
-1.95100839
-1.37806247
-2.16324824
-1.42754214
-0.37629188
-0.49016788
-0.72823063
0.36305730
-1.55556050
-1.63509873
-2.88343420
-2.52721234
-3.18331420
-2.35109522
-2.36527425
-2.64259102
-2.80562358
-2.67084915
-2.75185600
-2.76801836
-2.14583859
-2.47843612
-2.45951157
-3.41554254
-3.02097032
-2.68484334
-2.72764271
-2.67378748
-2.33066027
-2.62012094
-2.57381828
-15.17035182
-15.01021182
-15.86427385
-13.95797428
-14.99142315
-14.23024099
-15.44465552
-14.14023179
-15.11035770
-14.91401710
-14.03507557
-15.00936330
-15.98096887
-14.95074570
-13.99796140
-14.85894424
-14.56065061
-13.92443180
-14.80716434
-14.11457630
-11.93255831
-14.74224815
-14.59051101
-14.67286434
-14.84912025
-15.10482987
-13.95764379
-13.88506475
-14.14677882
-14.78954425
-14.77148002
-13.91924124
-15.40849866
-14.30652834
-13.56163848
-10.57717388
-13.94722632
-13.52261721
-13.64142575
-13.75907589
-13.59057314
-13.74402058
-13.95279698
-14.58741352
-10.73915257
-10.44525776
-10.64391254
-10.72423755
-9.27850079
-9.62967248
-4.74827488
-14.27416323
-15.38325481
-14.48509395
-15.12451057
-15.02178967
-14.48021560
-15.30411572
-14.41226174
-14.44761557
-14.83864566
-14.20253283
-14.05614541
-14.92011369
-14.87620944
-14.84656656
-14.19771194
-14.95470979
-14.33887835
-14.17117359
-15.61785956
-14.91226427
-14.05140337
-13.80894487
-14.70317231
-14.73586837
-14.90473184
-14.90556436
-13.70534411
-15.22092295
-14.50410283
-13.62807801
-14.57882078
-13.72187220
-14.88653998
-14.44628464
-14.54713378
-13.46505794
-14.73463190
-13.60648874
-11.31181073
-8.77495098
-14.41265882
-10.73670880
-13.49991983
-13.14105205
-11.43475272
-14.93168099
-14.26506927
-13.60145862
-2.89401955
-2.80209086
-2.72445031
-4.35160968
-3.35762680
-3.61806824
-3.55615156
-3.67607471
-2.70203679
-2.77361042
-2.68639523
-2.63519217
-3.05367207
-2.88709772
-2.87013818
-1.14877508
-4.20992036
-3.20389275
-3.19595510
-3.55897872
-1.74630059
-2.00330515
-3.56008504
-3.37555449
-3.16244355
-3.26958832
-3.26899987
-2.60609709
-3.08060909
-2.67338030
-2.85409820
-2.30031281
-3.46927976
-2.48885379
-3.27943688
-2.84960277
-2.84085406
-2.84743325
-2.78028898
-2.77955410
-2.54846823
-2.86885179
-2.63351730
-3.01337622
-2.50003517
-3.74860782
-2.45117373
-3.05512069
-2.49480008
-2.81025614
-1.39977830
-2.80493655
-2.73868801
-2.63353444
-3.20363452
-2.78960582
-2.67189157
-2.64680830
-2.80028142
-1.59589644
-4.08884176
-3.90268901
-2.65391676
-2.94246560
-2.77098762
-2.74549915
-2.56816299
-2.93758146
-2.84161520
-2.97232784
-2.49692121
-2.70987933
-2.90780297
-2.68078229
-2.56674496
-2.73130396
-2.85142718
-2.78546224
-2.68604916
-2.77962177
-2.96468431
-2.98753184
-2.22445953
1.46563629
-0.19538273
-0.67215738
-1.50390169
-1.21715348
-1.54636880
-2.12267159
-2.35709438
-3.89180596
-2.87252468
-2.76739967
-2.83894460
-4.14131040
-2.65361231
-4.28477520
-2.77739691
-3.00535783
-5.59554295
-5.48362897
-8.49702795
-8.33466627
-8.14102549
-8.52288406
-8.53630294
-8.33769566
-8.40617953
-8.39887484
-8.43348010
-8.36274029
-9.54289226
-8.60929811
-8.49945734
-9.46013485
-7.51580774
-8.86699995
-9.12285283
-8.60490579
-8.01733744
-9.06064189
-9.16108849
-9.08669097
-7.60937792
-9.23210705
-9.25995956
-9.30179317
-8.65502665
-9.43920392
-7.46736471
-6.03227436
-6.13643140
-6.86226971
-8.34952435
-8.65678359
-8.97496732
-9.21030862
-8.54057718
-9.16537918
-7.73310534
-9.21496587
-9.05451742
-8.44030771
-8.68512956
-8.73273908
-9.23809309
-8.60912263
-8.95722262
-8.54435023
-8.24195971
-8.51244481
-8.07408954
-7.51373799
-8.50302838
-8.76864427
-8.60967617
-8.92757117
-9.15222191
-8.40705865
-8.44166870
-8.44008332
-8.61942197
-8.63763490
-9.10706167
-7.55830480
-8.37709092
-8.45070182
-8.60461781
-9.17641296
-8.82710830
-7.56708258
-8.44246964
-9.25355941
-9.09156681
-9.20224516
-7.78352211
-6.52054198
-9.13363718
-8.57614197
-8.45396736
-8.94353734
-8.16572672
-7.63251737
-9.07936181
-8.49177940
-8.61489482
-8.57150435
-8.12861328
-8.57978320
-8.57135275
-7.41051449
-8.95045991
-7.97324976
-8.31793840
-9.40264756
-9.35800794
-9.07940629
-9.82176766
-8.73987943
-7.30775797
-8.13743746
-6.16300655
-6.20135699
-6.23672887
-7.17864645
-6.03557576
-6.27501377
-6.84231696
-6.12256680
-7.85480358
-7.08209035
-7.65997150
-7.35122362
-6.02714704
-5.92830623
-5.03690431
-3.26013392
-5.12583164
-4.56200847
-5.52569544
-6.01425769
-5.90008068
-7.11546541
-7.76580437
-5.61752649
-6.73567282
-6.59175068
-7.06577583
-5.95895123
-6.91654308
-6.86022132
-6.93572171
-6.91651917
-6.40029874
-6.60485357
-7.01898038
-6.89232120
-6.85230314
-7.69998131
-6.81678289
-7.31977144
-7.31881791
-7.31399266
-6.07816872
-7.49471448
-6.33772035
-7.08792682
-6.49401583
-6.45078627
-7.22717338
-7.83831641
-6.49659529
-7.14111434
-6.31868582
-6.67529114
-6.84383869
-3.87430641
-6.09437104
-5.95397211
-5.92713373
-6.91562399
-6.17816219
-7.39578421
-6.13630228
-7.12406547
-6.15844239
-6.29278629
-6.32402890
-6.48658967
-6.35366746
-7.08715384
-7.10208879
-6.93479659
-6.01941848
-6.16029445
-6.52027732
-5.97920768
-6.14588696
-6.17387491
-7.70325171
-6.24909906
-6.18960680
-7.35170124
-7.45451615
-6.98866874
-7.34968353
-5.88312309
-6.65176188
-7.24330653
-6.71766676
-6.54138716
-7.11510696
-7.60093651
-7.43782746
-6.82704599
-6.31878648
-6.99929906
-6.51909093
-7.11580332
-5.66378961
-6.01744311
-5.64855837
-5.68241965
-5.34118623
-5.77421134
-5.68867434
-6.45150224
-5.20430897
-5.55171149
-4.57771917
-5.00801395
-5.85946237
-6.13239432
-6.01539306
-5.27973223
-5.91533573
-5.98362375
-4.94362959
-5.86754164
-6.06246258
-5.56298362
-5.10995427
-5.62585698
-6.17703045
-5.74640123
-4.77130577
-2.98062568
-4.77172462
-4.98189331
-4.88146113
-5.29530230
-5.80593381
-4.11195262
-5.55202587
-4.79325401
-5.13840391
-5.85913928
-4.92780372
-5.77076310
-4.49706190
-5.16753697
-6.15044498
-5.46587769
-5.76916609
-4.71210935
-4.89913995
-5.92443651
-5.90741002
-4.90434073
-6.10918243
-4.97581271
-5.01643619
-5.83903436
-5.53784290
-4.99702994
-4.68615980
-5.46062151
-5.59558143
-5.61090517
-5.85915185
-5.99248551
-5.77180434
-5.53416812
-5.06790610
-4.49571045
-5.33592077
-5.61120870
-5.48344489
-4.67075490
-4.70963214
-4.64900040
-5.60345011
-5.43994722
-6.01566856
-5.05039084
-4.62246634
-4.54685861
-4.18761195
-5.33254288
-4.91363184
-3.28906717
-5.13354174
-5.58490828
-4.65547287
-4.18397677
-5.59864998
-5.02502825
-4.56159753
-5.66926661
-5.33352352
-4.44636403
-5.79501595
-4.98575929
-5.22056347
-5.23330437
-4.39184848
-4.57375457
-5.39437503
-6.04649865
-2.84929275
-3.20777499
-3.20971196
-2.64480069
-2.60649585
-2.93792377
-3.24680621
-2.70374417
-3.27364764
-1.78018120
-2.08470842
-2.52759512
-2.34633531
-2.20177494
-3.19545160
-1.90754828
-2.36216827
-3.05711918
-2.98427578
-1.87441061
-1.63230714
-1.40579269
-1.30455461
-1.45176320
-2.09521003
-1.58404647
-3.18759632
-2.04572781
-2.12528292
-3.49753544
-3.22286293
-2.43911898
-2.63902482
-2.93829852
-2.49262103
-3.03871783
-2.81699740
-2.45570260
-2.95089965
-3.16563263
-3.30460091
-1.12040899
-1.81601598
-2.09617881
-2.36806895
-3.69496234
-2.65954054
-2.29655451
-2.64045524
-2.42412893
-2.41488575
-3.18442984
-3.34080763
-2.70537145
-2.73452609
-3.06010423
-1.84496222
-3.30395112
-2.27426850
-3.38990112
-2.97927306
-3.71332069
-4.05228275
-3.43677044
-2.48628147
-3.44362477
-3.54919943
-2.49487144
-1.79311972
-2.30008884
-1.82512875
-1.64907959
-2.20261286
-2.15154426
-2.79811415
-2.35422788
-3.70569174
-2.78796595
-3.39159927
-2.08273338
-2.36751160
-3.18780319
-3.15827780
-2.97343712
-2.10811504
-2.80404695
-2.90821367
-2.29388743
-2.50694524
-3.34256689
-3.57206124
-3.86044867
-4.45430327
-3.03708315
-2.62358386
-3.84872290
-2.78414053
-2.50201665
-3.37672209
-2.92637247
-9.15931534
-9.28929089
-9.71338015
-10.44167238
-10.37659387
-10.87163982
-10.53360765
-8.71361363
-9.83825935
-9.11566475
-9.90797678
-10.01248325
-9.33513598
-9.62328297
-8.76978907
-9.78205766
-9.18488326
-8.93480016
-10.84237991
-9.69494207
-10.25553660
-10.13301646
-9.45091194
-8.91708976
-8.84823092
-9.82185204
-10.58600187
-9.28112158
-10.76085603
-9.56085247
-9.43399313
-8.62065852
-9.25831444
-9.99789673
-9.00844482
-10.80902069
-9.74859203
-10.80123375
-9.70444365
-10.27162008
-9.50524825
-9.16411362
-8.95110041
-9.12694807
-9.91699634
-9.88541233
-9.66078571
-10.36015450
-9.10629180
-9.19793681
-8.89540332
-9.28150266
-9.81448455
-10.87322014
-10.04336183
-8.80017246
-9.89677943
-8.97409772
-10.06569805
-9.92153481
-10.86402807
-9.13858104
-8.99559817
-10.15588260
-9.94282140
-9.82190934
-9.97162177
-9.96133260
-11.00133978
-9.58051173
-10.19919995
-8.80233517
-9.89521479
-8.64421070
-10.56525923
-10.57238504
-9.59104074
-8.74765361
-8.48172289
-8.43723152
-9.04066910
-9.00941368
-10.75830481
-10.78354537
-10.74881360
-9.90754540
-9.82869661
-8.98319160
-10.13213674
-9.06426358
-8.87923541
-9.94300358
-8.50226968
-10.69679072
-9.75678376
-10.69232567
-9.89553181
-9.32070409
-9.19317120
-10.87817753
-7.80305233
-7.60529986
-7.61625261
-7.82516050
-7.70617632
-8.05024314
-8.16639822
-7.46688131
-7.56692886
-7.33840179
-7.25236184
-8.06606909
-7.55102352
-7.55916047
-8.20075305
-7.54709571
-6.26361046
-6.57883595
-6.41779914
-6.19345818
-6.18589775
-7.95653686
-6.02749072
-6.24906400
-7.72793759
-5.68261886
-7.72516322
-6.99598941
-8.53870305
-5.78830912
-7.26588517
-6.92338918
-5.49104179
-5.56151158
-5.08354696
-5.57301771
-5.72536248
-7.43435083
-5.77270803
-7.66962484
-7.69528221
-6.29223183
-7.46245165
-7.72673259
-7.87992199
-7.97167311
-6.38275652
-8.06252773
-7.42986353
-7.50314089
-7.59874253
-7.73733491
-7.39101492
-7.60418267
-7.37049577
-8.16393918
-6.45822317
-8.19075289
-6.47966697
-6.50019817
-6.56792907
-6.08435854
-6.19032879
-6.25342630
-6.27423199
-6.98566796
-6.28377935
-6.03349483
-5.99798600
-7.45332665
-7.24296608
-5.75317428
-5.70608472
-5.80085796
-5.69889890
-7.05333908
-7.17029694
-5.70035976
-6.71186337
-4.83551988
-5.25184095
-4.74414576
-4.90060998
-6.37707028
-6.67238249
-5.14744558
-5.81471301
-4.98204546
-5.14173564
-7.21947770
-7.69563179
-7.70930105
-7.68781160
-7.40668449
-7.69346397
-7.64669275
-7.27348459
-6.37348360
-7.61635820
-7.69644108
-3.86462773
-3.87848916
-4.58319354
-4.16998559
-3.84717380
-4.13869491
-3.91544513
-4.21327511
-4.05519600
-4.00515837
-4.53685503
-4.39517786
-4.14545009
-4.79407503
-4.35979560
-3.95036635
-4.53070701
-4.52990083
-4.28190617
-4.35339694
-4.78959117
-4.02440119
-3.58670623
-3.62342214
-3.47979591
-3.68636720
-3.64968058
-3.83911020
-3.67594210
-3.34756079
-3.54791242
-4.70069719
-4.32449637
-4.48935025
-5.10853980
-4.47085094
-4.27984425
-4.42452797
-4.13592872
-4.31262496
-4.74715207
-3.16921225
-3.55762448
-3.15845589
-5.69004030
-4.59197695
-4.43775873
-4.85047199
-4.84597591
-4.84277050
-4.46776216
-5.79443875
-5.18479326
-4.67791808
-2.03040348
-4.22296321
-3.95823229
-4.48746305
-4.71775586
-4.38834888
-3.97599313
-4.27413959
-4.01329189
-4.24228484
-4.30960861
-5.21305474
-4.62262326
-4.24470247
-4.62136681
-4.34541389
-4.15818961
-4.51053173
-4.62424077
-3.04663042
-3.71853024
-3.04091398
-3.33519227
-3.84446884
-4.51468143
-3.29077309
-3.72787022
-3.96077781
-3.81825396
-4.45579852
-4.28146745
-3.64449166
-4.66040284
-4.34131454
-4.37900335
-4.32871855
-4.63968555
-4.36550345
-4.13396283
-4.64212982
-4.68833691
-4.68621667
-4.84293757
-4.64530210
-4.68406816
-5.04355908
