-11.90663926
-10.38323656
-10.99427863
-11.47593617
-8.28674722
-9.28984337
-10.47594750
-9.24283974
-10.56653147
-10.80718864
-11.38936158
-11.64800173
-11.53412535
-10.71552458
-10.79887251
-11.38683381
-10.68475500
-10.29987392
-10.56985679
-10.81412489
-10.82488454
-11.90811523
-11.41679640
-10.78542908
-11.19798632
-12.03969109
-11.66620560
-10.46922310
-11.16546365
-10.83296334
-11.79089143
-11.53011564
-11.66372275
-10.89142312
-10.72350457
-11.16519445
-10.64916415
-10.70160028
-9.87202673
-10.54140963
-7.77434409
-10.69868816
-10.24877748
-10.01770744
-10.69142883
-7.88324549
-8.10169003
-9.18865898
-9.33150898
-8.99898048
-10.72109645
-10.33075399
-10.39310695
-10.84232826
-11.93372445
-10.32753133
-10.65643097
-10.38002838
-12.32838623
-11.36802447
-10.38843646
-10.35678429
-11.38008787
-11.41926153
-11.51199261
-11.25191701
-10.49789043
-11.48420223
-9.52366961
-10.85447491
-11.02623054
-11.20435311
-9.98235016
-10.55085181
-11.47631109
-10.72009372
-11.54738541
-10.70427033
-11.12344136
-10.61845644
-11.35842188
-10.84782406
-11.53334232
-10.52286476
-10.45071488
-10.43014312
-10.34293817
-11.84702351
-11.58018925
-10.44654055
-11.09467847
-10.60827075
-11.70991616
-11.44817517
-11.45518622
-11.88938198
-11.58739723
-11.36950547
-10.88347309
-11.55569303
-9.40909739
-8.83582213
-9.71728173
-10.07849655
-9.14003658
-10.33921762
-8.92620892
-9.88560448
-8.47663844
-10.27767111
-8.52097533
-9.71120564
-9.03453073
-8.92558135
-9.12498113
-8.91094381
-9.50066825
-8.57498262
-8.69619776
-7.90426790
-8.73790543
-9.40925546
-10.00473692
-9.28278014
-9.49388378
-10.69497587
-8.31332738
-10.01532072
-9.89038854
-8.53608506
-9.33141002
-8.40316025
-10.03734406
-7.12209789
-8.41139814
-6.06906468
-7.71456169
-7.30987524
-7.90601348
-7.77056563
-7.27409382
-7.85669584
-9.74002058
-9.31934534
-9.25897846
-10.26156342
-9.13198622
-9.25097289
-9.63549180
-10.71722898
-9.23990302
-9.18205424
-10.85235124
-10.01922113
-10.03227125
-8.92941336
-10.73836434
-9.23260205
-9.20737681
-8.55231648
-10.08937242
-9.23424691
-9.22299956
-8.72916707
-9.33602691
-8.03093128
-8.13096749
-9.39860580
-8.54867007
-9.11826236
-9.19041214
-6.64927475
-6.64927475
-9.58386530
-8.26472272
-9.06071958
-9.09734708
-8.69097556
-8.88987102
-9.07105912
-9.21503173
-8.30219369
-10.08807086
-9.90170803
-8.17180061
-8.83058692
-8.48474753
-9.80437195
-8.64353060
-7.97939389
-9.56379929
-9.34602923
-9.99145455
-7.35565924
-6.99631513
-7.53948825
-6.84871920
-6.29122189
-5.95874195
-3.97162801
-6.41798615
-7.16868469
-6.27956109
-6.21735379
-6.43436608
-6.53390462
-7.05596082
-8.14540075
-7.50257894
-6.89209521
-7.65209425
-7.11026404
-6.69633483
-8.10710197
-7.79561753
-7.66136273
-7.56027864
-7.67471077
-8.07466574
-8.13714534
-5.78774655
-7.04050590
-7.25371627
-8.33989821
-8.36635463
-6.07373480
-3.89710332
-7.51446065
-8.19745919
-8.44500093
-7.80266222
-8.21473599
-7.02051697
-7.51842452
-7.67956481
-6.23266053
-5.51394917
-7.15150369
-6.71294667
-7.77721048
-7.07406793
-7.04660024
-7.06925998
-6.33706553
-7.33899185
-7.22095365
-7.27848224
-6.00068543
-5.88710792
-6.14745790
-5.76878484
-5.69855514
-7.67648608
-7.00646705
-7.90158913
-7.50234998
-8.40207225
-6.13459847
-6.61412876
-7.47426918
-6.66808122
-7.96330551
-7.47427948
-8.31689671
-8.08936478
-7.52556124
-8.19327901
-8.27133567
-8.23184603
-7.84204749
-7.79995912
-8.36969366
-7.10446284
-8.28579774
-8.31752815
-7.67253264
-7.84401553
-8.33831973
-7.87073940
-8.78490740
-8.41095725
-8.11855794
-7.76825561
-7.77754801
-8.15721705
-8.06511513
-7.58093685
-5.50206276
-5.14466342
-5.80052095
-5.49895020
-4.26749246
-5.69985314
-5.69577412
-7.61175521
-8.17606866
-8.30813641
-7.37248908
-8.19921316
-8.22324370
-11.39201371
-11.10285625
-11.12308656
-10.89616382
-11.34947928
-11.34927051
-12.48864423
-10.94950845
-11.67574342
-11.97638544
-12.48019522
-11.42665434
-11.13046145
-12.10715284
-12.57769814
-12.46933940
-11.12012123
-11.24865044
-11.35232614
-12.45132852
-11.68302668
-11.82725399
-11.59310933
-12.57578049
-7.22772798
-11.19603518
-11.26909308
-10.23648090
-11.10662223
-11.36013961
-11.22529917
-11.29037562
-12.11385286
-11.33455512
-11.52826317
-3.64737182
-10.95636473
-11.24232275
-12.20842897
-12.06613637
-12.39419430
-12.22215639
-9.05497207
-12.37245708
-8.76167289
-6.08975482
-6.84312902
-13.17441577
-12.36076317
-12.32541051
-12.75751870
-11.98391424
-11.27283747
-12.14566982
-11.84388389
-12.66551325
-11.76038228
-11.76038228
-11.81239905
-13.02142584
-10.76342569
-9.66424756
-12.57764084
-11.72581471
-13.02643839
-12.60138272
-11.64833469
-12.04574295
-11.21994674
-11.38829439
-9.92002407
-9.06166930
-11.21002496
-11.37653597
-11.61816061
-10.96767555
-11.14025795
-10.80535239
-12.07994699
-12.84618157
-10.39687134
-8.24176591
-11.57439175
-10.65449580
-10.94037077
-10.42047425
-12.35982387
-8.95449307
-10.78663429
-7.26161128
-12.70150391
-11.98760178
-12.11792877
-12.16407084
-13.39121084
-12.35783621
-12.03433166
-13.32788550
-12.11827033
-13.24542680
-4.29786893
-6.49274831
-7.00978110
-3.89898299
-8.71169345
-7.62584060
-8.35005715
-7.07769835
-7.71918341
-7.50481448
-7.64055688
-7.94543569
-7.89498874
-8.71931737
-3.69221586
-7.39322035
-7.09031472
-7.69984071
-7.29214764
-7.70494348
-7.25659669
-7.89289565
-7.64728308
-7.84016964
-6.47801096
-7.31517303
-7.42231021
-6.77724990
-7.95537956
-6.81878057
-6.84561913
-7.69434369
-6.38301845
-7.38107129
-7.41368517
-7.94104897
-6.08739348
-6.04338541
-6.00469138
-5.15010511
-6.77932415
-6.40263315
-5.04030002
-6.64069965
-6.36449266
-4.10667185
-4.56981349
-3.33621417
-7.14202052
-6.76213131
-2.09025208
-3.31153635
-4.12034513
-4.71710097
-7.33657072
-5.49917580
-7.79919915
-8.48975225
-7.77167134
-7.94191054
-8.55217252
-7.35465379
-7.61984510
-8.28665569
-7.01437197
-6.60829924
-5.42267634
-8.43400421
-8.50078733
-7.31243481
-7.63563214
-7.33143782
-7.73186620
-7.35094487
-7.51568378
-8.58037988
-6.92421743
-7.46986645
-7.83377348
-7.40541124
-7.44560926
-7.50756570
-7.02543421
-6.92910625
-7.08980040
-6.70707856
-7.17815972
-4.15742121
-6.51784296
-7.03017028
-4.97345843
-5.65897740
-4.48070763
-4.68655156
-5.57150177
-6.67043741
-6.69249598
-7.53977370
-6.80932289
-5.31957846
-14.54685149
-14.71765201
-13.71703665
-11.44505945
-13.39833246
-13.51320408
-13.50165930
-13.73958172
-14.14921089
-14.37483471
-14.02269174
-14.18828674
-14.66128059
-14.61734852
-14.85290257
-15.10046933
-14.87215792
-15.09374055
-14.78659144
-14.96191738
-15.14930325
-14.64166637
-14.89006416
-14.59837427
-14.68152666
-14.77360457
-14.76836653
-14.93759967
-14.36938283
-11.60051133
-13.66500836
-13.58780513
-11.75492716
-14.50763258
-14.31332088
-14.50610401
-14.41991605
-15.16446235
-14.54799537
-15.07766887
-14.31439648
-14.45446377
-15.35053532
-14.98133675
-14.80052275
-14.89783343
-14.77710592
-14.69283779
-14.51085984
-14.06797507
-14.48318908
-13.55440727
-14.50708236
-13.04027104
-13.99633711
-14.51761316
-14.48612086
-14.10730431
-14.56123650
-12.03515177
-11.47315494
-9.30342440
-9.62321346
-12.03103536
-12.68516435
-11.53314435
-13.96349123
-14.85625620
-14.86487340
-15.03865397
-15.27284945
-14.95577259
-15.07726107
-15.12590496
-14.55098687
-14.39071534
-14.96926077
-15.23103239
-14.07566415
-14.71861617
-13.26574702
-14.98346386
-14.81593743
-14.17398096
-15.46145339
-14.17137867
-15.80803518
-14.52747774
-15.20084980
-14.63969985
-15.11978691
-14.66478911
-15.88151493
-15.03120522
-15.80775255
-14.60493785
-15.15310244
-15.35041768
-14.76010833
-14.80941765
-9.90470179
-9.24846806
-9.90970584
-9.83216838
-9.71821216
-9.51511705
-9.00997205
-8.93248295
-9.14912136
-9.01746433
-9.28197354
-9.13940084
-7.54178071
-9.00418275
-9.09072571
-5.65251785
-7.48594125
-7.99841899
-5.62276481
-6.68861191
-8.93951291
-8.72569435
-10.01109171
-9.64934049
-10.03725563
-9.53311474
-9.95776933
-9.79335582
-9.98031966
-9.16317326
-10.54007074
-9.68498336
-10.16924003
-9.89066719
-9.10943974
-9.33634912
-9.50830959
-9.36333530
-9.32171529
-9.24033457
-9.30202382
-9.17827231
-9.34210039
-9.27979649
-10.11872233
-10.55179105
-9.73517038
-10.54723612
-9.80528352
-9.81213402
-9.59746077
-10.10492978
-9.73801221
-9.60141563
-10.23432615
-10.20722179
-9.99362927
-9.57208563
-10.22219754
-10.29576450
-9.57366357
-9.65366449
-9.99461617
-10.20326477
-10.46896312
-9.26639510
-10.16778328
-9.33991099
-10.00977392
-8.27834135
-8.64303437
-9.43958987
-8.51320283
-8.80609422
-9.92732214
-8.96236276
-9.10569553
-9.88979757
-8.93189485
-10.48926047
-9.42132163
-9.80546291
-8.92221176
-9.32313900
-9.35580158
-9.33481514
-9.94711262
-9.27070336
-9.84908885
-9.44945482
-9.29447487
-10.59976068
-9.68464595
-9.85907505
-10.44977822
-9.42296487
-9.85015200
-9.83730233
-9.42581022
-10.37761226
-5.50587167
-4.85880278
-5.01357417
-4.74069755
-5.10804415
-5.46164066
-5.08281777
-5.80199333
-6.09357635
-5.08981929
-5.35045004
-6.33461426
-5.43063092
-6.55311059
-5.85963142
-5.35039253
-5.62294188
-4.86546480
-5.55074766
-5.71864528
-5.41306038
-5.70318553
-5.59677472
-5.60216690
-5.84083887
-6.25501280
-5.71595648
-5.92907963
-5.85464255
-6.18809763
-6.09316366
-5.85229233
-6.65696486
-5.73566180
-6.01442149
-6.02189386
-5.77743091
-6.16473945
-6.50157493
-5.91615956
-6.29132435
-5.66145065
-5.95242422
-6.12783368
-5.76970097
-6.01168735
-6.01209505
-5.65387398
-5.57263595
-5.49369131
-5.49853111
-5.40230527
-5.79125930
-5.22800148
-5.06774234
-5.24299264
-5.38872284
-5.94255725
-5.96840048
-5.89178561
-5.72420758
-5.90967018
-5.99199349
-5.38341265
-5.40725051
-5.90617809
-5.99893397
-5.73269649
-6.27564311
-5.55525174
-5.79105081
-5.70087845
-5.47941702
-5.63032316
-5.73680451
-5.29908550
-5.52519436
-6.02249842
-6.03778478
-6.37838165
-6.26192197
-5.78727258
-6.12952272
-6.19012829
-6.11924607
-6.43557519
-6.18723637
-6.01654949
-5.92732820
-6.15014724
-5.52878651
-5.51307646
-5.66523684
-5.53071745
-5.68541671
-5.39539694
-5.32719198
-5.62679592
-5.93833985
-5.74838178
-3.73685633
-4.05410382
-3.93740173
-4.09136975
-4.09141947
-4.02352751
-4.23741769
-4.63048836
-4.78050037
-4.42307614
-4.62565877
-4.54645964
-4.48344089
-4.56537913
-4.52376801
-4.85438033
-3.79334790
-4.87342642
-4.88525817
-4.86355959
-4.94653798
-4.72149107
-4.36437171
-4.96359277
-4.93090907
-4.94016171
-3.86807053
-4.28655440
-4.35813275
-3.97968483
-3.94327670
-4.86853202
-4.36330616
-4.73510595
-4.84948379
-4.72903131
-4.18496069
-4.84723588
-4.00956515
-3.42817032
-4.46833684
-4.26788552
-4.36380704
-3.77515485
-4.40509928
-4.47359705
-4.19667653
-4.51887444
-4.38102315
-4.53593086
-4.31025413
-4.98847704
-4.18250098
-4.69879626
-4.65556980
-4.81801672
-4.65100779
-4.20499350
-4.85591773
-4.50917157
-4.92545153
-4.86664017
-4.92085242
-4.76723443
-4.44710159
-4.46684962
-4.66881770
-4.90313969
-4.99435583
-4.89395115
-4.79570166
-4.78046677
-5.34478435
-5.09561985
-4.26026802
-5.17328770
-4.49605722
-4.66437989
-4.74919321
-4.63961658
-4.27921584
-4.57890405
-4.64273270
-4.73990266
-4.68833856
-4.40300158
-4.50997543
-3.99075502
-4.15043942
-4.62271977
-5.06488568
-4.82116697
-4.75736823
-4.98713607
-4.18078156
-4.63890096
-4.80746170
-4.23687909
-4.63511841
-4.89644453
-8.91870792
-7.98963199
-8.28500142
-9.31675726
-8.73332645
-9.05631388
-10.54556391
-9.13945432
-8.26243840
-9.13792213
-9.34199302
-9.42921890
-9.82997091
-8.16557096
-8.74131259
-9.82063402
-9.29463657
-8.91215208
-8.89180144
-8.38633496
-9.52563914
-6.86280193
-8.28426379
-8.16015881
-8.30944564
-8.19197019
-7.83909103
-8.02383208
-8.17910480
-6.99293188
-7.54961882
-7.88833266
-7.37339744
-7.47069468
-7.57178458
-7.44806542
-6.09985367
-8.15327378
-7.90222724
-7.69945613
-8.37970517
-7.02500079
-8.72380214
-9.37826548
-10.97495205
-9.54330582
-8.44271902
-9.73837567
-10.89629817
-10.39300722
-10.45604853
-9.51765997
-8.21006456
-9.72234675
-8.70325371
-8.16325931
-8.36495754
-9.08411141
-7.74759754
-9.13674708
-8.88460958
-9.15623360
-9.18962098
-8.60847869
-8.51868704
-8.52532298
-8.37707043
-7.19475496
-8.64468717
-8.30275034
-8.64437758
-8.49370377
-5.51724078
-6.36388890
-7.48947589
-8.17270016
-8.46151610
-7.67572675
-8.10545771
-8.00536510
-7.70288122
-8.09880749
-8.16335708
-7.06288552
-5.65356736
-8.61145801
-7.15583828
-7.12102712
-7.42561096
-7.20643730
-9.73662516
-9.58231308
-9.29340595
-9.21334600
-9.29231786
-9.27326980
-9.62639360
-9.49027800
-9.33343504
-9.46495978
-4.49604872
-4.72807959
-5.30794114
-5.14301464
-4.76338704
-5.09400471
-6.20604749
-5.12625008
-5.60240206
-6.04834221
-6.88925624
-6.03031707
-5.57789680
-5.73345910
-5.91731393
-5.16774940
-6.19882438
-5.79635469
-3.49705841
-4.91581834
-5.38616420
-3.72386199
-3.31908700
-3.87643045
-3.08669380
-2.60758041
-4.38033419
-3.00929046
-3.63032489
-3.44707188
-2.66697935
-3.54010500
-2.70265580
-3.20719281
-2.95318008
-2.91039750
-2.76119484
-3.49418415
-2.46818132
-2.08173181
-1.23948423
-2.00388865
-2.32711020
-1.72267453
-2.21890208
-4.36686986
-4.05428569
-4.63264818
-5.18338160
-4.98667033
-6.05997208
-4.32316716
-4.22060117
-4.68845703
-4.95452232
-4.04633127
-2.74147054
-4.80888530
-3.73671793
-4.82433430
-4.75423649
-3.45497937
-3.96656934
-2.94452118
-3.16270968
-3.67939788
-3.90332873
-3.39902846
-3.00307612
-5.85354547
-3.65357658
-2.27855798
-2.47271211
-2.58995524
-2.38323209
-2.91930159
-2.18779971
-2.69187050
-3.21642807
-2.62535060
-2.81172133
-1.88682809
-2.28501277
-1.43663430
-1.91090668
-1.22091914
-1.18505384
-2.03292866
-6.30137784
-5.22864931
-5.33332419
-4.69084266
-4.61718377
-5.03688706
-5.83797510
-2.47214905
-2.57808533
-5.94250068
-6.07472672
-2.33506422
-7.25376727
-8.67505859
-8.42059702
-7.68919103
-8.04907842
-8.06649133
-7.65153002
-8.21955599
-8.41644821
-6.75857753
-6.55234399
-7.03758069
-6.87396947
-7.69572564
-7.84757654
-5.74704930
-3.66158875
-5.14689954
-5.22204854
-8.07606187
-4.19698946
-4.00415923
-5.97447291
-4.87642106
-5.97959942
-5.61237222
-5.73584039
-4.85993693
-4.73968461
-6.61474750
-5.85727437
-5.95056903
-6.12604040
-7.00721525
-7.19375055
-7.16550975
-7.06607129
-7.03322825
-6.92544090
-7.54794003
-6.95126589
-6.91594282
-7.85625464
-8.23992734
-7.36575725
-7.10846875
-8.03536338
-7.99153613
-8.04945761
-8.30161219
-7.45489986
-8.49139270
-8.16324332
-6.57069249
-7.58759647
-7.43146887
-7.35693342
-8.47549932
-8.07434348
-7.92209584
-7.56259327
-7.62627788
-6.61288487
-5.25302550
-6.79528896
-5.54791547
-6.89116145
-6.16225253
-5.52782873
-6.79935959
-6.82074015
-7.43641107
-5.86862957
-7.23262711
-5.88324183
-7.34902545
-7.43829226
-7.22127167
-7.24597445
-6.75852702
-7.62920328
-7.62237998
-7.10615052
-6.28534197
-7.55610050
-7.50394677
-7.16107877
-7.48639743
-7.63974716
-8.42162382
-7.67365496
-7.52938255
-7.97927209
-7.88669298
-7.45339902
-7.94561346
-8.03255566
-7.34606757
-3.52125754
-5.09428109
-5.84213001
-6.94983942
-6.26259950
-7.07808478
-5.47497338
-4.67677351
-4.50891180
-5.30173770
-5.02229452
-5.42572938
-6.38594338
-4.13871540
-5.94793411
-6.94277899
-7.12577372
-7.16739547
-5.27520829
-6.92619445
-6.09290649
-6.07566921
-5.82380295
-5.76566007
-6.82010566
-5.68219664
-6.84333281
-4.98729039
-6.17345729
-6.89112309
-6.12899147
-6.51952861
-5.35236690
-5.69101894
-7.12553166
-6.56424671
-7.11794633
-6.61776142
-5.09034672
-6.63214774
-6.34444077
-5.39046401
-7.19861868
-4.45856460
-7.09607991
-6.31632437
-7.13546734
-5.61792398
-0.08192461
-2.48705513
-2.03565655
-1.90551746
-2.38835598
-4.81412550
-6.42399882
-6.17772437
-6.12699081
-5.45759939
-5.63158136
-5.80520805
-6.58634003
-5.67306157
-6.84502760
-5.51813256
-6.08962770
-5.75148228
-5.91603736
-5.08903825
-4.83455617
-5.75128472
-5.10855755
-6.50354676
-3.44657969
-5.82933757
-5.61333041
-4.03168647
-3.95463992
-5.22216333
-4.97045275
-4.67170903
-0.49518350
-4.86386332
-5.06801868
-5.97356873
-5.67456911
-5.28076381
-5.29366650
-5.36538607
-6.46365463
-5.06679458
-0.28625275
-3.33772790
-7.07474876
-7.53015685
-6.08138296
-6.66388771
-5.61021865
-5.73906105
-5.75560737
-7.59465182
-6.33675032
-5.25501073
-8.99236372
-8.57265500
-8.49709932
-7.04015728
-8.01494610
-8.76817617
-8.37137993
-7.95017146
-8.01112188
-8.12611074
-7.95853686
-9.14795402
-8.12301221
-7.92491773
-8.48729973
-9.09848995
-8.70237845
-8.18320112
-7.76829058
-8.02779605
-7.46725132
-9.24446747
-8.49481160
-7.37611433
-8.43823045
-8.13436654
-8.14086296
-8.94545419
-7.72327434
-7.70736382
-7.99022895
-7.21743842
-9.41757063
-7.78193158
-8.45681005
-7.35932940
-6.74086915
-7.62606001
-6.41511573
-4.56533801
-4.56383724
-6.32869856
-6.45202827
-5.69705740
-6.03171936
-7.51668403
-7.76099430
-8.48967919
-7.86061450
-8.44612610
-9.01147764
-8.95054477
-9.27406420
-8.43649590
-7.83539918
-7.89476766
-7.83133647
-9.03238753
-8.42987002
-7.28399956
-8.42853110
-8.10302293
-8.00016341
-9.30603996
-7.72397708
-7.99395304
-8.98730784
-8.69557997
-8.51398228
-7.98844389
-9.38776764
-7.83764242
-7.82006639
-7.76306896
-7.86837957
-8.24111495
-9.21165567
-7.97014435
-6.38118514
-7.88491859
-8.02258627
-7.94197967
-8.08662981
-7.44811197
-7.64837012
-6.41351344
-7.77674148
-7.15904529
-7.02381262
-8.84960361
-8.64004251
-8.05031926
-8.22581171
-8.12113457
-8.31376163
-8.31629267
-8.37667514
-6.96682416
-8.48987527
-8.49870297
-15.74706834
-15.60403627
-15.58107944
-15.60350751
-15.53832511
-15.52393962
-16.79300772
-15.56519938
-15.32042141
-15.85584156
-16.21011359
-14.57214847
-15.20828446
-15.31435487
-15.23702777
-15.45200255
-15.15462745
-15.03808639
-15.08788113
-14.74549274
-13.47190602
-13.58751385
-13.02128916
-15.63010757
-13.58648217
-13.20793464
-13.04263633
-13.33779012
-13.57874415
-13.84709244
-13.64506764
-13.82418393
-15.22998778
-13.62072543
-14.95485662
-14.94598073
-13.72897758
-13.37600634
-14.84731637
-15.19787620
-15.54630075
-14.27366001
-14.33714651
-15.20253218
-15.26767625
-15.27119936
-14.30725646
-15.14635518
-14.74374797
-15.08321444
-13.66918264
-12.82092799
-13.58333351
-13.63126647
-13.19872174
-14.70979640
-13.46913296
-14.49383470
-13.16083608
-13.28721031
-13.12617564
-13.54674656
-12.62640571
-13.52006445
-12.95758239
-15.29154504
-15.56403683
-13.00807851
-13.91312159
-15.10911614
-14.21547891
-13.95100667
-15.64137666
-15.30879982
-15.51857585
-15.29412369
-15.88380478
-15.89804533
-15.71956758
-15.33714805
-15.20230889
-15.62274246
-13.55837621
-13.57890190
-14.95046392
-14.48602658
-14.52475553
-15.21237919
-14.37295859
-15.32060938
-15.26281736
-14.20915624
-14.94378933
-13.72451448
-14.34207045
-14.18503468
-15.44840551
-15.85797331
-15.27004132
-14.34233021
-10.88643539
-10.45016568
-10.34759327
-10.79427021
-10.71078413
-11.55478019
-11.48981597
-10.32121144
-11.20533284
-10.91558810
-10.87846519
-11.81129505
-10.34906967
-10.12812315
-10.10336896
-10.54125217
-9.64603363
-9.32014529
-9.62684468
-10.17429234
-9.61567338
-11.08512606
-11.11899169
-10.94017354
-10.43933104
-10.92113623
-10.32343055
-11.04831690
-11.86100563
-10.24378855
-10.36702567
-10.20133221
-10.87983239
-10.69083053
-12.13124349
-10.88749250
-10.93998096
-10.34024246
-10.83624785
-10.40705881
-10.57231290
-10.50448885
-10.61085934
-10.57544759
-11.12269415
-11.12332572
-10.47745589
-10.75455628
-10.28187988
-10.77166825
-11.13000035
-12.28775767
-10.91079790
-10.66451832
-10.98691821
-11.16976950
-10.50961520
-10.78839849
-8.95330873
-9.35764607
-8.63416576
-8.46216096
-9.13255647
-9.96686432
-8.83912204
-9.33036732
-10.21292014
-10.85704743
-10.50825141
-12.17561066
-10.74389510
-10.21507550
-11.36347161
-12.11535440
-10.80555963
-11.04889312
-10.90426048
-11.13794357
-10.63389001
-10.83758908
-10.19785712
-10.37739690
-10.57094279
-10.48407657
-10.92649778
-11.00871803
-11.64172292
-10.86356255
-10.13699295
-11.05213579
-10.12941464
-11.44242174
-10.30793591
-10.97676242
-10.60890230
-11.15808966
-11.12142530
-10.68098719
-10.83556184
-11.03811777
-8.29882400
-8.83223845
-8.23430620
-9.36327103
-8.94494694
-8.63049354
-8.86745365
-9.16204436
-8.74718614
-8.54656793
-8.25874693
-7.62629797
-9.49502861
-9.46107504
-8.67028100
-8.05616656
-8.59779554
-8.25719931
-8.24886292
-8.43197921
-8.02128595
-6.36338593
-8.31998431
-8.58936189
-8.24938817
-9.05784901
-8.07409610
-8.69748573
-8.33300440
-7.57399604
-7.93613940
-7.99601458
-8.65666273
-8.65777233
-8.43557902
-8.59974672
-8.79460108
-8.54829378
-9.27187678
-9.43782965
-9.01080239
-8.85292343
-8.57209482
-8.38694888
-9.76061875
-9.03709192
-9.28136012
-8.51991362
-8.44367726
-9.04368694
-8.83709468
-8.43980630
-8.63164116
-8.86748127
-9.32256755
-9.44536347
-8.64824909
-8.72282874
-8.90468124
-7.10061377
-7.70966295
-5.68775361
-5.91703447
-6.47730176
-7.22944413
-5.47094824
-8.67286423
-8.30663275
-8.88464856
-8.42325652
-7.85961792
-8.17056776
-8.43123409
-8.92727340
-8.30464132
-8.17461140
-9.32140038
-8.80575362
-9.08952721
-8.57490853
-9.20524057
-8.69354919
-8.42033629
-8.71635893
-9.06619077
-8.88915108
-8.40409386
-8.69850028
-8.57990447
-8.69460566
-9.18276652
-8.45706975
-8.48605041
-9.29474736
-7.98526846
-8.79098319
-8.73431306
-8.86329385
-9.24763414
-9.34124887
-15.57801629
-15.51020868
-15.49345359
-15.50575297
-15.49352880
-15.44240488
-15.45287605
-15.65838143
-15.49038869
-15.71023659
-15.16160631
-15.11631276
-15.19387799
-14.84208937
-15.01844483
-15.51988801
-15.11371618
-16.80647141
-16.79193672
-15.68480569
-15.21090013
-16.91512011
-15.33196433
-15.65341250
-15.47881683
-15.40215921
-15.57989635
-15.66032268
-15.49249248
-15.70097011
-15.06492533
-13.98561845
-12.60827229
-16.09105889
-14.51845942
-15.55621847
-14.61346424
-14.93773255
-14.84342228
-13.37125356
-14.23626165
-14.54063174
-12.02790110
-11.44347772
-11.86660151
-11.37446778
-11.22563065
-12.78063162
-13.99534730
-12.66168521
-13.07429699
-17.08572968
-15.61945412
-16.66741814
-15.47005788
-16.61716694
-15.44186244
-15.08391878
-15.13069597
-15.17222161
-15.43850736
-14.90306870
-14.84643472
-15.01184177
-14.94577384
-14.79542353
-16.49450484
-15.20052490
-16.52231369
-16.67646135
-14.73483746
-15.56908092
-15.20735978
-15.51204617
-15.62326370
-15.54949669
-15.62073270
-15.62265290
-15.65425389
-15.57711708
-13.36488938
-15.19893466
-13.61507968
-14.85384756
-14.97397916
-16.41509916
-14.66162819
-15.05879938
-15.08596639
-14.54242901
-15.56870998
-13.95027783
-13.13886463
-14.01155329
-14.26802526
-13.33510101
-13.07485343
-12.83114955
-14.86782413
-14.85985607
-5.19371987
-5.10202688
-6.11463860
-4.99473942
-5.57039206
-4.34083630
-5.66145451
-4.97912433
-5.69239891
-5.61137175
-5.71410449
-5.70591208
-5.99271299
-6.21747588
-4.84944826
-4.33134171
-3.29667219
-3.89939079
-4.00948648
-2.61712474
-4.40073940
-5.68940324
-4.02139109
-4.26932430
-5.88656570
-6.04556779
-5.97674720
-5.80507849
-5.64433887
-4.99181648
-5.36911816
-5.23405182
-5.67158862
-5.73909911
-4.36560070
-5.58424129
-5.85614664
-6.44087684
-6.27740466
-5.83714895
-6.26498131
-6.22841490
-5.78748841
-6.71581991
-6.16052148
-6.20258982
-5.07338949
-6.00105129
-5.93419464
-6.01227053
-6.37083029
-5.52519910
-5.75364399
-6.41860818
-5.71036886
-5.46019091
-5.85225958
-5.98957588
-5.92068735
-6.32517500
-6.67241913
-5.95399166
-5.69305110
-6.00576575
-5.73972077
-6.14484864
-4.70940082
-3.55619042
-3.73383727
-3.84424273
-4.62619656
-3.27312939
-3.65557674
-4.50214123
-4.44244750
-4.83923729
-5.10924277
-5.53320783
-4.60083110
-5.83436654
-5.80055860
-6.06760024
-5.13922732
-5.59668213
-5.27027896
-6.51259151
-5.54057207
-5.43017736
-5.28720212
-5.49920114
-4.65483194
-5.41283894
-5.22921676
-5.93203584
-6.22425799
-6.77889907
-6.31931059
-5.35781037
-5.06997136
-5.13814810
-11.10954309
-11.00654853
-10.40754239
-10.01792662
-9.58415020
-10.58360540
-9.30728159
-9.48387893
-10.90965018
-9.43577678
-9.95462214
-10.46076580
-9.92485837
-10.46073414
-10.05822881
-10.44500748
-9.93203939
-10.71207911
-10.92658372
-9.74409228
-10.29603210
-9.89869927
-11.92668130
-9.62790923
-9.48789239
-9.41997636
-9.50064751
-10.02095698
-9.98984636
-9.91705563
-9.81605659
-4.83234910
-6.34249421
-5.85248443
-7.18224150
-6.33078747
-7.27748424
-6.38462939
-10.20588274
-10.25370101
-10.87955073
-10.63228136
-10.65774700
-10.15663647
-10.71716139
-10.08294170
-10.25491530
-10.97850723
-10.29100061
-10.63880121
-10.85303622
-11.07557455
-10.66902950
-10.80702207
-10.02530017
-11.00096938
-10.14629088
-10.98561907
-11.04256454
-10.27771628
-10.86282677
-10.44217583
-10.52821040
-10.45408125
-10.60392562
-10.65972574
-10.29576454
-9.95301884
-10.28785179
-9.79766712
-10.05506858
-10.26265000
-10.94567000
-10.45297449
-10.75952954
-9.38055304
-9.58481370
-6.47803793
-7.50784443
-6.89828364
-9.26320935
-8.96180271
-8.63728344
-9.40768701
-10.06245115
-9.76503656
-10.39341951
-10.51856797
-10.72428118
-9.97751015
-9.95420107
-10.56495008
-10.61101295
-10.52408798
-10.57957617
-10.65069052
-10.52756789
-11.23464825
-10.77575636
-9.49094993
-8.96875948
-9.66472852
-9.07013941
-8.84495810
-9.53104433
-10.57564625
-8.91276641
-3.55763794
-7.21879663
-7.42461437
-8.85338041
-9.71729616
-8.32455220
-9.71044638
-9.69819006
-10.24076101
-9.78169950
-10.07915336
-9.86886967
-9.17013413
-9.23704492
-10.77013139
-2.45048235
-1.49225893
-7.95377085
-9.51811636
-8.37700803
-8.04359309
-7.65980394
-9.23656412
-9.59052164
-9.20847164
-9.21130188
-9.25473918
-9.37175428
-9.15390925
-9.77804625
-9.05917870
-10.76019897
-8.45007607
-8.26885110
-8.41127145
-8.49502164
-8.63264734
-9.81753682
-8.25780764
-7.89035531
-7.61024050
-7.72673762
-7.62372324
-7.03741937
-7.76484506
-7.82459216
-7.77844812
-7.88879204
-3.98265368
-4.96254083
-5.52065889
-2.98094333
-10.00800348
-10.00656634
-4.68421755
-3.40694481
-3.93521235
-4.88649774
-4.50391865
-5.35333546
-3.75915167
-1.96253992
-2.00472578
-3.54955608
-11.08619540
-9.60187334
-9.06699010
-9.35727436
-9.19246755
-9.39588328
-9.09212428
-9.50509997
-9.40367419
-9.88540077
-9.28673923
-9.07411835
-9.33588510
-9.20304202
-9.34394570
-9.34832644
-8.28842215
-7.57573141
-8.07228479
-7.89772575
-7.61872974
-5.87803151
-6.20245969
-6.20328168
-6.54536077
-6.63276290
-7.67442579
-7.82231818
-8.42291642
-2.81634415
-2.01345525
-2.82298690
-1.98499335
-2.87477177
-0.59306416
-2.14343906
-2.51310118
0.77925881
-1.86924612
-2.23693903
-1.39529626
-1.19677738
-0.85160162
-0.70543842
-1.01480717
0.06601830
-1.96942885
-2.70553516
-1.98220113
-2.05714167
-1.50782262
-2.28036864
-1.62063846
-0.90936162
-2.60645753
-1.49965828
-1.83595048
-2.32486998
-1.96580582
-2.14040259
-1.38051673
-1.94687727
-1.88814312
-2.32135561
-1.87716393
-2.22818950
-1.74670269
-2.27661969
-1.85373274
-2.03149762
-2.83307153
-3.47466520
-2.42297394
-2.70634808
-2.44481299
-2.93721024
-2.14395257
-2.60339564
-1.94253360
-2.16081971
-3.11604021
-0.25385152
-1.96474770
-1.82389070
-2.19604473
-0.51987449
-1.15526150
-1.57941601
-2.00705520
-2.46851094
-3.30536592
-3.40824673
-2.81876929
-2.46824216
-2.13859295
-2.55399998
-2.38445730
-2.01994181
-2.39093834
-2.45626494
-0.94966981
-2.37269610
-2.11385109
-2.19490716
-2.54233961
-1.63471485
-1.53279188
-2.15869502
-2.06007138
-1.95436968
-1.92808807
-1.20092179
-2.89563999
-1.11939231
-2.76306106
-2.72916359
-2.91507275
-2.41561419
-2.81915167
-2.58530012
-2.15178033
-1.64224501
-2.70621692
-1.48393230
-2.15258069
-1.84101982
-3.57761106
-2.92065629
-2.79048042
-5.02582127
-5.83042108
-4.71440131
-3.98934290
-5.28674800
-4.72577115
-4.69514330
-4.00275620
-5.11478349
-4.90966775
-4.60649362
-5.47516351
-5.62546883
-6.84597842
-5.15446964
-5.03884378
-4.51341387
-4.44825033
-4.67972536
-5.43950151
-4.65299174
-4.98385672
-4.67005462
-5.61927772
-5.32328614
-4.48474300
-5.98879917
-4.34214497
-4.44703345
-5.41655620
-5.97489318
-5.54367944
-5.36787599
-3.13735435
-2.36483451
-3.08227495
-3.68712552
-3.81366845
-1.55672130
-3.08389049
-3.07736256
-4.36001387
-5.11735117
-5.07204752
-5.56947537
-5.40912651
-3.89549878
-4.74012835
-3.67277478
-3.71431277
-4.11350269
-4.26296023
-4.62527829
-4.77103338
-4.93261505
-5.05040088
-2.21837497
-5.60595574
-5.02339732
-5.51395207
-5.38094710
-3.80950261
-5.45293046
-4.45943983
-4.80695332
-4.46540369
-4.65496053
-4.49122686
-5.03062440
-5.55357093
-5.65247872
-3.60268829
-4.19787534
-5.28101391
-4.09072119
-3.93259810
-4.51430013
-4.46955956
-2.68761694
-4.44591494
-4.64407916
-4.47654444
-4.78893779
-3.57180927
-2.83293123
-5.79143819
-5.44947632
-4.72929769
-4.94875788
-3.79116029
-4.41887030
-4.17550680
-3.59718481
-3.72056911
-3.61844578
-4.40264596
-4.57437762
-3.98412707
-3.81279903
-3.53058199
-8.50946479
-8.18209176
-8.03312974
-6.51174125
-6.92282358
-8.87418699
-8.64770027
-8.92415711
-8.73327062
-9.28198518
-8.75324781
-8.56332032
-9.14300502
-8.95769171
-8.89030839
-7.29969005
-9.04191282
-8.84915596
-9.55320350
-9.92791555
-8.76119590
-9.64675455
-9.87712748
-9.96442112
-9.32526024
-9.94099591
-9.88363423
-10.05328991
-9.84407323
-9.28041365
-10.09516289
-9.75133475
-8.31265866
-10.17123249
-8.43376504
-9.88269765
-10.20973788
-9.00546814
-10.32591126
-9.82695144
-9.75754442
-9.52323272
-9.19882883
-9.82737143
-9.24889146
-10.00782489
-9.06832257
-8.40203261
-9.56378325
-10.33469784
-9.42843067
-10.28054496
-8.59065784
-9.57192952
-9.11429654
-10.10274749
-8.29624941
-8.08360928
-9.32999958
-9.05158672
-8.42074560
-9.04371407
-9.12318062
-8.16557485
-10.27101169
-8.18180400
-8.85554522
-8.97145427
-7.83720325
-8.86582972
-9.02844061
-8.76793448
-9.81662788
-8.72119854
-8.01935021
-8.90937553
-8.71702791
-9.38838060
-9.18429375
-8.85992855
-8.82612841
-8.99866021
-10.15787335
-7.25819901
-8.49678072
-9.85907500
-10.00684775
-7.95713792
-8.87826669
-9.82183261
-8.65922808
-8.72006575
-8.81146262
-10.00645136
-8.20781939
-9.35385768
-9.39652280
-9.98929243
-8.76451498
-6.83587535
-3.67482938
-2.02482912
-5.77847257
-4.29105521
-4.24738788
-2.78032026
-4.44343927
-4.00299363
-4.74843612
-4.34590374
-3.71658580
-5.75214466
-4.49603775
-6.00660136
-5.98896733
-5.98078599
-5.84377410
-6.08433663
-5.98452360
-6.15526590
-6.19086940
-6.18843453
-6.11253630
-6.12860589
-6.14630503
-6.27173354
-6.26997040
-6.11297154
-6.32385608
-6.09886142
-6.18883584
-6.24482559
-6.08444935
-6.24471001
-6.18353320
-6.82122424
-6.33576285
-6.24364972
-6.23935067
-6.24696222
-6.33285066
-6.42386794
-6.36567293
-6.42348208
-6.29681425
-6.21487002
-6.36003680
-6.35916985
-6.07713499
-6.24420498
-6.42158065
-6.19327924
-5.65832006
-6.15606970
-6.12452874
-3.37301220
-3.41154519
-3.00968795
-5.93937429
-5.79063388
-5.21159471
-5.36613978
-5.82197770
-4.60773951
-4.56626039
-5.11477778
-4.96567395
-4.89116784
-3.29898048
-2.93789128
-0.73629558
-6.27439496
-6.21384357
-6.05626915
-5.91227585
-5.97636895
-6.24229351
-6.11209395
-5.88832751
-6.02693354
-3.41033736
-6.23568464
-6.51121687
-6.23764313
-6.20757547
-6.17494434
-6.24268659
-6.36210458
-5.86353931
-6.21616504
-6.18213292
-6.12471933
-6.24659914
-6.36478493
-6.33781444
-6.05802499
-6.18375779
-6.12331386
-6.73408324
-2.02937179
-3.93682438
-4.20942478
-3.44669011
-4.32452337
-3.89820890
-4.89355946
-3.79297640
-4.35673584
-3.57885830
-4.02120200
-4.97439338
-4.62421379
-3.55385773
-3.95051057
-4.98694544
-3.68321082
-4.17831819
-4.85320415
-3.92324423
-3.92988622
-4.13052755
-4.79836144
-5.23993245
-5.48036771
-5.14484615
-5.34306098
-5.38574631
-5.30134609
-5.33627155
-4.87836786
-4.61732491
-4.20244452
-4.38503296
-5.16146903
-4.04625261
-2.38212228
-3.73626327
-1.27569140
-1.20325930
-2.71896505
-2.22841915
0.32548941
-3.93913676
-5.21599218
-4.42149038
-3.93240877
-4.50158620
-3.47180337
-3.86327358
-3.45435308
-2.43216473
-3.43264023
-3.57077014
-5.01349365
-3.52311575
-3.78719816
-3.75882795
-4.71717183
-4.46820481
-4.10926077
-4.75801264
-4.83514737
-5.23176114
-4.31569433
-5.23055224
-3.55381064
-3.66743492
-3.79628041
-4.82890473
-5.29228942
-4.41482052
-4.04020072
-3.25320143
-3.73927927
-2.88913593
-4.77689331
-5.06714406
-5.25875835
-4.72548152
-5.44893611
-4.39771552
-4.85977531
-4.53472729
-5.09455190
-4.68852981
-4.81316654
-4.08595038
-4.36389740
-3.59454914
-4.35544789
-2.44273547
-2.92017135
-2.23613700
-3.79479868
-2.45646694
-2.75250401
-3.14048784
-3.29163992
-4.84788180
-4.23029243
