1.55673903
0.70816111
1.09170322
0.77798724
0.26734183
-0.58350338
2.95919968
1.30336249
0.02704541
0.64739088
2.22851025
0.85269413
0.15701731
0.87010054
2.84194399
0.62215725
0.54109151
0.86393718
0.71834127
1.89768938
1.06495605
1.57920208
0.02358987
0.22305621
-0.06487292
-0.29338758
0.67270820
0.24454146
1.33993436
-0.06848374
1.09089620
1.30823726
4.19268061
4.07986293
2.54765166
2.55893393
1.47390077
0.56197404
1.40215808
0.77928193
1.20225173
1.40244855
0.64933728
-0.24506536
-0.34920837
0.48281099
0.26690327
0.24595056
-0.79055324
0.86654533
-0.39345821
0.31287666
-0.72574033
0.94675201
0.23888816
-0.21221103
1.53283940
0.42018201
-0.52141496
-0.09070686
0.55334151
0.15689343
0.90934962
0.48614682
1.87856716
-0.40207068
0.13288695
0.93911874
0.39485702
0.25756782
0.27282589
1.57425887
0.38693371
0.74798586
0.38872872
0.31374710
-0.29583153
0.45267441
-0.33740717
0.59481254
0.05203374
0.13371665
-0.83637947
0.59838716
1.25755160
0.75858437
0.92754163
0.70912386
2.16891817
0.19979941
1.35698515
1.22585374
1.94037133
0.84276808
-0.26267474
1.61425307
1.49263170
0.15443720
-0.26621902
1.16172794
-7.29795193
-6.75617323
-7.21731607
-7.53697978
-7.26142290
-7.20304903
-7.66180675
-6.92080093
-7.71650326
-7.25335734
-7.41075454
-6.92795512
-7.35449441
-7.62171283
-7.34225497
-7.24162284
-7.65688095
-7.12089096
-6.72420742
-5.45478404
-6.24672273
-6.39174975
-6.43770879
-6.28903345
-7.03621870
-6.84655177
-7.74090204
-6.57618827
-6.77710489
-6.49902085
-6.84398759
-8.15544379
-7.17581462
-6.92272392
-7.09820407
-7.53707074
-7.19333313
-7.70076173
-7.67383310
-7.49644323
-7.55959918
-7.44747821
-7.30087157
-8.09948160
-7.41595363
-7.55961886
-7.34309346
-7.31237267
-7.38752759
-7.34089529
-7.53640098
-7.30817019
-7.51497852
-7.53895930
-7.42307004
-7.10193763
-8.46208502
-7.58121292
-7.42647803
-7.02303063
-7.25848380
-7.21337119
-7.11640099
-7.15523203
-7.19146427
-7.15096475
-7.90573068
-6.56609212
-7.82156315
-7.01275677
-7.47210798
-7.00081992
-7.31933940
-6.86998131
-7.12105544
-7.30348753
-7.12653282
-7.27497454
-7.11644250
-6.15285815
-6.41144925
-7.57762798
-6.62141094
-5.99679262
-6.90569606
-6.72104181
-7.41771600
-7.65614196
-7.02779461
-7.71736636
-7.10695883
-7.04454605
-7.53557355
-7.66497061
-7.47024377
-7.24757904
-7.56872220
-7.62608217
-7.88715634
-7.41209631
-5.80920713
-6.27997619
-6.94270056
-5.47697830
-5.89075314
-5.87709711
-6.16081223
-5.74289427
-6.11748322
-5.45724099
-4.85274403
-5.78645377
-5.00375298
-5.34943177
-5.33164398
-5.64102837
-4.74835794
-6.30634582
-5.30618064
-6.45355399
-5.57029166
-6.26659371
-5.18490877
-5.25029750
-4.39507547
-5.17107152
-5.37637996
-5.41752930
-3.55530494
-5.06284017
-5.33434634
-5.04084352
-6.41166830
-5.22230989
-5.02056729
-5.19086656
-5.10885420
-5.46381503
-5.16247271
-5.97048415
-4.95077264
-5.16254515
-5.62293401
-5.02917472
-5.37846562
-4.60713965
-4.88874174
-5.49263908
-5.22794912
-6.58901560
-5.98328199
-5.36548363
-5.45315173
-5.63351038
-5.35293208
-6.18312677
-6.39456726
-5.98731503
-5.80293889
-5.72818200
-5.46179314
-6.41763853
-5.21550200
-5.44784128
-6.16978556
-6.69144151
-6.15502054
-6.19919661
-6.16089579
-6.32416006
-6.28981433
-5.82632888
-6.12817560
-5.16876951
-6.78627707
-6.47911697
-6.42908265
-5.54168104
-5.80742784
-6.08265384
-5.88914397
-6.86040948
-6.46916008
-6.16167968
-6.03588282
-6.54600316
-5.85192570
-6.23943839
-6.45306369
-5.92306162
-4.97926975
-5.85789712
-6.01652462
-6.08420044
-6.08601937
-6.16201028
-6.13634679
-5.60987900
-5.74323628
-6.71750828
-3.48475939
-3.46647242
-6.23164672
-3.82519860
-3.89024536
-3.92210167
-3.93884692
-4.10435516
-3.88240196
-5.59964286
-5.51637133
-5.49648376
-5.52591671
-5.79146729
-4.86206067
-5.57888681
-4.70794399
-5.68720232
-4.34731236
-5.70688353
-5.72055506
-3.88245402
-5.52333315
-7.10712467
-5.34225442
-5.64590782
-5.88951953
-5.84664606
-5.82137057
-4.34513729
-4.43028229
-3.96071546
-4.09255933
-4.33968902
-4.48952364
-7.31927502
-6.24263290
-6.11480211
-6.78815780
-6.47650885
-4.43899785
-4.18262935
0.37838918
-3.71495710
-0.94568965
-0.81356122
-0.28695010
-3.25331070
-3.74036152
-3.75316764
-3.56276454
-4.33461772
-5.45674876
-4.17049543
-4.19375452
-4.05952476
-4.31809286
-5.63578180
-4.57734027
-4.48318050
-2.86012607
-3.38171934
-3.46246278
-5.33988469
-5.51118412
-5.72692266
-4.77764812
-5.53478984
-5.96932878
-4.48171184
-4.59661702
-4.95440150
-7.07669251
-5.99804739
-4.35425590
-4.27718377
-4.29548027
-4.09669211
-6.01186818
-4.16574633
-4.02504758
-5.70084781
-6.10908731
-5.58046159
-4.35987529
-4.43392421
-4.21394309
-4.29391961
-4.27827979
-6.02487411
-4.48859385
-5.78149919
-3.85058960
-3.78088576
-3.81056673
-3.63361912
-3.73684318
-3.49890316
-3.34830836
-3.48081828
-3.55626034
-3.32030791
-3.55102095
-3.29131724
-4.05744522
-3.20377367
-4.23399604
-3.28550392
-3.51596002
-3.25558377
-3.51749440
-4.69461147
-3.15508548
-3.19605324
-2.97577611
-3.27948924
-3.01858323
-3.41971207
-3.04756681
-3.84635612
-3.88375096
-3.49289031
-3.28135580
-3.00653851
-3.52756136
-3.45918188
-3.65059825
-3.48283220
-3.32262797
-3.06032296
-2.15100773
-2.80688925
-3.05150295
-2.77249745
-2.67793686
-3.19893161
-2.63515530
-2.93377969
-2.92452936
-2.88078994
-3.31163776
-3.21637506
-3.09209502
-2.61543156
-3.46063948
-2.31296418
-2.72080660
-3.00160974
-3.20810771
-3.18618411
-3.03814580
-3.33618931
-3.64519289
-3.23065109
-3.28000778
-2.68257882
-3.31319424
-3.27675962
-3.35593573
-3.50839677
-3.36585742
-2.95781821
-2.87362044
-2.92973065
-3.10095411
-3.72082920
-2.45671899
-2.68223133
-3.83115445
-2.72066671
-3.35572164
-2.98772014
-3.05924458
-4.06922047
-3.55864187
-3.33138596
-4.00824490
-3.09414709
-3.82212870
-3.21452980
-1.29169220
-2.35210611
-2.29706337
-1.92747324
-1.70995349
-2.78005688
-2.02457911
-1.79034621
-2.53641967
-2.47071172
-1.55391609
-3.46098716
-3.07902929
-3.21756196
-3.00096284
-3.00856126
-2.62104775
-3.11435574
-2.25235699
-2.96277204
-8.97800483
-8.81817166
-8.64191588
-8.91560718
-8.76572672
-8.87376659
-9.87256266
-8.68536610
-8.58864646
-9.08979770
-8.90990141
-9.66697056
-9.15016008
-9.19227994
-8.63557523
-8.40609218
-8.42537311
-8.52116343
-8.28939437
-8.69075972
-8.11818279
-9.03651483
-8.75699215
-8.46790126
-8.73486274
-8.35460196
-8.45163539
-8.62229303
-8.68209103
-8.63175476
-8.55648208
-8.56358529
-8.41890831
-8.66487128
-8.59327708
-8.38089124
-8.32200745
-8.69850436
-8.60835606
-8.88575201
-8.80590887
-8.74823780
-8.68209975
-8.62258214
-8.54855280
-8.87910912
-9.05113595
-8.69580925
-8.59377329
-9.02653600
-9.43876599
-8.61844609
-8.96222964
-8.56226899
-8.77561232
-9.28471263
-9.20344856
-9.29386079
-8.83163744
-9.13522554
-8.71046551
-8.68013894
-8.72156216
-8.66604647
-8.33063521
-8.54954737
-7.93226227
-8.72482100
-6.80544150
-6.28155550
-6.38923679
-6.47166868
-6.74025268
-9.29156445
-8.75323291
-8.74523546
-8.97598386
-8.12551415
-8.61652975
-8.41510467
-8.55514823
-8.22778892
-8.60395636
-8.57503483
-8.58302069
-8.22699096
-9.05011976
-9.04688250
-9.22986732
-8.76548694
-8.81380813
-8.48763211
-8.72407942
-8.52427697
-8.37503378
-8.62928592
-8.96563672
-8.53484355
-9.00478214
-8.34827026
-5.12571061
-5.08134325
-5.04028418
-4.80166067
-4.93160407
-4.79870881
-4.92350353
-6.81348742
-4.86319424
-5.03124153
-5.81091586
-2.36547141
-2.25921232
-3.16408436
-4.81471923
-3.21455786
-4.83876525
-3.58307755
-4.92328319
-4.88725594
-4.12165093
-4.13530193
-3.69972857
-4.71915386
-5.86248724
-5.57527690
-5.13378575
-5.10309945
-5.04869396
-5.08481633
-5.10573903
-5.05874062
-2.24407885
-2.35858349
-4.75983117
-4.86323015
-4.84619613
-5.12589776
-5.63258500
-6.84603523
-4.93427787
-5.04319476
-4.90043041
-5.00005405
-5.48810118
-4.85991245
-4.56084393
-4.88409639
-4.94922014
-4.82275655
-4.95498382
-5.08867153
-3.84585597
-4.30642835
-6.68821651
-6.13193186
-5.24607975
-5.17685237
-3.08985430
-5.28192750
-5.03369154
-5.18979317
-5.51467784
-5.37779223
-5.44214399
-5.81001662
-4.71093313
-4.83201244
-4.98353546
-4.47250226
-4.69856273
-4.57795018
-4.59090483
-4.54886032
-3.87024096
-4.19601242
-4.69069839
-4.13614638
-4.31707302
-5.57630962
-5.20052366
-5.10719837
-4.91784956
-4.98847792
-5.05110275
-4.85356501
-6.07583723
-4.86648116
-5.16037087
-5.10804394
-4.30103145
-5.06251216
-4.92423451
-4.93643201
-4.57145215
-4.62614272
-4.92330984
-4.26632064
-4.67068288
-4.70736760
-4.34455438
-3.70725840
-4.44956343
-4.25084984
-4.20229175
-4.59409706
-4.06932904
-4.03198639
-3.67840856
-4.67315929
-2.33876817
-4.58523337
-4.06123914
-4.55863182
-3.44053109
-4.52349520
-4.28192866
-4.42255166
-4.40184452
-4.56290748
-4.26309157
-4.45778313
-4.14250434
-4.08602609
-3.07074235
-3.63728562
-4.37168343
-2.51987874
-3.88023057
-4.21308741
-3.30089634
-3.81751241
-2.94051060
-3.26801446
-2.63502081
-2.56665182
-2.19469048
-2.31450100
-1.91160764
-3.23595107
-4.12990486
-4.01032396
-3.63999318
-3.89656170
-4.29779577
-4.44030512
-4.02930574
-4.60976094
-4.30297231
-4.59493362
-4.98486028
-4.01633800
-4.85725873
-4.73968053
-4.26995345
-4.31303874
-4.35270158
-4.22742386
-4.41094755
-4.52859348
-4.89630232
-4.25227145
-4.36490809
-4.78172864
-0.14642221
-1.75061692
-4.31410548
-3.44806862
-4.15217906
-4.88251520
-4.57401308
-4.20004712
-4.26325487
-3.72123635
-4.46214656
-3.29436609
-3.89095771
-3.88037994
-3.07578164
-3.84870602
-3.93420579
-3.45866991
-2.55774052
-0.25343161
-1.60627184
-0.33217449
-3.41050172
-2.50274095
-3.05443561
-4.33672570
-4.52775645
-4.31605679
-3.46945466
-4.13612097
-3.18680186
-4.47717471
-3.13499906
-4.24207873
-4.65338926
-4.61539273
-3.58936780
-3.20865281
-3.54353434
-1.69308116
-2.33637625
-2.42879917
-1.39155236
-2.18470897
-2.13036670
-2.13797000
-2.20002562
-2.99776654
-3.80818762
-3.28508396
-3.72856580
-3.42723365
-3.32979220
-3.41236739
-3.16755137
-2.85437264
-3.36644030
-3.17651967
-3.40717615
-3.00784944
-3.34074637
-4.42143441
-3.60782556
-3.46720879
-3.37409811
-3.99191933
-3.64677719
-2.91933985
-3.03025248
-2.75422527
-2.79238447
-3.30818014
-2.08761475
-2.52437564
-3.43160556
-3.23066106
-3.01471037
-3.67269908
-4.04432385
-3.27879420
-3.34447861
-3.57864676
-1.85516955
-2.19529424
-3.51898616
-3.77045576
-3.62519503
-3.32133549
-3.76711293
-3.23614668
-3.42668973
-3.80873985
-2.72799414
-3.39792097
-3.62903356
-2.89558430
-3.72839434
1.63484184
0.37190568
-2.00938727
-1.86421153
-3.50062206
-2.36161937
-2.60483179
-2.25685979
-3.11771583
-3.75623359
-3.92651981
-3.74012338
-1.26117533
-3.26226907
-3.35773138
-3.59369137
-3.97769990
-2.55490143
-3.22751515
-3.51142404
-3.65924874
-3.23981999
-3.97438544
-3.15363598
-3.48658222
-4.28087454
-3.75909209
-3.07658472
-3.84696629
-3.88251074
-3.48173460
-3.03007647
-4.45838382
-1.67072465
-2.78430710
-3.10711639
-2.94963005
-2.76169807
-3.42424219
-3.55154455
-1.91034073
-2.58362420
-4.03454344
-2.33128153
-2.67027327
-2.34640198
-2.31493479
-3.44918258
-3.12453541
-3.14080807
-3.64553508
-3.81439710
-3.91866965
-3.67927980
-3.27368372
-3.60894058
-2.99310729
-3.72609186
-3.64469265
-3.84675168
-2.79509403
-4.34057207
-4.12339845
-5.10924011
-4.15611756
-3.75383015
-4.45914163
-2.85204454
-3.58640505
-2.76905277
-3.71683741
-2.25439648
-2.12257347
-2.79281886
-4.17493803
-3.26840653
-2.80530934
-2.65631580
-2.55948975
-4.62433625
-3.78025258
-4.46626023
-3.86892917
-3.82429161
-3.17057186
-2.81884222
-3.86911278
-3.92488482
-2.08852931
-1.85586311
-1.22647961
-2.04958900
-0.41084172
-2.27485140
-1.79409786
-3.36639129
-2.56697367
-3.85426647
-2.12701400
-2.49017033
-4.40817128
-2.51522636
-3.16327154
-2.92281019
-2.80119218
-3.14162713
-3.78556826
-3.39914846
-3.38742008
-2.74201247
-2.78794020
-3.25017916
-3.21211505
-3.14016540
-3.08689485
-4.50863616
-4.75740957
-4.31906585
-3.38858249
-3.96691200
-2.89634920
-2.98005724
-3.23670905
-3.15978724
-3.23278492
-3.92113294
-3.86574151
-3.22282794
-3.72528798
-3.96874104
-4.18260219
-3.71650966
-3.81307007
-4.14132526
-3.34341317
-3.54849111
-3.82667299
-4.71610175
-4.25130116
-4.97112467
-4.23264712
-5.46543957
-5.52941405
-4.79213555
-5.77240999
-4.60790999
-3.78002275
-4.19174704
-4.75031149
-4.70912912
-4.36157891
-4.72125774
-4.95764676
-4.05507536
-5.63257263
-5.39760638
-3.78101616
-4.45500779
-5.37273548
-5.24353025
-3.92701371
-5.03022994
-3.35563537
-3.26521445
-2.49307486
-2.82173124
-1.73503537
-2.24635041
-2.35269308
-3.80765668
-1.61248330
-2.31045029
-2.25586169
-1.89751573
-4.72300609
-3.64600783
-4.35844224
-3.58159375
-4.13930082
-5.97570463
-4.22760738
-3.74408994
-5.05319923
-3.87634321
-5.58993940
-3.86217247
-4.24123672
-3.63909778
-4.46562591
-5.13640161
-2.00928285
-4.70358563
-3.31167675
-3.93095626
-4.35996121
-4.04061365
-4.22093126
-4.52960300
-4.36646153
-4.17244939
-4.43672628
-5.05856085
-4.07861064
-4.65583289
-4.79802372
-5.69837438
-4.67472792
-5.68423798
-5.52172786
-4.10473021
-4.18087787
-4.24408946
-4.24160473
-4.16884790
-3.81821211
-3.58793444
-3.34926374
-2.97735948
0.31819216
-1.24529987
-0.80431281
-0.44404098
0.42021997
-3.32330314
-4.12990813
-4.08389573
-4.73449268
-3.15341141
-4.72443286
-4.61578560
-4.54178188
-3.91716425
-4.94506186
-4.07139226
-3.21424017
-4.53843527
-4.29046837
-4.54386503
-3.16963641
-6.36081504
-7.08461384
-6.29065199
-6.34491381
-6.27169779
-6.22899007
-6.00656978
-6.40628478
-6.28051555
-5.92608505
-7.64867882
-6.09940103
-5.89927130
-6.12048978
-9.24843533
-8.68044327
-8.70623457
-8.79990766
-8.70291546
-6.34653501
-8.31334889
-7.96751275
-9.37940395
-8.38634527
-8.99843149
-8.75105650
-8.73697353
-5.68351781
-5.47021746
-5.53190595
-5.11909319
-5.64450984
-5.42287125
-5.61721523
-5.28889259
-5.22879238
-7.97507742
-7.81771592
-8.76917590
-8.96357641
-7.92686172
-7.39326680
-6.91435565
-7.25705130
-7.63540183
-8.72829845
-8.14106607
-5.43313246
-6.49198153
-6.35087219
-9.41858173
-6.90141688
-6.91800738
-5.94610737
-6.39010542
-6.33634573
-5.56329933
-7.35281588
-7.89755786
-7.35281588
-7.35281588
-8.95823294
-10.46440952
-7.89755786
-8.89845769
-10.07839441
-9.14576054
-7.20012201
-8.40305963
-8.89519323
-7.69334273
-7.95551070
-9.27994789
-9.33123410
-7.35281588
-7.76492530
-7.99416615
-7.35259708
-8.53644439
-5.94463328
-5.87399943
-5.56040622
-8.87795254
-8.80169712
-8.77471490
-6.85163477
-7.07449083
-4.96673944
-1.09562526
-3.23226459
-3.18461993
-3.34231012
-6.30660670
-5.90235898
-5.83389554
-5.62830918
-5.73229445
-5.92638648
-7.32893016
-7.36527699
-15.52284819
-15.46380502
-13.27523633
-14.45133719
-14.44165767
-12.49828331
-12.75355546
-12.74290675
-11.62937099
-12.34282653
-12.45834259
-12.73089539
-12.42578927
0.07407520
-0.31647243
-0.31782696
-0.17944462
0.06057185
1.42813708
-0.08148292
-0.54986739
0.60558000
-2.49489582
-1.82695424
-2.03354680
0.68829032
0.08402813
0.14840538
0.18346665
-1.08547941
-0.31924929
-0.18763853
-0.71811049
0.08625911
-0.47437279
-0.47702508
-0.54031782
-0.82728296
0.65131871
0.47925563
0.55381668
0.39715254
0.87618118
0.45041018
-0.41802222
-2.98145445
-2.29169866
-0.05386032
-1.02407273
-0.73607570
-2.46376273
-2.36610087
-2.44014030
-1.55623001
-1.52041421
-1.01527026
-0.92934670
-2.36006934
-1.44580591
-1.35204634
-2.04620877
-1.19270592
-1.51641552
-1.46866223
-2.32422190
-2.20891656
-2.00114897
-1.55180194
-1.36654729
-2.01785089
-1.15372651
-0.84009957
-0.25152832
-0.07976960
2.07697130
1.73411451
2.30837346
2.17273120
1.20201638
0.54493872
-0.46203865
-1.85950543
-0.01568572
-0.11885279
0.51169926
0.46679286
-2.37550526
-0.58598068
-0.46832752
-0.73907900
-0.60332267
-0.30424161
0.43411612
-1.01537202
-0.95161338
-0.68796457
-1.12706418
-1.31530822
-3.29663488
-1.78278014
-1.17160094
-1.72975763
-1.73371129
-1.43410036
-2.02063902
-1.07408428
-1.57118261
-1.55533174
-1.49451069
-0.73865739
-0.46953992
-1.64594712
-1.55149250
-7.23965772
-6.34755616
-6.93855721
-5.92940286
-5.91516487
-8.39108004
-6.96335787
-7.16568765
-5.62600762
-6.77848118
-5.40773158
-5.87765836
-6.86774019
-7.29897211
-6.34200093
-6.85140458
-7.16675191
-6.37196380
-6.92871621
-7.08456450
-8.03737106
-7.55412731
-7.62299018
-7.71406190
-7.96838553
-6.57120810
-6.03216944
-8.34875004
-8.74564141
-5.83166749
-7.07053804
-8.02391172
-5.28125323
-5.50121498
-6.46170359
-6.29652558
-6.94754135
-6.45559587
-7.01366192
-6.37362980
-7.28655039
-6.52999609
-5.86691502
-7.23634842
-7.06484920
-7.13080185
-7.30036079
-7.88322598
-7.18976913
-7.22334797
-7.20890482
-7.12159536
-6.64942706
-8.54661361
-7.42161911
-4.82457417
-5.68343543
-7.03045294
-6.21528510
-7.86483765
-7.54984620
-7.17295049
-7.37628993
-7.33425559
-7.38954611
-7.47628831
-7.52312015
-7.65651913
-7.32114764
-6.46186677
-7.32945856
-6.57396918
-7.16354359
-7.65483076
-6.83297824
-7.46428060
-7.00629164
-7.78694966
-5.83316492
-7.63734319
-6.56658636
-7.81371738
-7.24728041
-7.18623400
-6.88715602
-7.33592377
-7.19012735
-7.42831587
-8.23731290
-6.00931749
-7.30443039
-7.83943990
-7.33581130
-7.67052156
-8.70992801
-7.60804826
-7.42771085
-7.16537732
-7.38173021
-7.11791986
-1.24087859
-0.79790970
-0.46028063
-1.76200764
-4.01500497
-1.03884547
-0.28578280
-2.92745506
-3.48727701
-0.68990900
-2.80484127
-3.66897603
0.44166609
-0.59853260
-0.74140234
-1.15118866
-1.15118866
-1.67627446
-0.18172444
0.22975176
1.56305167
1.57018871
1.18505954
1.55334260
0.71404463
1.58968367
1.58244246
1.26195178
0.69631275
2.48851275
2.02920302
1.07878407
0.90555190
0.42029801
0.95844988
0.83934478
1.48412932
1.14624650
0.68064408
2.97785824
2.71282055
0.82605290
1.04132640
0.10528428
-2.65277169
0.72523879
-2.71949425
-2.35923727
0.87602403
-4.49894114
-2.87109230
1.35879797
-1.65327658
-1.86631952
1.57733976
-1.86490340
-3.69677776
-1.38488501
1.11962660
1.43284496
1.43284496
1.43284496
-0.73770713
-0.58640069
-2.26590201
-1.70629921
1.43284496
1.43284496
2.99845579
2.92954899
3.09557681
4.90727197
4.92392241
4.45262010
5.84562223
1.52783837
0.83561772
1.17924926
1.46858270
1.64643188
0.99897731
1.26713827
0.98582910
0.77826493
0.53622089
2.66998932
1.20169475
1.10197247
0.72908017
0.48800943
0.47949179
-0.37624727
-1.76445669
-1.81531835
-2.56208344
0.08849274
-0.36343853
-2.57356747
-0.26333663
0.20816634
-4.77745853
-3.18157717
-3.42284745
-3.43221565
-3.20186517
-2.75369794
-4.36058427
-3.72916826
-4.71983963
-4.60005027
-4.65283605
-5.01813917
-4.76113251
-5.04097227
-4.17580530
-4.66087670
-4.31148200
-4.36801839
-4.89333605
-5.61972531
-5.46879941
-5.40755646
-4.30347033
-4.56768719
-5.45542466
-4.67953999
-5.23594521
-5.18976488
-4.50810319
-4.78444912
-5.69160935
-4.88396098
-4.54800387
-5.13681440
-4.46614624
-4.27559516
-4.53961349
-4.76171185
-5.44428591
-4.68775798
-5.08347641
-4.87031612
-5.04289719
-4.44954553
-4.86854629
-4.85049875
-4.52592880
-5.48112370
-5.50627532
-5.74991071
-5.39081263
-5.24132138
-4.49475708
-4.94904730
-4.63243436
-5.41042767
-5.00547372
-4.97419549
-5.11425945
-5.57767265
-3.49641169
-4.86736456
-4.17608505
-3.88506793
-3.64255098
-4.39605177
-1.13389181
-3.66009401
-4.29670726
-4.60934794
-5.06860532
-5.70757561
-5.21040303
-5.20228832
-4.77074119
-4.96240395
-4.75988870
-4.81494859
-4.95294636
-5.48874843
-5.78268546
-4.66681883
-4.89774734
-4.85727844
-4.93101643
-5.48246592
-4.90122019
-5.22816535
-5.33792761
-4.77048319
-5.48931229
-5.41521747
-4.75278592
-5.32208072
-5.32812173
-5.39877968
-4.96898562
-5.30714388
-4.38199533
-5.36901700
-2.12501267
-2.10053928
-1.49340280
-2.29987138
-1.31419545
-2.89555386
-2.39841456
-5.43410469
-4.65276097
-6.16400943
-5.10767289
-4.90927065
-5.20872038
-5.35071081
-5.27635144
-4.30244082
-4.30686021
-5.88450698
-3.75516998
-4.52137570
-4.83784478
-4.87395702
-4.73154510
-5.03403259
-5.40980542
-4.74718818
-5.39938833
-3.90242945
-3.70614068
-3.88267232
-3.79629894
-4.50342575
-3.98287224
-3.95877802
-5.27351892
-3.12437741
-4.16406886
-4.32997093
-3.27490820
-3.26641291
-3.53253996
-3.33737400
-4.16952531
-3.46433150
-3.34607408
-4.36051412
-2.23521325
-2.58734678
-2.44739018
-2.51633186
-3.61140087
-2.46283190
-2.75255464
-2.62233271
-2.35783620
-2.92394893
-5.46578108
-4.74831182
-4.41324561
-5.01848110
-4.10415419
-4.53020102
-2.88344853
-5.35218266
-4.22121127
-5.34731505
-4.83270849
-5.27350997
-4.30364932
-4.50447293
-5.00461771
-5.22184944
-3.89025515
-3.30786994
-4.35917896
-5.26592897
-4.23132989
-4.31129943
-4.42848530
-4.74000205
-3.09785321
-2.99313080
-3.33198410
-3.48904750
-3.68428097
-3.58977757
-4.64613085
-4.06583366
-3.46031439
-4.53436187
-3.45524542
-3.75689056
-2.93272149
-0.58654266
-2.69370738
-2.33602884
-1.72697981
-2.51410817
-2.53134200
-2.64663367
-1.26510483
-1.53078870
-5.88445209
-4.95019871
-5.03945137
-4.89177970
-5.09877632
-5.27790405
-4.43496892
-5.11796135
-5.10652348
-4.51753668
-4.51580444
-4.26262084
-4.31226871
-4.56611861
-4.12977502
-4.50199724
-5.70176671
-5.26531672
-5.76907221
-5.67116630
-4.58476580
-4.19808967
-4.49495582
-3.50999187
-3.30794769
-3.25833015
-3.37685678
-3.47167892
-3.44915862
-3.55437180
-3.56140208
-3.63153406
-3.59551118
-2.09710404
-1.46904985
-3.06335233
-2.89620049
-1.73332224
-2.26759508
0.76105639
-0.17151431
1.77379383
0.67844092
-3.68130185
-3.65937189
-3.86373950
-4.13116852
-3.90628082
-4.50770514
-4.65604096
-4.12235269
-4.53524775
-3.73654583
-4.70847705
-6.05083047
-4.77064879
-5.07251240
-5.71655457
-5.78274333
-4.62345320
-4.61821642
-4.62278135
-5.30790039
-5.38472096
-4.99500558
-5.27055937
-4.23261983
-4.22365059
-4.80730719
-4.52456918
-0.00277864
-4.60222840
-5.44156546
-4.30261588
-4.38367150
-6.25407965
-4.73727049
-5.15807555
-4.26121081
-4.10400959
-4.19008612
-4.32962074
-3.76643068
-3.88726753
-2.17514545
-2.22012651
0.61138104
-1.89652511
-2.92927542
-1.43024606
-3.84475090
-5.15835628
-1.54055926
-4.00502875
-5.05597146
-4.12502359
-4.92472209
-4.48314797
-3.65244589
-4.02941833
-3.38365921
-3.73145809
-3.68172564
-3.33381822
-2.66646888
-4.29348367
-3.94579419
-3.85779489
-3.59518817
-3.33823954
-3.62325464
-3.69128414
-3.58124912
-2.80636395
-3.67405984
-2.91757589
-3.64348753
-4.17339302
-3.92982941
-3.58418050
-3.79643070
-3.75000652
-3.65905817
-3.36380971
-3.70925437
-3.40919225
-3.73488198
-4.29826043
-1.34694116
-0.71103276
-0.38978659
0.72690555
-1.76617515
-2.03639297
-1.62197828
-1.30189295
-2.13051894
-2.16297199
-2.87486858
-3.15078040
-2.54829429
-2.32283359
-1.50735127
-2.35084688
-2.38095299
-2.88195426
-2.48679756
-3.15932379
-3.13434698
-4.51305151
-3.10165986
-3.67104166
-3.82581140
-3.62687797
-3.75493379
-4.01278144
-4.46707451
-3.57016602
-3.78737667
-3.72460259
-3.67551207
-2.51355898
-3.69458088
-2.51677259
-3.48376959
-3.79675091
-2.72845220
-3.47187007
-4.02822196
-3.83398638
-2.84114065
-3.42745860
-3.34922813
-3.47896741
-3.71248228
-4.84420972
-3.77723933
-3.86475911
-1.67143953
-1.50530816
-1.96000564
-1.51356556
-2.13314656
-2.09098601
-1.18350487
-2.35467847
-1.70086428
-3.03494878
-3.69237466
-3.49292452
-3.11224767
-3.18752251
-2.77936958
-4.97331089
-2.48004465
-2.60097160
-3.08956068
-2.19498615
-3.92755548
-4.17742818
-4.30029003
-4.49132151
-4.00306567
-3.88039828
-4.02224370
-4.79773186
-3.97777327
-4.12474684
-4.21372004
-3.94391029
-3.99996083
-4.49062066
-4.50270247
-3.74261962
-4.31121990
-4.44041990
-4.43875695
-3.96336876
-3.70424321
-3.92030186
-4.30365382
-3.81896228
-3.65261916
-3.83938237
-3.34549138
-3.80249042
-4.08205680
-3.71565036
-3.60199099
-3.60149769
-3.94062608
-3.90983143
-3.74136520
-3.73823537
-2.42585029
-4.27388554
-3.85060974
-3.95203669
-4.24452090
-3.01869724
-2.27783072
-0.50551846
-2.54064036
-3.01723930
-3.71877441
-3.78978904
-3.57563957
-3.58263886
-4.04401111
-4.55821490
-4.16955822
-4.04766506
-3.97432676
-3.89287186
-3.81792792
-3.77834827
-3.92271279
-4.32211238
-3.85691951
-4.09209053
-4.79520359
-3.88777651
-4.05316039
-4.14938207
-3.94891742
-4.30925834
-4.33456825
-4.21182411
-4.03240505
-3.81589157
-3.64627032
-4.18751513
-4.20727903
-4.02453743
-3.85908599
-4.03073574
-3.81014317
-3.74105671
-3.71795995
-3.79856988
-3.54473739
-3.92254178
-2.86331458
-4.15761652
-3.58887921
-3.50007193
-3.72524104
-2.95442987
-3.38090275
-2.95108808
-2.71037128
-2.77558894
-2.07365322
-2.53069589
0.21536996
-1.50460647
-3.78067185
-3.11563092
-6.73439565
-6.20447406
-7.07636186
-7.48706244
-8.43566833
-7.19326657
-7.52077193
-5.22548467
-7.20660980
-6.41052630
-6.02851327
-7.61840398
-7.30907167
-7.42582160
-7.10049606
-7.05111153
-7.27499970
-9.03712826
-6.71923854
-7.68960327
-7.98009466
-6.74909960
-9.05521786
-7.23735224
-6.79141229
-9.00863669
-8.85023720
-7.83958557
-8.96708632
-7.27746457
-7.31536461
-6.45147498
-6.93325989
-6.97770745
-7.09921808
-7.43928179
-7.84328556
-7.35084763
-7.93127580
-7.30486058
-5.65991230
-6.43935001
-8.88899255
-7.04894112
-6.08144873
-6.10265640
-8.92323893
-6.59426283
-6.23918397
-6.79632516
-7.12439921
-6.44878516
-6.67476006
-7.07049653
-7.65097660
-8.02943708
-6.79327841
-8.12076039
-5.76050362
-6.54074628
-4.93380399
-7.12416689
-8.68585584
-6.47862767
-3.58226068
-3.48581631
-2.56516066
-3.20954976
-3.92537412
-5.51145673
-8.66255151
-7.95525408
-7.28959594
-6.35013018
-5.47109414
-7.66736013
-7.10396547
-6.80284552
-7.72912696
-7.29660990
-9.01904993
-8.01670528
-7.09131670
-7.05366348
-7.50964555
-6.83319616
-9.06223818
-7.46107090
-7.51548828
-7.48275024
-7.37891840
-6.73036697
-8.93676238
-6.14061750
-9.02673021
-9.04090089
-7.28742579
-4.03106094
-4.33936123
-4.60981770
-2.65830810
-2.96399635
-2.58867590
-2.02541597
-2.69009585
-2.78675949
-2.39294581
-2.44742392
-2.60239339
-2.43095767
-2.45631771
-1.64550495
-1.49673145
-1.43460491
-1.62111550
-1.36831403
-1.78922625
-1.48996250
-1.46735424
-3.67459877
-2.86027722
-2.81498117
-2.70448087
-2.66969449
-2.50033635
-1.45363518
-1.30279374
-1.63550469
-3.06202623
-2.04693053
-2.38227692
-2.91236015
-3.32064852
-2.68392746
-2.18135885
-2.74981473
-2.13557772
-2.49666267
-2.52845953
-2.69327567
-2.55141828
-2.42806771
-1.00163650
-2.60034121
-2.71728516
-3.04297881
-2.27510440
-2.49734806
-2.75416083
-3.03267818
-2.72417051
-2.47491456
-2.71619295
-2.81458908
-2.71244231
-2.72110491
-2.16882991
-1.78653465
-0.37515737
-1.99987125
0.85331585
-0.70117068
-1.81184310
-1.48249523
-0.91139689
-2.09487538
-2.13256470
-2.18000514
-2.56071901
-1.88505617
-2.03366599
-2.00857054
-2.97780688
-2.20180994
-2.37371274
-2.75896611
-2.35069218
-2.38487200
-3.46953420
-2.37134110
-1.52480657
-2.39194202
-2.59533071
-2.04587065
-2.38513236
-2.32041188
-1.92756173
-3.31569781
-2.15292249
-2.25180520
-2.39628723
-1.95389148
-2.06514139
-1.93154313
-2.27409572
-2.38028705
-2.17366054
-2.32387555
-2.29620988
-2.49088521
-6.67364122
-6.48565410
-6.26886229
-7.08087025
-6.24487895
-6.74469860
-7.09110777
-6.16875799
-6.45380194
-6.77350153
-6.03796189
-6.03746521
-7.03412604
-6.20790051
-4.15276211
-5.60043930
-6.64864103
-6.47343096
-6.02178949
-7.01918778
-5.58421367
-6.32636772
-6.25895142
-5.67449605
-5.80338782
-6.09313265
-6.18948372
-6.88904715
-6.23889175
-6.01420718
-6.57580793
-6.62831857
-7.17279691
-5.44259399
-6.20905331
-7.09327240
-3.84505497
-5.18741175
-5.56112967
-3.61889606
-5.75627280
-5.81992676
-6.68459389
-6.40444158
-5.73448881
-5.85836936
-6.29293061
-5.93360856
-5.89927125
-6.11145027
-6.15072816
-5.47366389
-6.20389522
-5.98810520
-7.53810040
-6.59729741
-6.44050085
-6.51881105
-6.83219354
-6.59815247
-6.51144456
-6.86946216
-7.08528381
-6.48956974
-6.52092538
-6.96694943
-7.48796703
-6.58080003
-6.45978655
-6.08988701
-6.37027538
-6.72596200
-6.53208693
-6.14287507
-5.92341326
-6.19129099
-6.47884005
-6.00330990
-5.72964880
-5.51786750
-6.25658028
-6.35405936
-6.29346910
-6.05959577
-6.92699413
-6.20414546
-6.84147818
-7.09710556
-6.28469463
-6.16719510
-7.04588598
-6.70393608
-6.17702892
-4.89259011
-5.33133462
-5.64194646
-5.54357628
-6.10050936
-6.21744729
-3.27152306
-5.49220108
-5.01537255
-6.55448028
-5.51726108
-5.10414586
-6.35849265
-5.27690878
-5.10709827
-6.56189899
-5.65316197
-6.49460377
-6.34927138
-6.09867785
-5.71869051
-6.66216872
-6.54119608
-6.82940559
-5.91653422
-6.21373089
-5.73687899
-6.44814544
-6.96269442
-6.30004726
-6.04231366
-6.45212809
-6.85169462
-6.03926607
-6.71946479
-7.08198537
-6.98414210
-6.84405908
-5.40747335
-6.82389247
-6.36962470
-6.09256132
-7.11635949
-6.05250925
-6.40247746
-6.84564996
-6.66643241
-6.14308715
-6.97987084
-6.13301246
-6.29621526
-5.87813281
-5.05521048
-7.16461770
-7.16621316
-6.94073359
-6.94653176
-6.14114923
-5.95592980
-7.35298982
-8.30596623
-6.10677543
-6.62686991
-6.31693490
-7.44943281
-7.25851947
-6.90027398
-7.32967999
-5.73987018
-6.29916663
-5.56143943
-6.30684970
-5.70682817
-6.30974980
-5.83849963
-5.75265342
-5.86364246
-7.00798256
-6.00751535
-7.17699987
-6.82470485
-6.87470009
-7.02247391
-6.65836251
-6.88290950
-6.17094700
-6.99490479
-7.21421346
-6.05873567
-6.28658913
-6.05549321
-7.08226861
-6.32342074
-6.33112654
-6.98023564
-6.05162143
-7.17801938
-6.96725942
-6.58228098
-7.11437199
-6.18089512
-6.82441482
-6.57874887
-5.98601385
-6.14019312
-7.22595096
-6.92052073
-3.35709103
-3.77475524
-4.02213015
-1.96148406
-2.50246384
-3.05841792
-2.15565569
-1.45495110
-1.34623781
-1.92981487
-1.64603903
-1.48926223
-1.17186640
-3.57883247
-2.38267113
-2.20481868
-2.54777320
-2.63140202
-3.47083863
-3.24032500
-3.47622267
-3.96562413
-3.30067601
-3.75877448
-3.87307806
-3.75373680
-3.83897520
-2.20543718
-2.50691738
-1.78703159
0.63818639
0.50780501
0.43809341
2.10330632
-0.79054440
0.37280588
-3.69409345
-4.07587420
-3.31741649
-3.86002268
-4.04571325
-3.82947670
-4.04544958
-4.28631772
-3.47312419
-3.72661714
-2.35116990
-2.10105014
-1.36011417
-1.62485886
-1.37627131
-2.00873676
-2.26018912
-1.51276046
-0.65024676
-2.89195385
-2.26450675
-1.29671351
-1.24557789
-2.22537861
-2.93154835
-2.59501309
-3.20612689
-2.36695022
-1.76796797
-2.65592720
-3.48527175
-4.05572416
-3.15692738
-3.51391762
-3.37010012
-3.79877278
-3.90364788
-3.47720522
-3.60669065
-2.50086721
-3.22258597
-3.36554790
-3.41129995
-0.60417193
-3.31367767
-2.83271782
-3.74006620
-3.76826121
-3.19047075
-3.32638539
-3.35192132
-3.96189049
-3.83988303
-3.64488390
-3.59893828
-3.88002929
-4.22676093
-3.73169248
-4.25138215
-3.75989641
-3.80801767
-3.66584980
-3.70458697
-3.76043126
