-10.92825859
-10.36092214
-10.20632140
-8.68534386
-9.95541864
-7.80475375
-5.13118673
-11.03173681
-9.00550921
-11.04870006
-10.51786448
-11.20160045
-10.98717219
-8.19518869
-9.88074391
-11.24338294
-10.67706437
-11.32336342
-11.41619923
-10.91399559
-10.86322506
-10.62284052
-11.32646667
-11.50832665
-11.72482681
-11.25583820
-11.59302643
-12.12756753
-11.99268555
-10.61126827
-10.31294208
-11.32277565
-9.38290664
-9.78507256
-10.85090666
-9.59441566
-9.70929705
-12.21083981
-11.68318348
-10.52669740
-11.25981009
-12.25825690
-11.45636109
-10.65642911
-9.74071731
-11.48930162
-11.24980994
-12.11001113
-11.63932160
-11.45633003
-12.32841430
-11.50925756
-11.24946458
-11.39678151
-11.19672068
-11.52108926
-9.20106816
-10.01997362
-11.14829337
-10.34695223
-11.21073617
-10.98341759
-12.00201203
-10.22896460
-12.01288128
-10.29038256
-9.92638734
-11.52628268
-11.46217825
-8.96711561
-11.09590926
-10.58205110
-11.16387368
-10.07978731
-12.09623761
-11.21816387
-11.11811357
-11.71930311
-11.37385610
-11.52328201
-10.80089967
-11.21291393
-12.08085761
-10.63227841
-12.63460067
-12.35823306
-11.28489205
-11.26553205
-10.25788571
-11.34832627
-12.10492141
-11.31612795
-11.68718924
-11.29737332
-7.59780038
-12.23488536
-11.50182964
-11.53988913
-11.16870337
-11.43294707
-14.87842821
-14.87885125
-14.87907723
-13.36821943
-13.94544343
-14.70559681
-14.32748806
-14.33598912
-14.87705784
-14.87812410
-13.19202362
-13.47609492
-13.38132279
-13.51263279
-13.02683242
-13.28978441
-13.64999826
-13.52766596
-13.61762062
-13.33499923
-14.18933002
-14.61281939
-13.83680285
-13.63725066
-11.44929648
-13.53741924
-13.49622791
-11.97359030
-13.02047089
-13.17961508
-13.20670644
-12.59204439
-13.91027391
-11.83383371
-13.32723420
-13.45423190
-13.04158073
-14.07440911
-14.53274285
-14.88017492
-14.88330311
-14.88001169
-13.70085343
-14.87946629
-14.87942668
-14.87978680
-14.87964230
-14.87930310
-14.87991431
-13.62951057
-13.85343686
-14.30873783
-13.72832124
-14.11534205
-15.07268553
-13.35552028
-13.38857629
-13.63030189
-13.53001412
-12.95553821
-12.99629514
-13.37162338
-13.30677990
-13.37711713
-13.38444951
-12.70480727
-13.30110733
-13.25313334
-13.62866276
-13.80935144
-15.07883744
-14.29825530
-9.58269170
-7.67931550
-12.03220776
-10.62923671
-12.73662159
-12.37173451
-11.30032648
-9.71242779
-11.56442361
-13.59821377
-12.78164604
-11.44929648
-12.67500233
-13.59781119
-14.87886964
-14.88117150
-14.87833288
-14.87873134
-14.87907723
-14.87960543
-13.81669278
-13.76735561
-13.00463366
-13.20457177
-13.57319726
-14.28495802
-13.49243887
-13.46187503
-10.95078132
-10.64618826
-9.79128776
-10.44971646
-10.46465343
-10.37079702
-10.92177489
-10.53201091
-10.67722076
-10.44022554
-10.31009443
-10.09967834
-10.10125148
-10.31526581
-10.39447392
-10.76852168
-10.13353193
-9.51609613
-10.07450602
-9.44399985
-10.48510851
-10.52733414
-9.95788822
-10.20502284
-9.48662187
-10.37728840
-9.86046186
-10.07800083
-9.94681834
-9.58133480
-9.40978420
-9.59622728
-10.06993955
-9.08713065
-9.73418418
-10.30637134
-10.11077126
-9.84539293
-10.00625077
-10.09899331
-9.63368303
-9.75089845
-8.88095963
-9.76073051
-9.88764812
-9.17622850
-9.85551653
-10.75974439
-10.51530202
-10.43031090
-9.91332563
-10.17099761
-9.87338781
-10.40858735
-10.39354537
-10.19436428
-10.15352247
-9.74541596
-10.60448480
-9.68702033
-10.33673893
-10.20543271
-10.42205136
-10.36806713
-10.30044458
-10.39418208
-10.59683896
-9.72108544
-9.90748922
-11.51678393
-10.05100269
-9.38745107
-9.09884373
-9.51950069
-10.22494843
-10.52220013
-10.15066222
-10.33310589
-9.89482354
-11.18304184
-9.97746840
-9.06175275
-10.42635207
-9.47307642
-9.15810784
-10.08909821
-9.84184633
-9.82123365
-10.17773418
-9.90874511
-8.89213898
-10.09759366
-10.09910676
-5.61818970
-5.52873647
-5.40167462
-5.53542627
-5.37736803
-6.64386571
-9.50116295
-7.80214355
-7.31796002
-7.93120530
-7.72980216
-7.95786156
-7.70581352
-8.05288021
-7.76795432
-7.68494830
-7.20727738
-7.93652689
-7.84922406
-7.69374235
-7.84096162
-7.09119089
-7.81790421
-7.63520279
-7.61451708
-7.10439175
-7.70486091
-7.71510460
-7.43875300
-7.96042843
-7.26308826
-7.35363883
-7.04629570
-7.39598065
-7.53339252
-7.43788187
-7.62364181
-7.76204147
-8.05618904
-7.57310190
-7.50799024
-7.49823098
-7.52565485
-7.70694569
-7.99568154
-7.41141093
-7.62600401
-7.50500369
-7.55686983
-7.40761644
-7.70781492
-7.44961084
-7.56487149
-7.64654263
-7.70695800
-8.06653126
-7.67247304
-7.79925917
-7.96622819
-7.50098076
-6.51460419
-7.52270619
-7.48173265
-7.59790094
-6.85121278
-7.60913830
-7.13957343
-7.47672323
-7.28565092
-8.03692312
-7.51943541
-7.64470513
-6.69821945
-7.61750534
-7.45569736
-7.77028198
-7.74677929
-6.86177100
-8.25683203
-7.42149145
-7.47212950
-6.92784767
-7.41299209
-7.68852593
-7.79156308
-8.05322688
-7.84899618
-7.76564907
-7.57908069
-7.84268261
-7.74473173
-7.82920032
-8.01002706
-7.30465386
-7.24767814
-7.20995136
-7.45755215
-7.84291948
-7.56047426
-7.83298102
-7.37786494
-7.76301289
-7.16727966
-7.13322814
-7.48993495
-7.70593177
-7.21178192
-11.05270037
-11.42868855
-12.97551245
-12.85659499
-11.32982899
-10.62520325
-11.03383352
-10.88130772
-12.82996431
-12.53489183
-10.63204225
-9.84147625
-10.87994328
-10.03047827
-9.49614072
-7.03614310
-10.64267457
-11.76613076
-9.31567749
-9.74468896
-10.78229922
-11.77855087
-11.97404580
-12.19863854
-11.78023856
-10.86846438
-9.37050847
-12.78046252
-11.20472472
-11.06801936
-12.82419281
-12.17632159
-12.70290177
-11.28361998
-9.38192854
-10.78177164
-10.61648984
-9.72905745
-10.83884838
-10.94908439
-11.34288351
-12.88642358
-12.84681189
-12.37789524
-12.84616363
-11.00029472
-12.83789991
-11.31833580
-10.97901621
-10.91861204
-10.80450130
-11.32132374
-11.00736750
-9.63561139
-10.04498509
-12.44561574
-11.30980672
-10.42238588
-9.15742777
-10.56214399
-8.98435886
-8.20527728
-8.94132485
-11.55865994
-9.99358003
-9.60269095
-11.16797283
-9.45662534
-9.83857194
-9.30362069
-11.06433181
-11.11654997
-10.04254040
-10.88350890
-11.02974074
-11.85345217
-11.44546445
-10.87589382
-10.97040018
-10.75822600
-11.41953325
-11.01348349
-11.16529493
-12.00982357
-10.74652902
-12.38435179
-11.07902240
-11.19224152
-12.82645196
-11.33443112
-12.32654154
-11.95329094
-12.80267694
-11.00975916
-10.72750394
-12.25282393
-12.95961959
-13.02023219
-12.83514725
-12.89453380
-10.75637401
-10.14608734
-9.70529742
-9.08752095
-9.15436917
-9.38557494
-9.98519513
-11.17905529
-11.01630458
-10.49358689
-11.00722807
-10.96354146
-12.88470706
-10.70742371
-10.62920189
-10.71631862
-10.84963533
-10.76417440
-11.34679770
-10.75470442
-11.21334995
-11.24333747
-11.14834747
-11.31390171
-11.47426418
-11.50803210
-10.92201743
-11.49350745
-10.38161145
-11.03919711
-11.19841135
-11.35978169
-11.05107830
-10.96200127
-10.72443399
-10.87403962
-11.54276507
-11.35854259
-10.59871331
-11.23122033
-11.56072246
-11.15103029
-10.92366254
-11.26145279
-10.10058409
-10.41211164
-11.42473071
-11.62460053
-11.64253131
-11.01587148
-10.62823654
-11.28372505
-11.49190045
-11.39073444
-10.82338914
-10.05968659
-11.07115816
-11.02505637
-10.57832957
-11.65646776
-10.21465229
-10.56618685
-10.17172545
-11.32123863
-10.98714064
-11.86489357
-11.60672355
-11.15370831
-11.49099918
-10.99210632
-8.71795457
-10.31626168
-10.26594331
-10.49837335
-10.66967520
-10.84752052
-10.88168751
-11.00353795
-10.65424133
-10.79285634
-11.02721715
-11.10928354
-10.82588782
-11.38352320
-11.24612506
-11.28088239
-11.41250935
-11.44748092
-10.43721597
-10.56802357
-10.62530376
-11.34783326
-10.65950461
-10.76525818
-11.18724783
-11.86960982
-11.34045816
-11.33156555
-10.85186422
-10.71624375
-10.62147157
-11.08637275
-11.46550898
-11.73613773
-11.25501200
-11.15557772
-11.36138826
-11.32487169
-10.66553490
-11.24063620
-10.12792205
-9.97963383
-9.72955656
-10.04458631
-10.29266650
-10.45295447
-10.62214477
-10.16903738
-10.29453432
-10.60732997
-10.58065755
-10.75307626
-10.52942554
-9.90325755
-9.75819454
-9.85351282
-9.84201844
-10.81953908
-10.61738139
-9.81147116
-11.39978259
-10.24416366
-11.36418359
-11.35521735
-11.93818805
-11.33233381
-11.05746332
-11.33174171
-10.99794270
-10.64556761
-11.28073130
-10.29713384
-11.52000405
-10.99386532
-12.18111222
-11.16274069
-12.09684570
-11.89054359
-12.09682887
-10.80888911
-11.19211892
-10.81340889
-10.84176933
-11.17960071
-10.19843966
-11.42555380
-10.82640739
-10.19907419
-10.85467973
-10.69375989
-11.12283015
-11.07245419
-10.42117701
-10.45008526
-11.03177934
-10.48818050
-11.38217015
-11.04061220
-10.85072059
-10.49673199
-10.24019657
-10.49151452
-9.89920322
-9.89677989
-10.74735295
-9.78494328
-10.86914387
-10.16891374
-10.13959155
-10.09549771
-11.61457812
-9.27542069
-9.10015090
-9.44434869
-9.59979369
-9.43991925
-10.64240176
-11.27476482
-10.83328604
-11.29765834
-11.23769839
-11.09147031
-10.39134698
-10.79064475
-10.85903583
-10.82433417
-10.87681265
-11.40753556
-12.89513713
-9.70746747
-11.24321457
-8.40432738
-10.56420438
-11.17287068
-10.55238649
-11.14859666
-11.19120154
-11.23997604
-11.55974248
-11.16545186
-11.46904678
-12.23912751
-11.65203471
-12.35303927
-11.46681482
-12.08706755
-12.99386122
-10.92235936
-11.98053644
-11.65015932
-11.13824192
-11.28327704
-11.98356289
-10.75767158
-12.59764776
-11.56965401
-10.17245547
-11.74445038
-10.96646762
-10.91819012
-11.09821347
-11.06996251
-11.81482258
-11.54239084
-12.77768694
-12.22939603
-12.51833523
-11.31661139
-11.73547779
-11.73228041
-12.14752412
-10.60681033
-10.79629715
-11.39378158
-11.61361461
-10.97427681
-11.59313631
-11.17590258
-11.10640809
-11.04148645
-12.34485293
-11.74675834
-10.86345012
-12.60762189
-10.52720878
-11.16042704
-12.03761620
-13.02443664
-13.05434809
-12.37768827
-11.92628428
-12.49944799
-12.47991367
-11.75762158
-12.13581502
-12.61821876
-9.98688867
-11.07607524
-11.88019056
-12.45548138
-12.94967547
-11.92934781
-12.14232835
-12.27994543
-10.90287031
-12.10506449
-11.52054207
-11.33724886
-11.82821989
-12.04925032
-11.88140636
-11.33019384
-11.90047474
-11.76675526
-12.28042398
-11.98951998
-11.83004570
-11.23951333
-10.89438230
-11.96170998
-12.54164282
-12.98064981
-10.78730054
-12.50919784
-10.74294200
-11.93976391
-11.07615803
-11.92713974
-13.00175328
-11.02855746
-11.07307383
-11.47782295
-10.03904758
-9.97383796
-11.13985958
-10.02918802
-10.28231257
-10.44054780
-11.34279729
-11.26719689
-10.31036084
-11.34486824
-10.93178474
-10.93508032
-10.01262629
-10.78684301
-11.50847731
-10.28569562
-11.34607245
-9.86319162
-10.75597471
-8.62008370
-9.48685432
-7.46457893
-8.28244377
-9.73513587
-10.90852145
-9.13324672
-11.24006381
-11.17221837
-12.29560019
-9.46890338
-9.87357361
-10.19854245
-10.21054672
-10.38521005
-10.10542040
-10.36732659
-11.12116724
-10.57685307
-8.48341393
-10.20930111
-10.02502170
-10.16191972
-11.10832882
-10.03184114
-10.13812076
-10.19377131
-10.00465936
-11.73367585
-11.32179925
-9.05776708
-10.62442771
-11.56364275
-7.31736165
-8.05208615
-7.31733628
-11.66364742
-11.78635751
-10.47589323
-11.47283314
-11.56208105
-11.01968625
-11.48901809
-10.95355737
-10.98438549
-10.99711592
-11.41758859
-11.02020541
-11.09395816
-10.48427388
-10.93960208
-8.54337790
-10.35007775
-9.88911214
-10.01939570
-9.94786233
-9.86263719
-10.23622178
-10.25179810
-9.91592111
-10.18313356
-10.27461952
-5.28208505
-9.57910121
-8.07351030
-9.26399010
-9.11816473
-8.61403977
-9.47771369
-10.92123475
-10.98193651
-10.82249661
-10.32478259
-10.85965469
-10.39811262
-9.40254670
-11.81164780
-11.89798165
-10.35649550
-8.65864470
-8.18708862
-8.47166165
-8.44794240
-8.17317750
-8.09414384
-8.09838502
-8.51376017
-8.85940511
-8.57446708
-8.33716373
-8.62538632
-8.30930428
-8.53815418
-8.15763041
-8.56846621
-9.18359501
-8.00571140
-8.24109316
-8.70657754
-8.29017786
-8.81138970
-8.37396661
-8.51653706
-8.41731709
-8.25460193
-8.15139478
-7.42292870
-7.89117812
-7.43288598
-7.50120952
-8.25873731
-8.22802949
-8.41338395
-7.16881038
-6.98483766
-6.28992631
-6.65118653
-6.56105811
-5.48166709
-5.83456362
-5.27380437
-6.54507454
-8.85478174
-8.24182452
-8.29198734
-8.38713433
-7.98036143
-8.90368207
-8.02921291
-8.49353850
-4.00135656
-5.65599375
-4.77199387
-7.81809074
-8.23840027
-8.29862440
-8.97539712
-8.62235358
-8.03670522
-7.28924721
-7.65887001
-7.78594510
-6.94402534
-8.91436993
-7.82104766
-8.82953380
-8.77974641
-8.62369790
-8.51211087
-8.74205221
-8.25862811
-8.05268200
-7.10232123
-9.01244414
-8.48762229
-4.53235741
-4.64553500
-4.21879565
-6.01864084
-8.35309429
-7.95757846
-8.08886389
-8.36171181
-8.98813729
-8.39756633
-8.77511599
-8.57032627
-8.28019258
-5.99910220
-5.07648984
-7.30103116
-8.06853520
-7.59262571
-5.59548298
-4.81887674
-8.34452130
-8.51089317
-8.35122523
-8.57823609
-3.13599000
-8.28075459
-4.99045660
-7.24493219
-6.14889571
-7.79541510
-6.09073977
-7.05385669
-6.56970848
-7.12891748
-6.27338773
-7.82562231
-6.50623042
-7.15293155
-7.44995371
-6.60869980
-5.85177052
-7.04689707
-5.95498032
-7.56534655
-6.91255309
-6.01019858
-6.52294554
-6.31082338
-7.20570817
-7.13908138
-6.09817908
-6.26658695
-6.02514202
-6.13904388
-5.11835783
-6.92449972
-5.92645406
-6.88564179
-6.02456520
-5.90442264
-6.46566376
-4.47783651
-5.19089669
-4.13726075
-4.38102448
-5.71836171
-4.25394187
-4.56234584
-4.63077531
-4.92355708
-5.42247406
-3.24033491
-2.95435550
-2.27585474
-3.13695232
-2.61993377
-2.69128346
-6.27955229
-7.51630922
-7.51352754
-7.33927593
-6.49768402
-7.81163734
-7.74232654
-6.92302857
-5.10387041
-7.62659834
-7.07139133
-7.06435415
-7.27515232
-6.89750785
-6.46921323
-5.88028540
-6.28873478
-5.75509286
-6.88540159
-5.95861431
-6.00718914
-5.09342660
-6.51861047
-6.59819007
-6.37823986
-5.38171936
-6.22382730
-4.37806573
-5.29777699
-4.94597159
-5.96225393
-5.15831012
-5.88025561
-4.30367858
-3.53811473
-4.60604001
-3.75428365
-3.27988543
-3.89391788
-5.45249492
-3.85676108
-4.16122625
-3.10289934
-6.39406754
-6.38367234
-7.04026535
-6.40899303
-5.44650398
-6.20489303
-4.82768171
-4.36625482
-4.97549762
-5.15624182
-5.08615885
-4.80981303
-5.51097684
-4.07524321
-4.43090515
-4.82651563
-2.55657080
-3.48070222
-3.96323043
-3.94630717
-3.55852618
-0.52904801
-3.16418654
-3.48809984
-4.59738212
-4.28010256
-5.68634181
-5.87604327
-5.95708051
-6.01614696
-5.37359185
-4.89729169
-5.47450407
-5.18664800
-5.21218800
-5.65488963
-5.89394218
-4.33798029
-5.59484513
-5.08273826
-5.17354963
-5.90439312
-5.76935376
-4.84933493
-6.00023322
-5.61142807
-5.73134058
-5.20320671
-4.30949652
-4.39021094
-4.53704831
-4.40671222
-5.12909410
-5.97720638
-3.56552217
-5.78377996
-4.63676118
-6.01875629
-5.85065959
-5.68463649
-5.76287211
-5.75708218
-5.52989340
-4.67308047
-4.31653433
-5.92311343
-4.78894536
-5.56637735
-4.65306865
-4.31613224
-3.33487978
-4.57350652
-4.68051628
-4.97214952
-4.70587793
-5.89296993
-4.91139541
-4.68970025
-5.69768951
-4.74015169
-5.93237316
-5.05085828
-5.08302166
-5.26674177
-5.41624542
-6.03134941
-5.99069882
-5.89892216
-5.35180207
-5.73100319
-5.67582444
-5.90815147
-5.34236469
-5.67630035
-4.80521929
-5.21353924
-6.00174899
-5.46138051
-5.85143893
-5.45449060
-5.19129414
-5.79475069
-6.18965896
-5.26701491
-11.81561832
-11.84954463
-10.44799063
-11.88064751
-11.80665467
-12.07580631
-11.97482519
-12.15893147
-12.12689046
-11.84355559
-11.77327878
-12.86473291
-12.22883399
-10.07674925
-8.62312938
-11.81492907
-11.96826552
-11.90860758
-11.79164900
-11.67053094
-11.72028273
-11.69407494
-11.74681322
-11.96577095
-11.80353351
-11.79201627
-11.77347369
-11.58510358
-11.73434689
-11.37774874
-11.67534092
-11.54877942
-11.76490083
-11.23675753
-11.78780982
-11.56759877
-11.17007259
-11.58086784
-12.01920892
-11.61913836
-11.59368969
-11.42654086
-11.93864205
-11.29177789
-11.71436540
-11.79117981
-11.77449695
-11.90985357
-11.82114583
-11.82001787
-11.70206960
-12.13922879
-11.25972861
-11.68518985
-11.78305730
-11.47490373
-11.89361490
-12.61442459
-10.93850913
-11.72082242
-11.96649378
-11.93454246
-11.76550837
-12.32139902
-11.48154589
-12.41255410
-11.67613556
-12.01901784
-11.51562876
-11.45087753
-12.12945181
-11.79997737
-11.73775619
-11.42101766
-11.68868431
-11.81264856
-11.73403867
-11.93916883
-11.86915634
-11.63194055
-11.71999089
-11.76072364
-11.88154702
-11.77977663
-9.89169251
-10.97102130
-9.26459914
-9.98923811
-11.16338256
-10.22542829
-11.84014920
-11.78563619
-11.44846960
-11.40682018
-11.82840814
-11.13206844
-11.68570751
-10.97484486
-11.30072431
-11.62254564
-11.17679241
-13.14411331
-11.64372678
-13.63394114
-13.53009321
-12.77592738
-12.43079390
-13.70140371
-11.35028590
-12.81824043
-11.47211191
-8.55951832
-9.10570141
-11.88665891
-13.46704973
-12.58289994
-12.41601034
-13.58086015
-13.42094140
-11.93013340
-11.91438166
-13.24707707
-13.18532006
-12.28602125
-11.82496500
-12.22124275
-10.39610980
-10.57027031
-10.72367238
-10.70712782
-10.18819182
-11.21554811
-12.36793387
-10.56914266
-11.96400867
-13.59745544
-12.10177241
-11.67756258
-13.41503683
-12.52476565
-13.29773357
-13.55465399
-13.54336771
-13.34691127
-11.16200749
-10.40979079
-12.60302293
-13.44729855
-13.61506879
-13.49338644
-13.36694975
-13.29832809
-13.50445291
-12.50507151
-12.29292170
-13.21569826
-13.40914069
-13.96076078
-13.03965190
-13.21688404
-13.12663656
-13.21028977
-11.54921455
-14.38299424
-13.41281191
-11.76551752
-13.06680241
-11.87938502
-11.85212109
-13.27039782
-13.41251372
-11.72566485
-13.00294722
-14.01467502
-11.48650145
-11.71038286
-12.52110034
-12.56318623
-13.53180211
-13.61388620
-11.77111209
-13.41158375
-12.18148904
-12.55101290
-13.35175194
-12.14759100
-13.44311623
-13.32041333
-13.59307640
-11.25273147
-12.37407127
-13.24466672
-14.00986155
-12.40569715
-13.61154920
-13.64150164
-13.42208092
-13.56108043
-13.55753784
-13.61561113
-7.37763319
-7.82910930
-7.35189351
-8.66345767
-5.42745506
-5.11129663
-6.66238252
-7.68934755
-7.71529942
-7.90759713
-7.77454560
-7.76327036
-8.01746523
-5.53037744
-5.49738704
-6.75968479
-6.30664416
-7.36947717
-7.33567644
-7.66095150
-7.00418590
-4.95408927
-6.83356478
-7.99908873
-6.87319103
-6.91585344
-6.83121058
-6.24633670
-7.25216798
-6.85973231
-6.91942335
-7.86787899
-8.59253804
-7.85621915
-7.85611083
-7.55978457
-6.54915320
-7.30614095
-7.08650099
-6.52359156
-5.71029624
-5.52318958
-6.43640815
-7.06499100
-6.08115353
-3.74342714
-6.20516369
-6.00238588
-6.24435160
-4.10291754
-4.55814607
-6.88921614
-5.20508868
-5.18075097
-5.87375095
-4.88959986
-5.80841293
-7.49084610
-6.52599863
-5.58018959
-5.12118872
-7.14610363
-7.19011904
-7.24547750
-7.84930781
-6.83589327
-7.18042180
-5.41264183
-7.13565967
-6.96001510
-6.87264259
-8.39345188
-7.06059903
-7.39228326
-7.28734513
-5.98131029
-4.44800751
-4.28113415
-5.95219077
-5.86459701
-5.65830235
-7.15652584
-5.56205302
-6.69451205
-6.42293072
-7.13786123
-7.24571358
-7.48502182
-7.36476225
-6.34785735
-7.03656274
-6.99523335
-7.04368910
-7.72910927
-6.24529036
-4.79027493
-6.15884064
-6.04648265
-4.22952931
-3.87677941
-7.74063857
-7.50303475
-8.07000347
-8.39439945
-8.30174880
-8.65521975
-7.82210275
-8.01085633
-8.91118209
-8.24292327
-7.91775081
-8.20831214
-8.60966559
-9.64750622
-9.04415158
-9.71089321
-9.14071660
-9.17723609
-9.24278023
-8.83317131
-9.23216908
-9.30490626
-8.87883344
-9.08242637
-9.09482509
-9.59548011
-9.13619268
-9.60508594
-9.14772400
-9.03754534
-9.76436840
-8.90833392
-9.23406420
-9.54773139
-9.76271100
-8.93866218
-9.74284796
-9.18993043
-9.60981314
-9.64354428
-9.24634535
-9.75675095
-9.67246381
-9.82271878
-9.81296167
-9.26887593
-9.39825884
-9.57426861
-9.40471055
-9.05495561
-9.60010767
-9.65546600
-8.96858431
-8.35386602
-9.05046679
-9.22755241
-9.01035421
-9.11006548
-9.06172266
-6.77224302
-6.31471484
-8.08006637
-7.50259756
-9.25094798
-9.82080736
-9.59892409
-9.65978262
-9.20183235
-9.75888497
-9.83028581
-9.23605487
-9.32049933
-9.69394170
-9.23695135
-9.00843956
-8.29476272
-9.61225829
-9.83791375
-8.82392362
-9.52326530
-8.22061133
-8.99588467
-6.91596442
-9.69797135
-9.38087477
-9.99924762
-9.17441205
-9.15773157
-8.99612958
-8.60732046
-7.76830579
-8.98124414
-9.16739383
-9.99180078
-10.03816089
-9.67237704
-8.92527204
-8.62987615
-8.64151559
-9.87366364
-8.21270535
-8.28860072
-8.01402449
-9.11722375
-8.30997411
-8.25606869
-9.10292849
-8.14847493
-8.25736316
-8.20884604
-6.93975606
-7.40896176
-7.39682949
-6.96806272
-7.52536747
-6.95069623
-7.21968740
-7.03636369
-7.16018512
-7.45035160
-6.42316938
-6.97094535
-4.01232870
-3.52257681
-3.51050942
-3.66595061
-7.09337614
-4.76481521
-4.29040090
-4.89483240
-8.22973685
-8.66871191
-7.99796388
-7.85598145
-8.23229553
-8.06358884
-8.50289983
-8.31465470
-7.71630863
-8.66488355
-7.75539486
-8.00295025
-7.75256053
-8.13833672
-7.93502969
-7.80074199
-6.10453697
-5.52122318
-6.78587554
-7.24166762
-8.14542281
-8.13753317
-8.79691041
-9.18831558
-8.23856900
-8.42218377
-8.74804938
-9.38847856
-8.88438020
-8.33329576
-8.37930601
-7.42168148
-8.23161432
-8.15771888
-8.35707804
-7.11925234
-7.68534107
-7.54313880
-6.14247531
-8.00497103
-7.93290599
-8.14650692
-7.46079769
-7.57939083
-7.49330751
-7.69219701
-6.90777557
-4.48935003
-7.01609453
-6.94450255
-5.20086070
-8.14195652
-8.20202476
-7.98831470
-8.41532694
-8.15646049
-7.96624478
-8.42307639
-8.12427934
-8.23494018
-8.19751310
-6.85918558
-7.94554573
-8.28726362
-7.70085886
-8.28835916
-8.23593632
-7.94077570
-8.10965052
-8.40947937
-8.78794181
-9.56256399
-8.44629658
-8.57891574
-8.64139481
-8.34604497
-8.16495835
-7.50764386
-8.20327017
-8.41762933
-8.41607371
-8.41485769
-8.27990346
-9.41364933
-9.30918132
-9.57579972
-9.51713146
-9.35582933
-10.36683244
-8.71749038
-9.51311642
-9.41014320
-9.14808509
-8.90690850
-8.96786028
-8.52739532
-8.53325431
-8.82641825
-9.14594726
-9.02869324
-9.03948399
-9.20230263
-8.79462532
-9.75768667
-9.13333431
-9.44295312
-8.86282408
-10.08209765
-9.33210380
-9.50533390
-8.99906094
-10.14683360
-9.67455198
-9.65826353
-9.92235430
-9.55600979
-7.78950610
-9.74656787
-9.74670107
-7.89525178
-7.89525178
-7.78950610
-7.78950610
-9.05808599
-9.70036949
-8.72894210
-8.71267118
-9.26165845
-9.28409964
-8.96004731
-9.11445237
-8.78099157
-8.94162613
-8.95828811
-9.66864580
-9.08167516
-9.76342818
-10.25800472
-9.74227523
-8.41305100
-8.71587582
-7.07381348
-4.83890664
-8.05601494
-7.98873593
-3.96617472
-9.55359745
-9.10469571
-9.02250523
-8.76442543
-9.58666437
-9.41864081
-9.51336228
-9.94811289
-9.29457956
-8.95042580
-9.01007593
-8.73778144
-8.88536921
-8.18973746
-8.65722048
-8.66058100
-9.11028815
-9.65842920
-9.17075199
-7.78934044
-9.88438125
-9.67852537
-9.35441913
-9.23016128
-11.71609548
-11.14098228
-11.32561944
-11.49646543
-11.66063640
-11.17359380
-11.24465556
-11.52590402
-11.40630686
-12.11063911
-11.66244971
-11.54582655
-11.57101061
-11.45260079
-11.45648297
-11.53192705
-11.64257227
-11.28944338
-10.30873440
-11.96427209
-11.18149252
-11.35872633
-11.45763810
-11.16427566
-11.44733110
-11.57979787
-11.59574816
-11.44556108
-11.68241836
-11.50767886
-11.30994636
-11.54719084
-11.71217778
-11.42427037
-11.89049807
-10.02437121
-11.50083015
-11.67113941
-11.11241523
-11.43490755
-11.22040542
-11.66028160
-11.61046854
-11.59342246
-11.43988940
-11.31447565
-11.52691410
-11.58309975
-10.80085261
-11.21706310
-11.78278597
-11.43516991
-11.21609253
-11.58842676
-11.64081055
-11.30861742
-11.33942337
-11.64895470
-11.37221153
-11.44542986
-11.46082185
-11.56180684
-11.47746622
-11.88198612
-11.57375518
-11.56019819
-11.14443090
-11.53178449
-11.54715747
-11.42719252
-11.41605869
-11.57680567
-10.04082348
-11.40891259
-11.65153705
-11.32975263
-11.53002912
-11.93231677
-11.43467082
-11.44790534
-11.85860033
-8.03710518
-10.89586839
-9.20602016
-9.65661792
-9.63542878
-11.76744337
-9.04491983
-11.28523691
-11.19657083
-12.00625769
-10.09561495
-12.25716053
-11.93768164
-11.26872990
-12.27341377
-11.33390871
-11.39172180
-11.39651340
-12.51594501
-12.27497720
-11.81591025
-12.01561807
-12.12586495
-12.33309819
-12.18918650
-12.19045841
-12.05012559
-12.10684234
-12.38316020
-12.92743624
-13.41601102
-11.84929233
-12.68489569
-12.66812042
-12.59506250
-12.60225393
-12.61974717
-12.63288867
-12.34633161
-11.06875783
-12.52621906
-12.63371980
-12.07599726
-13.70636700
-11.91202790
-11.83670676
-11.95016106
-11.87601140
-12.84902781
-11.67654813
-13.03334293
-11.79047999
-12.82191581
-12.84236971
-13.02677391
-12.85682069
-12.83205564
-12.83422048
-12.24986759
-13.56014549
-13.55925720
-11.64145889
-11.71179727
-13.47823060
-11.94573984
-12.25166959
-12.02380954
-12.27180505
-12.24051508
-11.64488513
-11.73977168
-12.19053037
-11.70610473
-13.06676236
-11.96060262
-12.79183025
-12.77945889
-12.06724777
-12.04250950
-12.22409789
-11.97122530
-12.18339472
-12.06632099
-12.23786840
-12.35322593
-12.02643747
-12.49149405
-12.06532022
-12.31301685
-12.29694453
-12.19323573
-11.96058536
-12.10786782
-12.13141554
-12.07334636
-12.45652646
-10.78710388
-10.68786732
-11.90137790
-11.37514154
-12.69471442
-12.75885159
-12.05471346
-11.87082416
-12.17466468
-12.23652430
-11.76385085
-12.09044858
-13.45934450
-12.12571969
-12.19892567
-12.03425782
-12.04309144
-12.13658495
-11.89670294
-12.26181087
-12.02515151
-12.36241436
-12.17054572
-16.53094792
-17.23067057
-17.31094096
-16.87656265
-16.77371483
-16.80951969
-17.08244986
-16.87045167
-16.58450657
-16.71327233
-16.63198596
-16.47994401
-16.74026918
-16.50449999
-16.37078899
-15.55994695
-17.06100870
-16.68737305
-15.78081330
-16.80149407
-15.84322333
-16.67573875
-16.11735805
-16.62233147
-14.30131332
-15.49147991
-15.33126013
-15.50392885
-14.98878897
-15.52119537
-16.13645667
-11.85851212
-14.74003499
-14.98259583
-15.05100112
-15.80437358
-16.38560797
-16.02028118
-16.52959855
-16.51223402
-16.72727799
-15.90090251
-16.47873959
-15.96309030
-16.19156397
-16.86265416
-16.79625643
-16.62252477
-16.72085123
-16.85003916
-16.59353375
-17.21897762
-16.95693486
-16.52793755
-16.77011062
-15.74105937
-16.81456869
-16.81040924
-15.67020262
-16.53457423
-15.16757682
-16.02627390
-16.61449397
-16.57456671
-16.48583543
-15.75951827
-15.70439486
-16.68680912
-16.72626194
-16.66066056
-17.13718422
-17.41343705
-15.82527579
-16.72732842
-16.66460785
-15.95537931
-17.41676645
-16.22837645
-17.24596768
-16.23678167
-16.04668019
-16.76609846
-16.43625215
-16.55212079
-16.51376206
-16.45652407
-16.27873010
-15.58695573
-15.88067625
-15.62601867
-16.13883691
-16.69840381
-16.59699484
-16.42687204
-16.31204655
-16.66475696
-15.75211486
-16.60543481
-16.83318804
-16.58612941
-16.04567905
-15.96371884
-15.56342981
-15.55244208
-15.59676905
-15.53857043
-15.47883018
-15.78373931
-15.66429739
-15.40883125
-15.54909364
-13.74815887
-15.09190184
-15.01419307
-14.44652212
-15.88828412
-15.02325419
-15.23632572
-15.45531586
-14.92057935
-15.07607409
-14.96626235
-16.29485784
-17.09738776
-15.32025284
-15.00661574
-15.32307427
-15.23589906
-17.31295199
-17.31576277
-15.97570293
-15.71536788
-17.16497854
-15.90964926
-15.86788412
-15.97383589
-13.77586420
-17.29846012
-16.04837497
-16.09518188
-17.17579844
-16.15022807
-16.14351327
-17.64882330
-16.29596923
-16.40512352
-16.41040968
-15.55752516
-13.58026272
-17.31473142
-17.32458624
-13.37778250
-13.55398794
-13.49115959
-15.95194356
-17.23967821
-16.35630354
-16.16236543
-16.00882196
-17.51969869
-15.72568889
-15.55568903
-15.55814881
-15.54350419
-15.47717358
-15.23563498
-15.29110471
-15.32929391
-15.29183212
-15.24252104
-15.54804153
-15.83502237
-13.83232277
-14.97775710
-15.80599676
-15.79568387
-16.09732388
-15.81860014
-13.14740730
-14.71890980
-16.10484411
-14.25130658
-13.38269853
-17.10329719
-15.70924158
-14.92691490
-17.42973981
-15.99782964
-16.48499216
-15.78906073
-17.68483714
-15.82889405
-15.93005564
-16.01638482
-17.39375795
-17.70841991
-16.18601589
-17.63065846
-15.60035660
-14.32583790
-8.86150667
-7.99755809
-8.28593929
-7.87397311
-8.13102236
-8.45950447
-8.47866769
-8.45446511
-8.41032655
-8.54629475
-8.56652231
-9.30512564
-8.62033050
-8.28379022
-7.75201699
-8.64385201
-8.19890160
-8.31616675
-8.97633708
-8.66793981
-8.72116451
-8.48351090
-8.69602344
-8.59870132
-8.19030510
-8.57717981
-8.66394173
-8.90196290
-8.88415202
-7.80440490
-7.57323090
-7.59313949
-6.11598586
-10.51817589
-7.40119026
-9.41499876
-8.69743619
-8.72497623
-8.20786244
-7.81335497
-8.53302556
-8.64706828
-7.03249122
-6.97446411
-8.62214803
-9.14159613
-8.72031085
-8.19818925
-8.12299943
-8.63665520
-8.12558648
-7.20031884
-5.65892475
-8.92349053
-8.07625395
-9.71493273
-8.51375734
-8.73619830
-9.67151089
-9.03563137
-9.21659350
-7.39823218
-6.14927432
-5.47874018
-5.75558685
-5.11716470
-9.03146453
-9.02753606
-7.56293271
-8.68551593
-8.63311145
-8.32388767
-8.17519887
-7.94400911
-8.78871270
-8.56952185
-8.19304129
-8.46542401
-7.73298838
-6.49561044
-8.46265336
-8.08961319
-7.79807506
-8.69104475
-8.68837370
-8.59105355
-8.73962550
-8.15794636
-8.18233453
-5.99512940
-7.79363485
-8.40195910
-8.44669983
-8.21633924
-8.61116482
-8.64258752
-8.62439064
-8.39592041
-8.95825073
-8.62449294
-4.13330039
-3.58455890
-3.16385724
-4.42593424
-2.45259189
-3.72060926
-3.39819689
-3.50825038
-4.70723038
-3.21295224
-3.47189588
-4.44429958
-3.76280329
-4.33755194
-4.35674717
-4.20650507
-3.68822769
-4.03755318
-4.19664234
-3.67017830
-4.45705261
-4.30138624
-3.65580068
-4.30730087
-3.61496151
-4.52502157
-4.45288822
-3.71927339
-5.03330199
-4.47210490
-4.53090430
-4.71845790
-4.27617308
-4.03518667
-2.90654410
-3.50318609
-2.82292120
-3.92821873
-4.78730462
-3.53100600
-4.68954547
-4.70755573
-4.20120054
-1.03929003
-3.60744340
-4.71317899
-4.38518407
-4.63413308
-3.11590649
-2.69461810
-2.68352915
-3.73091125
-4.69740080
-4.87928131
-4.44436393
-3.81828355
-4.60920024
-4.18870841
-4.51810038
-4.55285798
-4.30177251
-4.34963620
-4.57553155
-4.64473428
-2.86660782
-4.49774490
-4.52138660
-3.85323729
-4.56405598
-4.76198339
-3.98523272
-4.17698868
-4.53307249
-3.95988014
-4.12695978
-4.79810707
-3.63261674
-4.48549479
-4.63918630
-4.57287344
-4.29363323
-4.38150567
-4.46056975
-4.42549714
-3.39509581
-4.03133653
-4.01782277
-3.97859562
-3.62826612
-4.59535736
-3.91673722
-3.52780772
-4.69745387
-2.62376955
-2.91873843
-2.96235964
-2.57802827
-2.62083226
-1.25196915
-4.48071228
-9.05285518
-9.11126929
-9.51421280
-10.06854732
-10.09796938
-10.04308306
-9.29808434
-10.01184866
-9.98893442
-9.14819778
-9.13890012
-9.01557094
-9.23511428
-10.04926332
-10.33430214
-9.73744190
-10.09880081
-9.13771417
-9.54512545
-8.27767184
-10.21345166
-10.03159163
-10.03322454
-10.14752927
-8.88023583
-10.02372553
-4.09307060
-8.28577118
-5.66777906
-4.86783994
-9.41773650
-9.38325482
-9.88151186
-9.23648784
-9.26203513
-9.44396357
-9.95359995
-10.02716424
-10.18839672
-10.21266079
-10.23138853
-10.60482696
-10.17851110
-9.56165897
-10.48419977
-10.20268925
-9.77999453
-11.38502555
-10.38359620
-10.21178675
-9.81459941
-10.36202153
-9.22466955
-11.41316643
-10.14244480
-10.03813367
-10.54087055
-10.29025258
-10.25619097
-9.00269005
-10.22578224
-10.74252581
-9.45221828
-10.18901131
-8.70684144
-10.16875965
-10.04891901
-10.15197591
-9.42947058
-10.11247408
-9.25847238
-10.00183337
-10.15012635
-8.85074606
-10.04004056
-9.06645788
-9.46485040
-9.10857279
-8.34065210
-9.33148596
-8.82839580
-8.88190008
-9.18457594
-9.08362133
-10.37647585
-10.36484306
-10.21795619
-9.02374805
-8.99170206
-10.00127084
-11.36607633
-9.32888900
-9.57660902
-9.66719778
-10.39359466
-9.37817870
-10.36267980
-10.18002864
-10.46457981
-8.96600362
-5.13153687
-4.43932721
-5.21994581
-5.54997703
-4.88541967
-4.43197092
-5.82075658
-6.40612298
-5.73762362
-5.82751969
-5.93341086
-5.46328605
-6.79274577
-6.31202269
-4.57344526
-4.56861259
-4.13923665
-3.94653762
-2.75658089
-5.77225543
-5.92944867
-5.90565178
-6.08856061
-5.94783370
-5.93938193
-6.25966385
-6.00425423
-6.32938010
-6.90419337
-6.10978905
-4.84795494
-6.00035339
-5.74748984
-5.25233918
-5.47653154
-5.61788697
-5.80620567
-5.57451778
-5.63774417
-5.99583233
-5.39442310
-5.55586068
-5.46575364
-5.94782854
-6.08339630
-5.52612045
-5.39428180
-5.64913129
-5.39622075
-5.64583564
-4.88708497
-5.29293865
-5.24924399
-3.48143018
-3.45167617
-5.29491291
-5.50175525
-5.17998981
-5.76478210
-6.42240785
-5.97502341
-6.13396397
-6.65007916
-6.21344528
-6.84956672
-7.23689058
-5.97722236
-5.76420052
-6.38035680
-6.95180773
-7.03425937
-6.60804902
-5.39014261
-5.59205761
-6.61845128
-6.47894606
-6.34304484
-5.68620711
-5.86722218
-5.92316710
-6.07688604
-6.22059159
-5.55769729
-5.92698583
-6.48984698
-4.66426314
-5.77782904
-4.94683968
-5.64226754
-6.74377565
-5.57483519
-5.71618038
-5.12685196
-6.64157895
-6.87739255
-5.34374770
-4.69645129
-5.04282063
-5.17554680
-5.34101357
