-12.73035719
-13.18064499
-14.39065726
-15.22004664
-15.49529430
-14.91050848
-8.68165690
-7.97041461
-12.59473156
-12.70743174
-13.08910790
-10.84599628
-9.43715136
-9.21280766
-9.97127527
-8.83208863
-8.92881252
-10.01237273
-10.73122628
-10.59992390
-14.57782652
-14.50973963
-14.51084532
-14.82024989
-14.76643827
-14.72514774
-14.18605070
-14.02008567
-14.24081964
-14.34376232
-14.79452276
-14.09017991
-14.28489291
-15.35273479
-14.02569022
-15.08741901
-16.19142590
-14.97316893
-14.97439723
-15.24325802
-14.21213455
-13.82828029
-14.79335727
-14.91395761
-14.90140774
-14.58781334
-10.56683304
-13.77920029
-12.71928912
-12.98258986
-13.68872520
-13.29326322
-13.69137608
-14.04162435
-13.62776282
-13.22566237
-8.67330771
-14.05159956
-10.51799530
-11.84822367
-11.58834415
-11.94132413
-11.45827673
-10.75770222
-11.36944927
-12.46071802
-12.87973404
-13.33801009
-8.11142820
-8.31270096
-7.62452908
-7.77840942
-7.49683867
-13.98197164
-14.07763865
-14.12015481
-14.73419576
-14.77743228
-14.39909863
-14.49828604
-15.15334177
-14.53110840
-14.50924870
-13.66655867
-14.89309700
-14.83782471
-15.24523529
-14.76619254
-14.63812685
-14.76629829
-15.02941942
-15.30026535
-15.11369719
-14.87369343
-14.31719348
-13.38828216
-11.55901473
-14.62819481
-8.05794720
-9.16266957
-9.63677621
-8.87953160
-9.65069663
-10.20178965
-9.92250779
-9.72342065
-10.18074927
-10.62383642
-9.02244504
-10.69797145
-10.43744235
-8.43553637
-10.50626840
-9.64759703
-10.41368341
-9.58338721
-9.78717274
-10.01708474
-10.36260003
-10.33322994
-9.94744154
-9.74627647
-10.01958471
-10.22217550
-10.33949618
-9.84189240
-10.12152366
-8.55884275
-10.46739149
-9.92335859
-10.54811778
-9.83002952
-10.30993588
-9.22743513
-9.31270566
-9.18544565
-9.29776344
-9.10046819
-7.79968753
-10.24081781
-8.98822029
-10.29982858
-8.97185552
-9.96472743
-9.84118462
-9.86814177
-10.79455803
-9.81221975
-10.15695672
-10.52059585
-9.74384334
-9.98090835
-9.26676884
-10.00789275
-10.28983905
-10.19291339
-10.61717596
-10.36238555
-10.25480990
-10.70725792
-10.51626656
-10.17129323
-9.90683931
-11.22416569
-11.07423826
-10.59345546
-9.77048238
-10.29408198
-9.47455540
-10.50711871
-10.21091963
-9.94778198
-10.89539528
-10.18069966
-10.12909991
-10.89441110
-10.07271177
-10.38707109
-10.33063543
-11.07904415
-10.08329620
-10.43512231
-10.15839443
-10.00303043
-10.14788914
-10.47387731
-10.00710976
-9.59986499
-10.84781559
-9.05261176
-10.06752501
-10.36106469
-9.31318936
-9.36438659
-10.50273401
-10.29768326
-10.25739853
-10.04712250
-10.36089620
-9.92392763
-11.82540477
-11.47060952
-11.70269469
-12.52166402
-12.00819133
-11.76070523
-11.76906300
-12.12373305
-11.79425214
-12.37447879
-10.98359639
-11.81670897
-12.03440007
-12.01877477
-11.14665317
-11.81397478
-11.53797218
-11.48872978
-12.15253560
-11.38682875
-11.84841487
-11.99805643
-11.45170961
-11.49716354
-11.54202667
-11.24416894
-11.41487692
-12.18085902
-11.53936410
-11.31217919
-11.16620777
-11.35755303
-11.56531946
-11.64527969
-11.07673816
-11.70092116
-10.47380544
-12.07254603
-10.74078435
-12.51017858
-11.96004981
-11.80396746
-12.01264889
-11.36172317
-12.28317768
-12.32357391
-12.13596836
-11.94458407
-12.01675659
-11.50825789
-11.82028517
-12.30274427
-12.11545532
-11.58801312
-11.47281615
-11.71643275
-11.79032861
-11.18560411
-11.61226718
-11.74655474
-12.02162650
-11.85361214
-11.74016475
-12.23596908
-11.47868976
-12.62851894
-11.65754125
-12.14502139
-12.26159776
-12.27028864
-11.75604712
-11.43921133
-11.46869828
-12.78510488
-10.90546530
-12.30996796
-12.08280518
-11.95659307
-11.96808491
-11.41773255
-11.20620837
-12.42194261
-10.52230279
-11.76438579
-11.35667441
-10.47041556
-10.63991162
-12.14570163
-9.40280835
-11.05568524
-10.48997816
-11.53267702
-12.16464011
-11.58822406
-10.66651452
-9.83308922
-10.94058131
-12.03022219
-12.64367121
-12.69698256
-11.66878951
-11.78580915
-11.71372061
-11.33308666
-11.95817435
-11.92329649
-11.19717750
-10.92602033
-11.62739104
-11.26412149
-10.26399490
-10.51929413
-9.50377785
-12.05930071
-10.04909455
-10.37145652
-10.54303972
-11.22404278
-10.25389961
-10.53321621
-10.39855989
-11.77192879
-11.43703337
-12.15630464
-10.32153782
-11.50896236
-7.46112972
-7.95531091
-5.27868019
-4.53708946
-8.89997553
-8.17308284
-7.42087267
-7.97928896
-10.25011610
-9.87726869
-9.75344620
-8.82977777
-11.59226391
-10.44750218
-9.23733787
-9.77334924
-9.22770670
-9.84582160
-9.59271309
-12.12369949
-10.52190474
-12.12672367
-10.78415468
-7.72707088
-12.21604365
-8.06226279
-9.51675071
-9.67593460
-12.47573092
-11.64706554
-11.06761918
-11.94005090
-11.82557175
-11.00671204
-11.79995315
-11.79916444
-10.86378564
-11.16747101
-12.23205536
-11.15881403
-11.86712735
-11.64851996
-12.71555561
-10.87253073
-11.43111401
-11.27499291
-10.61219191
-11.77068291
-12.12209322
-10.48997592
-11.89600110
-12.49235572
-11.24460739
-12.68688955
-13.69488898
-11.84259232
-10.70107541
-8.84137728
-9.52630801
-6.66343347
-9.18401335
-8.59649733
-9.57262713
-8.02034226
-10.52233238
-10.59200587
-10.83787807
-10.24739289
-10.25218762
-11.81139976
-10.05885345
-12.00506525
-10.86560584
-10.40471123
-9.17325491
-10.19473329
-9.21229907
-8.88776479
-7.71813470
-8.65359424
-8.78258670
-8.92900027
-9.01511411
-9.29027922
-10.07287615
-8.98509749
-9.80318556
-10.26342506
-9.48604291
-10.52087076
-9.55687701
-10.75713435
-9.44349735
-10.01761840
-10.25386384
-9.88273747
-9.05665759
-9.25301977
-10.09222725
-10.48069538
-9.72365565
-10.78743462
-11.51488937
-12.58571034
-10.54980560
-10.03944360
-10.20381748
-11.08497739
-10.65667528
-10.41530844
-10.99528210
-9.21123752
-8.28379762
-9.02774821
-9.30458768
-9.80565629
-10.52574424
-9.39774507
-9.87509049
-9.71101925
-10.45031099
-11.13827689
-11.50675119
-10.55214082
-10.89242474
-11.34523032
-9.79566921
-10.92721032
-11.52688112
-6.92002800
-9.16550279
-9.83481979
-8.89913874
-10.63306905
-10.37866394
-10.38119943
-10.31247482
-8.38961246
-8.61889042
-10.19796394
-8.15426959
-9.37009314
-6.15177647
-8.33559048
-9.19593624
-10.13361458
-10.45069769
-8.65739252
-9.20965201
-9.23306396
-9.71686654
-11.41286889
-11.61565698
-10.22783834
-10.47612721
-10.28099409
-9.58925861
-10.53256905
-10.21816804
-10.40176828
-10.15257938
-10.47061640
-9.06748650
-10.55931766
-9.96823183
-10.87784867
-10.71127342
-9.89319049
-10.59732938
-11.54774381
-11.46261072
-10.72182343
-10.69702860
-9.08865508
-9.04086695
-9.44265155
-10.07983768
-9.99222293
-10.54262703
-8.84887253
-10.20735334
-9.42143110
-10.58574374
-10.14187726
-11.23654843
-10.55287080
-10.86225560
-9.61229667
-11.23278510
-10.30680170
-10.69424848
-10.77592222
-10.88027804
-10.60806870
-9.53867228
-10.48187066
-10.05291999
-9.44436937
-9.92518684
-10.41931711
-8.08872226
-8.70828255
-9.33622325
-10.71879005
-10.43413493
-8.77980833
-10.19660880
-10.26813930
-8.66873220
-9.53466592
-10.24528745
-9.11200116
-9.37972023
-10.88656546
-10.98519140
-9.82575600
-10.47201360
-8.59456402
-8.26210179
-8.66136531
-9.94037230
-10.69025222
-9.35945647
-11.06886963
-10.89762436
-11.15658467
-11.09429737
-9.80263413
-10.02239235
-11.63091398
-10.97782115
-11.09122764
-10.69040946
-10.11336854
-10.15175684
-11.43235348
-10.88892766
-9.50160733
-9.91608053
-10.51717869
-10.57760667
-9.78395258
-9.73872287
-10.41287125
-9.89638080
-9.94872261
-9.96237580
-10.34967209
-10.78521071
-9.81714623
-10.29592019
-10.88773319
-10.26504600
-10.55199385
-10.73898564
-9.08745235
-8.71505226
-8.85963831
-9.59314059
-10.84144570
-8.89741548
-9.03354532
-8.23079783
-7.78303901
-11.93037752
-10.59957479
-10.65300186
-11.49603263
-10.89301213
-11.75133697
-10.97147762
-10.72474068
-10.67556341
-11.21652139
-9.40289853
-10.32777568
-9.78131107
-10.55809210
-11.01374228
-11.29124007
-10.31627045
-10.99684588
-11.04659123
-10.16105598
-9.85781935
-11.21914936
-10.61097416
-11.43351890
-9.23064643
-10.10027745
-8.20420423
-7.02132200
-7.95439458
-6.28285163
-8.89676184
-9.98875419
-9.52014610
-7.90117815
-10.41036786
-9.06542903
-9.58732734
-9.98591411
-9.80546344
-10.21139080
-9.68883033
-10.72704034
-10.21375172
-9.09906678
-10.77927351
-10.38280421
-11.05599954
-10.60687277
-11.53906390
-9.58503463
-9.81842337
-11.23255626
-11.17135502
-10.02529815
-9.86071604
-9.87067611
-11.04518563
-10.09583022
-10.03973294
-9.92626611
-10.07440707
-11.44310087
-10.78472031
-11.50092605
-9.49286712
-11.16350404
-11.08846949
-10.68079469
-10.18249703
-11.14642777
-10.87240620
-10.63109839
-10.18525139
-10.45944518
-11.25614934
-10.36399686
-9.39298015
-9.46944649
-10.08740316
-10.31231977
-9.73040240
-10.19413244
-10.26567918
-9.27215478
-10.18444283
-10.05273409
-10.51053791
-10.98338409
-10.44251741
-8.84872044
-9.13397467
-10.38580226
-11.13000476
-9.94129839
-9.88987033
-9.31261513
-10.24642697
-8.46421430
-8.67537298
-9.74291838
-10.63062361
-10.35063558
-10.24650927
-11.25700672
-10.52457033
-11.39493919
-10.51733263
-10.61749671
-10.65893303
-10.31870279
-14.44565205
-14.64497786
-13.82759170
-15.19281974
-14.22559573
-14.14895191
-13.96665369
-14.08199090
-14.69967174
-13.34709736
-14.38730552
-14.09009836
-14.12149148
-12.97226141
-14.54878249
-14.33138356
-13.77063299
-13.87246526
-14.06538694
-13.48029253
-14.12640069
-13.90401286
-15.02817877
-14.73025561
-14.95814325
-13.49314728
-13.64372431
-14.47583037
-14.31300176
-14.44262158
-14.39795763
-14.25460357
-14.74545897
-14.71188182
-14.98852199
-14.26562153
-14.81410815
-14.36124815
-14.63956211
-14.69311567
-14.56366428
-15.12078203
-15.46984840
-14.36846996
-14.77418940
-14.83644681
-14.02059349
-14.92068736
-14.46896605
-15.57544267
-13.99293977
-14.54654746
-13.72868097
-13.87667858
-13.62722037
-13.94948622
-13.84967726
-13.20687019
-14.35770323
-13.50663246
-13.68583550
-14.42226506
-13.59188223
-14.58363700
-13.71487154
-14.76152392
-14.23680005
-14.64313541
-14.09955693
-13.72633509
-13.99562936
-14.40223760
-14.53690898
-14.15844533
-14.39021455
-14.08046070
-14.46250062
-14.09617020
-14.56680058
-14.58342490
-14.54079467
-13.70998352
-15.11006391
-14.00062820
-13.80626965
-14.36880004
-15.19154484
-13.71185515
-14.50352181
-14.43379932
-14.95651548
-14.62498206
-14.29471660
-15.36647577
-14.34676250
-13.94336623
-14.53488177
-14.83546374
-15.00766725
-14.68786459
-6.62382600
-8.06838377
-6.76150199
-6.26158774
-6.33868140
-6.49703160
-6.41265817
-6.43447562
-6.48045927
-6.20469846
-5.68558420
-6.01773857
-6.14905238
-5.72123721
-6.18219539
-6.16166433
-5.91776592
-6.59360884
-6.80580349
-6.21760704
-8.45498539
-6.55723899
-6.21145078
-6.47585155
-6.61461695
-6.67045510
-5.84082851
-7.18127449
-6.57408943
-6.43013593
-5.31062845
-5.35873775
-5.19971034
-5.04336856
-5.75176871
-4.53418791
-5.05575108
-4.96093359
-5.44395818
-6.30180567
-5.01102474
-4.88423041
-4.59455277
-4.83277992
-6.73595174
-3.28390608
-4.93293339
-4.62030979
-4.75838461
-4.70325265
-6.42931976
-5.09154609
-5.45918191
-6.66836158
-5.64560004
-6.08502091
-5.71550584
-5.63486796
-7.70686419
-6.42645934
-5.86501491
-5.80455447
-6.69732276
-5.71914405
-5.41930763
-5.88245056
-6.41661737
-5.89465147
-5.44412667
-7.18867309
-5.22156222
-5.68760852
-6.66972820
-6.79358149
-6.24329866
-6.09644701
-6.34974723
-6.18935954
-7.00183139
-5.75481050
-6.43496794
-5.32992114
-5.51895651
-5.97127692
-7.32770172
-5.87223377
-5.73135011
-5.83338709
-7.43809611
-6.06092383
-4.90097290
-6.02421057
-4.97711249
-5.08487315
-4.83540386
-4.51394974
-6.27821210
-7.56466135
-5.13303060
-5.51969592
-5.87930199
-6.84642189
-6.52101012
-7.43717761
-7.41674964
-6.67496306
-4.84784339
-6.65349814
-6.52129266
-5.54675977
-6.24269501
-5.14671512
-6.54537271
-5.97709822
-7.10461784
-3.98735644
-5.71719782
-7.14569558
-7.36513679
-4.80952743
-5.35673757
-6.25216402
-6.78383564
-5.35415667
-6.85079491
-7.11581131
-6.75019107
-7.11064226
-3.11694152
-3.54185167
-4.11470889
-4.42375403
-3.90273010
-3.59280109
-3.01552138
-4.40974429
-3.71123965
-3.77680729
-4.23994434
-5.69273137
-6.35833331
-5.41305919
-5.95828135
-5.60024485
-5.83897126
-4.43988831
-5.69191684
-4.51808218
-6.41258019
-6.73053921
-6.95330789
-6.59231495
-5.83985902
-6.70915702
-5.99449537
-5.89196191
-6.84952556
-7.05898154
-5.30235374
-6.70810453
-6.19991985
-6.22432058
-6.52371991
-6.55228301
-6.73403976
-3.77013592
-7.29429828
-6.25516435
-6.75170334
-7.13084187
-6.84452281
-3.38673968
-5.49806711
-5.15640971
-6.63827653
-7.04727313
-4.04467755
-5.96241560
-5.18976690
-7.40402225
-1.88837269
-2.96800073
-2.92411344
-3.53514705
-5.18432011
-4.70907411
-4.11061949
-3.97078130
-3.06842682
-3.64244635
-6.48036042
-6.19854138
-4.72237124
-4.26454887
-4.47624155
-4.09318997
-4.06450245
-3.21433703
-5.84856039
-4.01412089
-9.09982427
-8.47429106
-8.03772489
-7.27918090
-7.79097348
-7.79338262
-7.36143511
-6.22328017
-6.68128914
-5.67055123
-9.30555005
-8.86505633
-8.93162639
-9.61379224
-8.44383984
-8.71593610
-9.50618935
-9.58204369
-10.10887716
-10.07856285
-8.40895811
-9.22979885
-9.96558845
-9.81662050
-8.03175763
-9.91305079
-9.60154924
-9.22420503
-9.67650384
-9.37607984
-10.79682711
-10.12072338
-10.81171457
-9.40471144
-9.29844856
-10.63383223
-8.46115801
-10.67758917
-10.68184726
-10.46638661
-9.31726064
-11.28009153
-10.34139356
-9.66080030
-9.25065734
-10.64277978
-10.89292279
-9.21556790
-9.05190313
-6.21874439
-7.75912856
-8.94915570
-8.71172237
-7.37083343
-9.25220208
-9.63730617
-9.73354340
-8.80816366
-9.01274870
-9.08192681
-8.97828931
-9.37890770
-9.34881443
-9.30436706
-9.74345971
-10.41002559
-9.36205088
-10.31550001
-9.45577286
-9.04411313
-11.52267148
-10.07598720
-7.96141375
-8.04655955
-10.53158770
-9.85281867
-10.27584937
-10.67127580
-10.41977115
-10.29527208
-10.46045354
-9.72791068
-10.42476295
-9.59180997
-8.85496966
-8.73135668
-11.15143800
-11.02966599
-10.81776021
-10.06828043
-10.13662787
-9.57723199
-10.12163563
-9.99459915
-10.73249195
-9.48400566
-7.93877040
-7.87712420
-9.55496139
-7.73662070
-4.43405823
-4.70550446
-5.33410414
-3.74417049
-4.89531736
-6.38556749
-5.00738931
-4.00247334
-4.88304497
-6.96267599
-5.94146116
-6.35240698
-5.91194205
-6.04034035
-6.24955922
-5.75650911
-6.67646363
-6.82798728
-5.83265126
-6.85753777
-5.76501012
-5.67578548
-6.22284950
-5.93270305
-6.37328590
-5.77180088
-6.27087506
-6.14954494
-7.05036474
-6.48674841
-6.88308039
-7.40082048
-6.91040762
-6.82577821
-6.96793251
-7.18157942
-7.38040054
-7.36264560
-7.27919313
-6.81936428
-6.70442943
-7.29384474
-6.72547849
-6.46721604
-6.43603444
-7.58354408
-7.95843221
-6.62532365
-7.28456503
-7.10976392
-7.54330323
-6.85912756
-7.23487438
-8.55569501
-7.25127085
-6.79779279
-7.22263921
-7.49075024
-5.99230677
-5.53278643
-4.81144459
-5.36574488
-5.45393440
-5.32323135
-5.86967889
-6.17553702
-5.70394808
-6.65554466
-5.33039789
-5.70441582
-6.78920186
-7.25705886
-7.49708451
-6.90570782
-6.82630177
-7.31152742
-8.38002880
-7.16529237
-7.12598114
-6.87142234
-6.34249351
-6.05387702
-6.79160014
-7.16815618
-7.21997828
-6.27088555
-6.90119129
-6.78765284
-7.35288256
-7.61173710
-7.49930432
-8.05977864
-7.34776638
-7.33494422
-8.08338913
-7.56900504
-6.72094975
-7.16629055
-7.52944253
-7.33228859
-8.74587070
-8.49449654
-8.29397204
-8.50524213
-8.20586735
-8.42539711
-10.17936079
-8.17126255
-8.62755655
-9.01887137
-8.03688654
-8.94750305
-9.32546409
-9.21070294
-8.24111216
-8.17680192
-8.58672327
-7.92130899
-7.53867894
-9.30092363
-7.67098183
-7.66469853
-8.28212240
-7.90419169
-7.86997573
-7.80508678
-8.83198410
-8.50123521
-6.98103648
-6.75372868
-6.14195320
-6.48825074
-7.17742534
-6.54614954
-3.64791288
-6.71967433
-6.48146063
-7.67274690
-9.32805753
-8.64556251
-8.37909238
-8.05549720
-8.81047905
-8.50685491
-9.35047279
-8.29622933
-8.17878616
-8.51393861
-9.01899000
-7.92214483
-7.97950845
-7.89539999
-9.29352622
-7.66530215
-8.12478939
-9.00227971
-7.77609931
-8.81000822
-8.19229226
-8.88352322
-8.41241024
-8.20730382
-8.07941508
-7.99816061
-7.88775349
-8.55118995
-8.91876098
-8.98455141
-8.01316678
-7.96574148
-8.17263332
-8.68141931
-7.94951197
-7.93357716
-8.05694245
-8.14495242
-9.02345250
-8.22855735
-7.91338298
-7.44592388
-7.97894932
-8.42166826
-8.22380082
-7.01208813
-7.61951101
-7.57827381
-7.65311393
-8.56367317
-9.00379013
-9.00889037
-9.16528505
-8.16502844
-8.09276352
-7.82944238
-9.42684818
-9.00763286
-9.11302306
-7.91597727
-8.30845014
-7.12584387
-8.37868621
-9.48320175
-8.78514435
-9.28309811
-9.31310053
-8.34983418
-9.17655723
-8.50899825
-8.54905777
-9.06569888
-8.82259883
-9.24245236
-9.33442814
-9.19025572
-9.39049402
-9.14652422
-9.31702955
-7.48993085
-8.68643170
-9.14537458
-8.74875727
-9.12440351
-8.51682187
-9.06765852
-10.82591498
-8.47798772
-8.39159332
-8.54992698
-8.14855271
-8.77812481
-8.98542520
-8.89322869
-9.39192567
-9.20468117
-9.43678554
-8.79583641
-8.10037396
-9.23812012
-8.64657578
-8.64932261
-8.00531472
-8.94450408
-8.36098791
-9.51626242
-9.20091442
-6.89894992
-8.61723010
-8.04278939
-8.04486730
-7.66759603
-9.37190385
-8.96196715
-8.22868365
-9.31566150
-8.86212852
-9.30541674
-9.24412819
-9.35071318
-8.13424028
-9.22239173
-9.00969676
-9.63753973
-9.44047540
-9.42174624
-8.87744399
-9.49744826
-8.38343480
-8.56601111
-9.27025170
-8.42866789
-9.34310857
-9.78722503
-9.50644953
-8.97994579
-9.01332055
-9.41771652
-7.88238999
-9.73164023
-9.73428518
-9.29711091
-9.49206620
-9.21720400
-9.46800636
-8.32707871
-8.63376749
-8.51764556
-6.78327474
-8.65366351
-8.67952261
-9.17044163
-9.17674144
-8.15761480
-8.78349672
-8.41347943
-7.84952597
-7.40391241
-8.32668957
-8.29875907
-8.66534280
-8.89264251
0.73460599
-1.36193584
0.84703734
0.26351927
-1.06477872
1.39436304
3.19901074
-1.27647620
-0.89891651
0.63940933
1.31570710
1.18526849
1.48284152
1.90003003
1.83171374
1.19123784
1.39904206
1.78556487
2.39278013
3.43505096
1.08410683
1.43597980
2.23213351
2.17412062
2.30041971
2.07130115
1.17039058
1.46760293
2.96833548
1.31967527
4.11629544
1.95918395
1.56015435
0.71758144
0.29851292
3.94436063
2.84681720
0.43070671
2.72136237
0.93249616
1.22830522
1.36156206
3.89992033
2.45215657
1.92420669
1.70096952
1.81781274
2.52578283
2.02421320
1.49314279
1.96210095
1.14946555
1.94598619
1.83308220
1.91574659
1.53128641
1.53729354
0.68349314
-0.55187564
0.33068395
1.96670888
3.65497917
1.57435630
2.65519629
2.73995720
0.24847909
0.35980643
2.04882458
1.53922147
0.67133497
0.82548483
0.89892428
2.40750466
0.70786738
2.87929574
3.53034299
1.98746198
-0.03598098
3.46686306
1.53226955
3.05006640
1.22431288
1.53957827
1.14029978
1.11494916
1.61179197
1.82347541
3.85964682
3.49555261
0.72561951
3.37288986
1.72123116
4.51582053
2.68307431
2.56122101
3.29900332
2.79177719
3.37857445
3.09603532
5.62214866
-11.99549951
-10.89494207
-11.89973689
-10.24459140
-11.00976376
-11.12431718
-11.61042864
-10.27529781
-12.04933818
-11.20123103
-11.86666907
-11.71433843
-10.07466139
-10.19522368
-9.85739845
-11.77998104
-11.48651605
-11.45046320
-11.72902105
-12.21366695
-10.87246189
-10.90758490
-10.77544142
-12.81529953
-11.99786994
-8.44828087
-10.94554996
-10.48097963
-10.22963876
-11.58508495
-10.72441920
-12.30041690
-10.24427934
-12.63303126
-10.61640185
-10.94295702
-10.89037061
-10.92134699
-10.84998281
-12.08573207
-11.89227448
-11.63483023
-10.71139786
-10.09981891
-11.15184852
-11.96579582
-12.40967361
-11.04175611
-10.98058911
-10.21382458
-11.12698014
-11.88669490
-12.22786414
-10.28469187
-11.26252879
-11.05763518
-11.38838643
-11.32905572
-10.81139788
-10.76662389
-11.73414645
-10.67076464
-12.05361146
-12.64353108
-10.55726103
-10.65507409
-10.58782231
-12.27563698
-9.97518936
-12.11355283
-10.16892617
-12.11749638
-10.83943457
-10.66810995
-10.85418783
-12.11524139
-10.75035624
-11.34845658
-12.06568296
-10.11295680
-10.71439139
-11.63266012
-10.99322777
-10.44673271
-10.57700574
-10.69812432
-9.27713702
-11.63223585
-10.85352002
-11.38684002
-10.91186647
-11.25855199
-12.20696775
-11.07501679
-10.21271769
-12.00777475
-10.49165838
-7.04471617
-11.43207314
-10.71431918
-17.01004704
-16.87421605
-16.53525231
-16.16844951
-16.15270012
-16.19649281
-15.71564913
-17.30058426
-16.97078499
-17.30870776
-17.19604259
-16.90633944
-17.08264438
-16.47079263
-16.56751201
-16.90696640
-17.33260829
-16.54241494
-16.11543796
-16.18383147
-16.14423660
-16.66937331
-16.84570081
-16.77623453
-16.40118628
-16.79497456
-16.77376472
-16.79090228
-16.73104591
-17.21042709
-16.16109375
-17.26216406
-16.82385096
-16.49390805
-16.23138273
-15.93609228
-16.84634951
-17.14690450
-16.95231306
-16.80548691
-17.17770089
-17.32529692
-16.77564973
-17.32078462
-16.78495640
-16.74873740
-16.76157496
-16.75946358
-17.40088771
-17.27189060
-16.83997516
-16.97108320
-17.29394713
-17.50346576
-17.14294063
-16.12639113
-17.30397898
-16.49156907
-17.70945703
-16.13087611
-17.15043901
-17.20805980
-16.71813616
-15.51758434
-16.66164926
-16.00443386
-16.67926654
-15.93208916
-17.23946695
-16.14392328
-16.13773815
-16.66454903
-16.78728510
-17.41446852
-17.52294032
-16.93705554
-16.98815498
-17.22824484
-17.44376586
-16.57761345
-16.53320097
-17.35345832
-16.28158478
-17.51321399
-16.97454613
-16.16433741
-16.85366226
-17.03821649
-16.18079174
-16.10385535
-16.84650430
-16.64978946
-17.30598508
-16.19776621
-17.64994392
-16.75890653
-16.28837029
-16.81810594
-16.76694954
-16.91755174
-7.11312476
-5.96348818
-6.74857926
-6.31867153
-6.95302859
-6.86981774
-6.78393837
-6.13543991
-5.95274125
-5.94884733
-7.01811036
-5.64134874
-7.46966959
-5.48773796
-5.34669246
-5.96031959
-6.74930275
-6.11955150
-5.53536889
-5.79929607
-5.63376679
-6.40565054
-6.01849835
-7.75280525
-6.23230528
-6.14215834
-7.30874405
-5.04047652
-6.00506192
-5.86291377
-5.10630815
-6.21862762
-5.52148984
-5.27005445
-6.76696556
-4.88998594
-6.18955742
-6.71477304
-6.24430552
-7.55227555
-3.65311034
-3.72081486
-5.90283562
-5.60854097
-5.54961302
-4.67264711
-5.49163397
-5.59350979
-5.15012010
-5.83853642
-6.87576032
-6.74866184
-6.52446019
-6.79762066
-5.95875248
-6.23521978
-6.03334536
-8.58727355
-6.36528721
-7.02019633
-6.14342620
-5.59282107
-8.35430877
-6.42360284
-6.18036846
-6.53797807
-6.22141672
-6.85976199
-7.72621548
-6.20818430
-5.69113974
-6.42551696
-5.87165585
-5.84259091
-5.93254664
-7.12735876
-5.74655020
-6.40084329
-5.16637899
-6.02347516
-6.43641761
-6.98348036
-5.99474220
-5.54739734
-6.23190014
-6.16952371
-5.66463156
-5.39442581
-6.34180935
-5.99919863
-5.49434655
-6.72441112
-5.98605236
-5.75280590
-4.88715305
-5.25004018
-6.02310500
-5.09164620
-5.41378757
-5.60260649
-11.31362528
-10.99904991
-11.52687276
-11.02683624
-10.90776592
-10.77199898
-10.66757401
-10.33551821
-10.60970327
-10.70677988
-12.79949598
-12.04424595
-11.15522374
-11.50825913
-12.09415572
-12.21087121
-11.82308598
-12.08895586
-11.38809832
-10.70278653
-11.74532358
-11.81039663
-10.82752116
-11.25859911
-11.71269967
-11.38607074
-11.73073954
-12.33456538
-10.90503411
-11.80025741
-11.43403512
-10.44302697
-10.29808220
-11.72744799
-11.58996042
-11.15565876
-11.22922387
-10.92605964
-11.62306294
-11.15660659
-11.41088895
-10.92619090
-11.70625533
-11.34159441
-10.72286146
-10.72923421
-10.97795495
-10.50838014
-11.24201749
-10.10773569
-10.87167579
-10.60374922
-10.28974930
-11.60220578
-11.38814858
-11.42103532
-12.34729427
-12.09881305
-11.51108070
-11.62926029
-11.59176558
-12.10939466
-11.70954607
-11.73596154
-11.46090955
-11.52846109
-11.27893229
-11.32374579
-11.94764504
-11.87567569
-11.89990145
-12.25291077
-11.47226089
-11.43265177
-10.58982122
-11.97461963
-11.21635203
-11.01494017
-11.58971093
-10.80616716
-11.68839926
-10.77461266
-11.65971849
-10.84644633
-10.95108824
-11.09172006
-11.01073512
-11.63624765
-11.55078215
-11.30791397
-10.97762115
-11.86503931
-10.64629529
-10.82446666
-11.37808024
-10.80731041
-10.65970150
-10.69576084
-11.67340695
-10.82129208
-6.21645396
-7.66770656
-7.11303409
-6.04981496
-5.56188571
-6.52958835
-5.48297047
-6.88948576
-7.24449376
-5.25478920
-7.81277194
-6.35908705
-7.50848392
-7.29131769
-7.65529640
-7.62538709
-5.59904310
-4.13983120
-6.57031109
-6.55225305
-7.47182500
-3.68995253
-3.40510253
-6.03710474
-7.69026347
-7.65353126
-7.63582733
-7.74006708
-7.58490441
-7.73587028
-6.24744486
-6.22185055
-6.18454677
-7.11216144
-4.69491622
-7.67549889
-4.99781642
-7.37254713
-7.50159055
-6.62996573
-4.90975926
-6.02136311
-6.77854779
-5.24111142
-7.28419783
-6.34542881
-7.69215585
-5.97617708
-6.64601686
-5.82806186
-7.05285945
-7.11226018
-7.99749247
-5.05635360
-5.44115569
-6.17582751
-7.46345300
-7.41277877
-4.51463054
-4.89058003
-3.63174187
-5.50000869
-4.48940030
-6.25353575
-5.38203218
-5.71686852
-6.00151782
-7.96449219
-4.20051592
-4.58457069
-6.95329470
-5.40422193
-6.58902312
-3.76168885
-6.30555100
-7.02986454
-3.68293738
-7.13383427
-5.61102360
-5.41599252
-5.46310974
-6.44063777
-3.46526533
-5.04809506
-5.51596414
-6.09943169
-6.53569496
-6.03628345
-5.16007465
-5.33972246
-7.70251915
-5.16092089
-7.74362416
-5.86407630
-7.68754664
-7.71392186
-6.00997535
-7.72437323
-6.21771587
-7.62619445
