-5.78171103
-4.31414984
-4.30840227
-5.50176573
-5.36225552
-5.19162408
-4.80114741
-5.52735525
-4.14509035
-3.09469709
-2.82149169
-4.08174820
-3.86617392
-3.52489634
-2.24087727
-5.27874012
-5.45809776
-4.64590008
-5.45797672
-5.25080375
-5.40773610
-4.81326594
-4.18471763
-2.75042623
-4.09952108
-4.25044334
-4.18723075
-4.60146461
-4.00409995
-4.41499370
-3.62327821
-4.01406180
-4.24382811
-5.53007117
-1.13672391
-5.05671649
-5.22859394
-5.69152011
-5.58086053
-5.60214609
-4.62660316
-4.98559120
-3.80389389
-5.04787918
-4.78600452
-4.99044759
-5.87003621
-5.61507735
-4.72698025
-5.53193187
-5.40164771
-5.28193461
-5.71540876
-5.12738958
-5.33183814
-5.66022537
-5.62442602
-5.82807384
-4.58419526
-4.56635931
-5.57414357
-5.92774215
-5.29131179
-4.40450624
-3.23973588
-5.14945763
-4.25401350
-3.89094592
-4.43270891
-3.82866631
-5.96885319
-5.24337557
-3.77895392
-4.11488362
-4.33931151
-5.51220571
-5.19172380
-5.28314217
-5.68167799
-3.70956997
-4.68212803
-5.22723505
-4.41237031
-5.88357683
-5.28570684
-5.51977673
-5.57923897
-5.86121414
-5.70601605
-3.72766674
-5.96899467
-4.43727398
-4.14616257
-4.21191298
-4.26038181
-4.52069643
-4.88438528
-5.18229335
-4.99490060
-3.94473637
-0.29581912
0.30985149
0.41159386
0.62096927
-0.94514361
-0.26719439
-0.10706412
0.49310842
-0.08663289
-1.34134786
-0.61766579
1.00416422
-0.39427591
0.26279764
0.51762382
1.43375127
0.33856752
1.18773548
0.87460817
1.07947871
-1.12449284
0.10971646
-1.62510646
0.98011751
-1.23249672
0.12621888
-1.55622557
0.95148205
-1.88786711
-1.54694669
0.81627287
1.02185198
-0.20820444
-0.30365435
0.89935430
-0.63611333
-1.24930217
-1.03915291
1.34515292
0.93594345
-1.43824253
-1.31222788
-1.39390563
0.34589736
-1.26434765
-0.97589655
-2.00215311
-2.13869755
-2.36951286
0.15412542
-0.88696382
-1.65013660
0.34550062
-1.04525580
0.51533424
0.34282465
-0.29343786
1.67550731
1.46709041
0.72543583
0.63134965
-0.03964060
0.00784624
0.42222235
2.53885401
1.11924019
2.37990234
1.80239534
0.77931775
1.44072975
1.71840933
0.90568918
0.44085191
-0.11926461
0.64664653
-0.25290101
0.80921512
-0.56487926
-0.82969865
-0.71616774
-1.02514502
-0.74217951
0.28320209
-1.05072599
0.80079499
0.69652876
-1.35009787
-0.30844714
0.21550674
0.26043442
-0.04915090
0.13466217
-0.21015070
-0.29287896
1.93913632
-0.25320350
-0.12841399
-0.04712155
-0.64524078
1.67308247
-2.83369732
-3.21548391
-3.19978009
-3.62786677
-2.56802930
-2.92648523
-2.97306625
-3.23073837
-3.85358521
-4.10019887
-3.57963215
-3.23013753
-3.79668341
-3.85837598
-4.23104854
-3.51735800
-3.75659222
-3.57088663
-3.34180446
-3.75266445
-2.92830369
-3.88376111
-3.68171638
-3.21274389
-2.11637852
-2.66813859
-3.70111426
-3.40557727
-3.19716184
-2.93051715
-3.37801013
-2.88091404
-2.68521468
-3.04140424
-2.79392244
-2.83280845
-4.15061510
-2.47045622
-1.99876043
-2.98738524
-2.80319372
-3.66711653
-2.66183024
-3.66860750
-3.77862564
-1.78437859
-3.53615314
-2.13177966
-3.60894831
-3.00763389
-2.96909948
-3.30793332
-3.36924493
-3.46245350
-2.56781459
-1.87324535
-2.63641845
-1.90969388
-2.92345595
-2.41278017
-3.57890091
-3.55169303
-2.98737924
-3.60418428
-2.99336518
-2.68626122
-3.69715812
-3.30924373
-2.40347665
-1.76360423
-3.46538725
-3.95512005
-3.14819578
-3.81514511
-1.16764997
-1.35342953
-1.47100417
-2.12028856
-2.09851511
-3.35237037
-3.01331259
-3.51386557
-2.89578534
-3.60491273
-2.73706966
-3.50415998
-3.30585541
-2.08157870
-2.00700812
-2.84435973
-2.90145441
-2.48143204
-3.52807708
-2.48541679
-4.38998069
-2.79688111
-3.54720853
-3.73602606
-3.48746492
-3.40462416
-3.47832939
-3.69846229
-4.31833519
-4.19131846
-3.98802018
-4.49397842
-4.14696761
-4.72376382
-3.06179811
-4.35018825
-2.07461119
-5.57985210
-4.17163807
-5.66155317
-5.03011374
-3.63814574
-3.99900354
-4.87158511
-4.72463823
-4.82383186
-3.64304099
-3.41799766
-5.13166002
-4.02646536
-4.63255910
-3.25124969
-3.30436097
-3.57652399
-4.72859202
-3.98728918
-2.34069334
-2.29186502
-2.62021312
-3.11366747
-3.87912076
-3.48980024
-3.10677000
-3.46289336
-3.28724302
-3.70606218
-3.33187026
-3.26316475
-3.28245409
-5.52296230
-5.11048659
-4.01486368
-3.89839375
-4.61342685
-4.88360589
-4.18593293
-3.90975455
-4.14630765
-5.88045991
-4.45600120
-4.54481674
-3.94387791
-4.09226233
-4.08507737
-4.95980126
-3.92271252
-3.10082109
-4.13082638
-4.67667149
-4.11340381
-0.55882513
-2.46022193
-5.79943520
-4.69168417
-4.37976471
-3.66836735
-6.29017905
-3.94235339
-4.28917918
-4.12476204
-3.98108256
-3.57982929
-3.38140849
-3.22305888
-4.40174783
-3.02231694
-3.20531388
-2.87684611
-2.68564579
-2.75510156
-2.19497843
-0.54852623
-2.26633853
-3.50655851
-4.42966997
-4.48386113
-4.04514766
-4.52473192
-5.15028698
-3.28688105
-5.67583486
-4.17467345
-3.83579355
-4.93242453
-4.43189086
-3.92045146
-4.94582118
-5.09905917
-4.55641425
-3.96262243
-5.22379238
-4.27357065
-3.93566515
-4.52822279
-4.44466134
-3.79618332
-4.34985046
-4.33771591
-4.02885591
-3.20395946
-3.77363673
-4.17555815
-4.53584625
-3.78509932
-2.73766850
-4.18265404
-3.69892578
-4.53350452
-3.94495483
-5.01320838
-4.40440353
-4.49426066
-4.59041821
-4.58774736
-4.28677610
-4.67278118
-4.75231614
-4.82624626
-4.50621065
-4.11627046
-4.59962743
-3.96815556
-4.75555748
-4.29769035
-4.63864289
-4.81338845
-4.14368617
-4.26963744
-4.21723564
-4.37074287
-4.49441794
-4.45140175
-4.74137626
-4.73420370
-5.36290546
-5.20991564
-4.78131645
-3.92310823
-4.41141394
-4.00524345
-4.75732967
-5.01192501
-3.98343374
-4.69061359
-4.48917282
-4.90580580
-3.85843379
-4.16439810
-3.16348779
-3.83696706
-3.28728194
-3.84691782
-3.33314509
-4.08815703
-4.41671954
-4.07785953
-5.20758002
-3.78182267
-4.77051574
-4.19615625
-5.07278273
-5.21218279
-5.09672988
-5.03781112
-4.49895474
-4.49599869
-4.95740191
-4.71048614
-3.99735376
-4.58657798
-4.75360884
-4.71972849
-5.07651861
-4.29423276
-5.17871246
-4.41636499
-5.14259926
-4.26642009
-4.68209894
-5.16158368
-5.21194610
-4.63083304
-4.79248577
-5.11800873
-5.13859034
-4.14334787
-6.09157585
-5.07429510
-4.97598824
-6.14264648
-5.78021119
-5.34334182
-5.86892629
-5.59265324
-5.66025031
-6.24938032
-6.38996247
-5.92607463
-6.07429577
-6.14798394
-5.97072861
-6.30281908
-5.68338298
-6.31829206
-6.40627533
-6.39032838
-6.57006605
-6.56665816
-6.38417607
-6.54250994
-5.61147492
-6.71162580
-6.05364427
-6.09795108
-6.49481211
-6.15266190
-6.17215581
-6.21068971
-6.32295451
-6.08536126
-6.70454859
-6.32856992
-6.33666212
-6.19827077
-5.76201212
-5.80720633
-6.57348275
-6.63507488
-6.32609798
-6.57649378
-5.89121520
-6.53835358
-6.76841446
-5.33161787
-6.59597672
-6.64237129
-5.11282978
-5.63297213
-5.21322988
-5.74816548
-5.28812209
-5.42486925
-4.04081946
-4.83941295
-4.73078586
-5.13579184
-5.87038588
-6.21770938
-5.77139201
-5.40817582
-6.11274394
-5.99421919
-5.98033274
-6.28110670
-5.91268374
-6.57108327
-5.62337121
-6.07794195
-6.03486043
-6.24533274
-6.48414214
-5.38601649
-6.19948406
-5.41840067
-6.26763209
-5.32348770
-6.39468477
-5.71854612
-5.99961956
-6.41548363
-6.05452011
-5.87173520
-5.99216772
-6.38475238
-5.53146084
-5.70496418
-6.22514304
-6.46496191
-5.43175800
-6.68043305
-6.80676277
-6.34601941
-7.19013133
-6.26120876
-6.18827574
-5.42472551
-9.59520781
-9.67395060
-9.75962346
-9.78335412
-9.58826568
-8.97780344
-9.66170956
-9.63970788
-9.72177580
-9.17707891
-9.44082191
-9.36690333
-9.51516686
-8.20118969
-9.75577546
-9.29037115
-9.71683507
-9.41056914
-9.01854919
-9.14297419
-8.86053982
-9.28953074
-9.41873223
-9.13719895
-9.62999009
-9.32679952
-9.90627301
-9.29003388
-9.16094300
-9.13758023
-8.35488830
-8.91147059
-8.55180663
-9.02622062
-9.14291516
-9.14274574
-8.66874328
-8.22634981
-9.18783289
-9.27315777
-8.69115567
-8.75883744
-9.22846669
-8.50887242
-8.80984603
-9.17971228
-9.04150973
-7.94707707
-8.61391254
-8.89258073
-9.53039019
-8.96254275
-9.62788156
-9.50040943
-9.68279025
-9.01450296
-9.69036189
-9.41417948
-9.57608613
-9.65117072
-9.78183844
-8.72239301
-9.07649191
-8.42592774
-9.63622289
-9.49466711
-9.13492019
-9.46452328
-9.46052566
-9.30802893
-9.37404085
-8.97220298
-9.67148150
-8.65220787
-9.20513195
-8.94241928
-8.92967451
-9.22441444
-8.36971340
-8.77089941
-8.64057547
-8.24540129
-9.19140650
-8.70592417
-8.84045476
-8.54276688
-8.32398927
-8.77818381
-8.24291807
-8.58531189
-7.99456448
-6.94627971
-8.06912063
-8.20266669
-7.85136613
-8.76255772
-8.59182486
-8.32421460
-8.62468872
-8.80120122
-6.41369239
-4.99548984
-6.17633524
-6.99512876
-7.25841677
-5.50596958
-6.54483598
-7.85332906
-6.37917421
-7.21194459
-7.27575397
-5.99312885
-6.91130804
-6.31482719
-6.07412644
-7.23594943
-6.74698376
-6.73980212
-6.47993619
-7.03633090
-6.26689800
-6.68102496
-6.72584213
-7.64291296
-7.92920107
-6.60134965
-6.99824607
-6.53245242
-5.52468507
-6.88681859
-6.89687684
-7.11024919
-6.23091224
-6.19228344
-5.94807549
-5.61028769
-6.77094416
-6.31637222
-5.99290996
-6.07166608
-5.84959977
-6.67562600
-6.13555512
-6.21434835
-6.71462752
-5.06869289
-6.15790467
-6.97575829
-6.68131589
-4.92328462
-6.46282675
-6.32806581
-6.26459217
-5.88000866
-6.17703897
-7.18748306
-6.79157710
-6.44305564
-7.61113314
-6.84492121
-7.06175367
-6.74314357
-6.91810181
-6.87372301
-7.15703865
-5.99908709
-6.19913914
-5.15281168
-6.27473279
-6.28411986
-6.64900263
-6.78484205
-6.86776814
-6.61821672
-6.74536656
-6.58770168
-5.59756298
-5.69528611
-6.71687138
-6.33271237
-7.12892530
-6.27637451
-7.72114629
-5.81611235
-7.23041997
-6.46377736
-6.76048469
-6.68420394
-5.58744084
-6.41452418
-3.95966973
-5.77506087
-6.24816641
-6.55402543
-7.00281280
-6.31308496
-6.88919692
-6.98835274
-6.11755222
-6.06679334
-7.56863472
-6.86574580
-7.72659758
-7.35494457
-7.94005667
-7.56753196
-7.44576954
-7.50911212
-7.19519893
-7.05529636
-7.08730067
-8.27344313
-7.64703023
-7.61612973
-7.21644308
-6.77899101
-7.28001457
-7.31745945
-7.50686391
-6.84937522
-7.80930142
-7.58864748
-7.44184791
-7.62112770
-8.75530924
-8.35029798
-6.95734219
-7.92450253
-7.69390555
-5.80768477
-7.45514457
-7.10312790
-6.28802825
-6.12004802
-7.56519267
-6.89214132
-6.43251020
-6.64583429
-6.73145525
-7.59132817
-6.66296616
-7.57974085
-7.34812178
-7.48353984
-8.57154015
-7.57199476
-7.15234883
-8.19689388
-6.00265045
-7.80241706
-8.10207204
-6.92435020
-7.23387394
-7.52043163
-6.88229548
-7.89084062
-7.92502920
-7.72963271
-8.25786327
-7.86776548
-7.71044682
-7.70288617
-8.32625650
-7.91049221
-7.27499256
-7.83911955
-8.02123894
-7.57302342
-7.47564898
-7.68119236
-7.73928318
-7.25185071
-7.66158009
-7.17845480
-8.53196932
-7.69847841
-8.76309117
-7.48794797
-6.70326940
-6.81138016
-7.54779362
-7.31697247
-6.64827614
-5.87056779
-7.52366166
-7.10221780
-7.66186491
-7.23932553
-7.75760446
-6.48278652
-7.74467050
-7.11385724
-7.39068998
-7.05872740
-7.38227397
-7.83623133
-7.01166291
-6.97558027
-8.25747406
-6.75297503
2.48913060
3.30434084
3.93521293
3.85295041
2.74781209
3.99751772
4.84338768
4.04518076
3.93952055
3.75161716
2.88214747
4.80148599
2.14394575
4.70355320
4.44117198
4.97656213
2.79549156
5.47262249
3.05939987
3.37569333
4.29189959
4.10122057
4.11956902
2.80235198
3.20565507
4.83561556
4.63993829
4.51002705
3.65340383
5.06702587
4.96043156
4.00653333
5.54625232
4.02756758
4.27717163
4.59637569
2.64841608
4.93853639
4.48369897
5.45504194
5.84904744
5.10688852
4.66394674
4.75691377
3.62723381
5.31487796
4.56595317
4.06298999
5.86321801
4.65455292
5.46339159
6.46221929
7.89900105
4.90876689
5.32141024
4.88663100
5.28131569
4.51876234
4.30831499
3.36444284
4.49161805
4.35592434
3.67830421
3.71697290
4.50408514
3.92298286
4.91655647
4.35139048
4.74022929
3.84483490
4.35219717
4.27509201
4.14464779
4.49843020
4.13409971
2.37271289
3.30737900
4.44714999
4.15884864
3.73787537
3.79145111
4.10769753
6.31706588
4.06887883
5.36198221
4.35720609
4.27698927
8.01454300
2.77651019
3.91734731
3.89508890
5.65132653
5.42666984
5.33941128
4.66009047
5.58187775
2.86963514
5.17861805
5.76135053
5.17725135
1.93395662
2.39638267
0.86890981
2.80224908
1.62562141
1.61749497
1.89648104
2.19016113
1.10757164
3.07119625
1.05926388
1.82090978
3.92880958
4.32820191
2.22908608
2.54361326
1.43511313
1.70775792
1.98592993
3.10474869
1.00055043
1.01530779
2.21511530
2.82751819
1.52497913
0.23172308
1.21783082
2.50825601
1.99744411
1.37740244
2.12250783
0.67758382
1.50562538
1.06206603
1.02358841
1.89847165
1.02301191
0.65627826
2.25736993
1.24333500
1.19295573
0.57187651
0.98660428
2.64057482
2.13799404
1.28314949
1.96303549
1.20563045
3.33621403
2.02553020
2.47231414
1.74558810
3.29678631
2.24284637
2.86590388
2.41636374
2.69004131
1.82839766
0.68333264
2.46341625
2.07718509
1.73128965
2.00394639
1.42308279
1.85749544
2.68202053
3.11044322
1.38153175
1.24291532
2.50771480
2.37922396
1.88224751
1.02921203
1.61460581
0.91619864
0.97778300
1.61896912
1.52149039
0.67967632
1.57776040
1.20047759
1.08821043
1.18231558
1.20487797
2.56865738
1.44384119
2.07869741
1.92660573
1.77165915
2.80989238
1.07265809
1.20859198
1.15569167
1.00816830
1.40298637
1.47280107
1.96602813
1.12297863
1.95249566
1.24585264
1.44843243
0.18120243
0.54741080
0.98570312
-0.36227253
-0.21065641
0.95415516
0.77734225
-0.21009912
-0.02919684
0.07966759
0.93602209
-0.24936576
1.07336362
0.22480265
0.01395698
0.20172686
0.66741005
2.15913247
2.15018839
0.34011484
-0.60918649
1.79851688
-0.72389134
-0.13435043
0.78663632
-0.38647902
0.22150673
0.41395363
0.98789677
0.96552944
-1.24519991
0.04938199
-0.33977009
0.95199306
0.72576698
-0.06365477
0.27334907
1.78228859
0.80295623
-0.56410224
0.27575385
0.50647028
0.07534219
-0.57954069
-0.54031481
0.14528574
-1.00580366
-0.84341316
0.01989299
0.37371152
0.07911921
0.42662385
1.22143673
1.41008330
0.53090761
0.56310042
0.01785059
0.37757411
0.04576475
0.38708301
-0.69148209
0.86724071
1.34929258
0.39237941
1.18883485
0.66457360
0.52871232
-0.78340783
0.27005315
-0.05058108
1.08732525
2.11445264
-0.11245049
2.43890342
-0.01306353
0.64193564
-0.08303609
0.08763841
-0.55978287
-0.78767091
0.00919765
0.01580589
0.53537970
0.27668677
-0.93216955
-0.63610144
-0.19130329
0.41817988
-0.33494892
0.48601401
-1.99142476
0.22265188
0.02542211
-0.39179147
0.66666942
-0.31889538
-0.12743954
0.61273352
0.67936311
-6.01664024
-4.91091660
-5.95375384
-6.72045207
-6.14087799
-6.55934400
-5.10292458
-6.11002607
-5.83976200
-6.37906994
-4.64047433
-5.69843198
-7.00760493
-6.34883739
-6.13794727
-6.48550931
-6.06394419
-6.02924605
-6.42915526
-6.10000885
-4.86928433
-4.75163824
-3.62539531
-4.42033540
-3.78908573
-5.57495473
-4.90949360
-4.46034981
-5.62670316
-4.28744707
-6.14823378
-6.19533610
-6.31426046
-5.52605326
-6.64765074
-5.80055601
-4.56387289
-6.30519143
-6.09295832
-5.50124135
-5.79140361
-6.82661452
-6.41820515
-4.85669289
-5.87638775
-5.92076951
-6.81712803
-5.15532550
-5.73625776
-5.70566958
-6.81938239
-6.21069728
-5.70679353
-6.36344439
-6.51579910
-6.15526197
-6.33662346
-6.34620002
-6.90813023
-6.64588626
-6.24549707
-6.15322881
-6.85959098
-5.54522208
-6.32966395
-6.98206124
-6.21309286
-5.82529048
-6.97410185
-5.22244508
-6.31484758
-5.26834082
-6.07279908
-5.01688691
-5.63671959
-6.76643506
-6.48958312
-6.38637914
-5.51769807
-4.76769897
-5.86775725
-6.00299767
-5.14782644
-5.67932871
-6.01955162
-6.10400292
-6.41266606
-6.53409847
-6.22309744
-6.40939262
-6.80342457
-6.32091405
-5.95883313
-7.19362706
-6.69142881
-6.67165221
-6.72395611
-6.44513198
-6.32911514
-6.70755661
-6.52350750
-6.61608113
-5.99307859
-6.27383240
-6.17108979
-5.77486681
-6.35937494
-6.29627027
-5.58175725
-6.58535360
-5.66894983
-5.42664446
-5.71692757
-4.63506610
-5.26769605
-6.64880758
-6.82640793
-5.55018626
-6.20794601
-6.26963252
-5.56302021
-5.36385551
-5.93213461
-5.95548897
-5.06397629
-6.19702516
-6.13574003
-5.73345161
-5.68420072
-5.85943013
-5.03056685
-5.81762791
-5.23108675
-5.52728594
-5.84555960
-5.61380860
-5.31298114
-5.07335108
-5.66020750
-5.85061190
-5.55295437
-6.24963201
-6.01028237
-4.72378923
-6.40425182
-7.12794931
-6.00707482
-6.65612069
-6.16801290
-5.44714336
-6.26712787
-6.15674466
-5.84833671
-6.19533033
-5.70173549
-5.61709278
-6.03077825
-6.15542973
-5.82591655
-6.67282829
-5.35458783
-5.45633141
-6.03702289
-5.07971644
-5.66896736
-5.92299464
-4.81300429
-5.05981714
-6.22524905
-5.85253891
-2.14044659
-5.23722028
-5.40964799
-4.76773875
-5.12837633
-5.15726616
-5.34190207
-5.79614895
-5.44755527
-5.08433537
-5.13489823
-4.70408129
-2.86845255
-3.81027931
-3.81134876
-4.23813542
-4.42011391
-5.02688005
-4.70959220
-5.81130343
-5.92892516
-6.26201895
-5.48833552
-6.28233681
-6.76186399
-5.50671620
-5.51414164
-6.63294333
-6.49463326
-6.49655159
-4.71813750
-5.14651584
-5.16643421
-4.45155448
-5.83899693
-4.64135805
-5.72310411
-4.56007508
-4.30569884
-4.48833483
-3.81875472
-3.95278343
-4.85120084
-6.88020593
-3.82935189
-5.40069569
-6.01380042
-6.02225251
-6.00309038
-5.43596489
-4.50655061
-5.83052781
-5.66348061
-4.94957575
-4.55490674
-5.04374273
-4.42563289
-6.01661632
-4.74078975
-4.74793711
-5.89880661
-5.02457164
-6.80557161
-3.54655545
-4.14664832
-4.42060443
-4.17005416
-4.86267851
-5.64326593
-5.62698992
-5.84062831
-5.21222734
-4.70051179
-5.00735235
-4.46648358
-5.56648446
-5.35151512
-4.63629807
-5.82173076
-5.07496512
-4.59388465
-4.35085902
-6.35761103
-5.28524626
-5.24186554
-6.35362895
-6.29342388
-5.38688858
-5.28254602
-6.00591449
-4.82928363
-5.67451833
-3.83688982
-4.15646049
-4.72066254
-5.07452944
-5.06281040
-4.26780786
-3.93788321
-5.61525086
-4.78913113
-3.80326141
-4.43197392
-4.28402949
-4.77403273
-3.24719771
-4.84482981
-3.70012287
-3.36925279
-3.67363254
-3.65168578
-4.31247175
-4.37126884
-3.38368927
-3.21826149
-4.89238357
-4.21222004
-6.18599106
-6.78287276
-6.33418266
-4.84407765
-6.74559618
-4.60355235
-6.38528590
-5.04343874
-5.63323062
-6.04008888
-5.30278499
-4.27136813
-4.82048007
0.87657664
1.10571192
1.24027521
1.57324037
0.72187172
0.78595200
1.53920131
0.49045577
0.17094094
0.82587707
-0.51071967
-0.68605864
0.88875614
1.18996522
-0.54250350
0.57590332
-0.89254851
0.13446075
-0.38005863
0.71540254
0.65180386
0.51991735
-0.78706489
-1.14429539
-0.98960317
-1.15032524
0.82924979
0.92365712
1.30597798
0.66494838
-1.83433900
0.57577729
-0.51294798
1.25200108
0.94375267
0.43410156
1.07971210
0.50012568
-0.06555247
1.02304363
0.35439230
1.20240180
1.01878734
1.39065290
1.19087707
0.83649424
-0.00913656
1.14947622
0.75229797
-0.34529176
0.57974985
0.58191247
-0.67344590
0.73375113
1.11482934
1.23114815
0.37812126
-0.60199280
0.21047028
0.28816418
0.64660767
1.72182347
0.41088743
-0.50508941
0.87117258
0.46594994
-0.37679658
0.74875215
0.82199403
0.75015418
-0.24301723
1.09391849
-0.98109467
0.36237934
-0.09672800
-1.07528072
0.28206937
0.54521270
0.04899392
0.88081432
0.89613294
-0.01334813
0.39198690
0.39090334
-0.80382605
-0.91121646
0.50585099
0.67477458
0.62650222
0.88014127
-0.93269259
0.76040755
0.45849744
0.52537749
0.45095973
0.45351235
0.73844916
-0.56822235
1.11331363
0.42596142
3.22302496
3.06223851
3.50971081
2.53467066
2.89291611
3.11992369
2.68770977
3.48475418
3.22373984
3.68276646
4.12032102
2.92671743
3.51417437
3.35347062
2.79606270
2.14584775
3.65603689
3.38655328
2.76089293
3.57174735
3.13168231
3.83051159
3.99388017
3.49816789
2.86249587
3.59446446
4.29008992
3.42400249
3.22421868
4.57826365
3.67199893
4.20499420
5.39540011
2.59492657
3.84668508
6.62662849
4.52925244
4.12584823
2.18530341
2.39835028
4.11088514
3.50657731
4.02299800
3.24197693
4.50622017
4.20619376
3.79004342
4.60744021
4.98172860
4.04166933
3.90448176
3.29900404
3.32676407
4.30605026
2.56573577
2.11674454
3.95348820
2.29097359
3.73202827
2.87943968
4.51952211
3.53328492
3.35684184
3.41638324
2.85597678
2.79953238
2.63653918
2.31849463
3.72086714
3.95403854
3.34790174
3.25976607
3.09269473
3.78467389
3.16545843
4.45550121
4.37918938
3.50703582
3.37310200
2.72774056
2.78830542
2.74398538
2.41862437
3.86221062
2.21526798
3.80739358
3.61607135
3.91352316
3.79534690
4.42609825
3.13673885
4.59139447
3.82498692
4.37341366
3.60429121
3.75401408
3.40695434
3.84017368
4.32925566
3.52062153
-4.88600773
-5.60788479
-5.54671016
-5.59710172
-4.96007633
-5.02494056
-5.04920417
-5.79296870
-4.64791276
-5.32062584
-5.88263525
-5.81486151
-5.64953494
-5.16893621
-4.51733061
-5.56961747
-5.56029696
-5.22057806
-5.44357635
-4.83168595
-3.02061423
-2.43016568
-3.77292495
-3.40904960
-3.87679918
-3.83067847
-2.87817307
-4.04494320
-4.66695802
-4.64198562
-4.51607014
-5.88638112
-6.45721906
-5.76769533
-5.21852253
-6.12634276
-5.45125639
-5.50065545
-4.48535993
-6.06524822
-6.16409953
-5.08612472
-5.93950130
-5.52221947
-5.00016774
-6.19039057
-5.34311380
-4.98030278
-5.05817074
-5.51237190
-4.91360125
-5.32859877
-5.98258105
-5.39289379
-5.61324899
-5.34838325
-5.95003437
-5.80825478
-6.06446257
-5.74444219
-6.53298880
-5.28055888
-5.62080071
-5.07801471
-4.69011295
-4.58489309
-4.25501900
-5.38612666
-5.04027777
-5.06488582
-4.24564371
-4.97725994
-4.71264484
-5.43757081
-5.21368113
-4.76963726
-4.44369605
-4.15571851
-4.80853033
-4.82616165
-5.54640245
-5.46608242
-5.71437524
-5.32993381
-5.49605316
-5.70012625
-5.62378222
-5.96345162
-5.39078794
-6.51720764
-5.77340887
-5.69842076
-5.80485609
-5.54731942
-5.68351717
-5.21864628
-5.01398415
-5.30683012
-5.22326309
-4.95305737
-4.45191869
-4.96892283
-4.49048197
-4.74618837
-4.92827103
-4.12947005
-4.52549174
-4.68206327
-4.41260557
-4.16201049
-4.47400464
-4.37093868
-4.51385645
-3.96276695
-4.17849646
-4.39868001
-4.80167242
-4.41461795
-5.01232527
-5.70613033
-3.81462494
-3.99776836
-3.88243218
-4.10935316
-4.13581681
-4.12026443
-4.37892881
-4.39222307
-3.31147715
-3.41119416
-2.86486664
-3.45431052
-2.73576858
-3.01146857
-4.69777833
-4.49646215
-4.92473774
-2.96272343
-4.30955424
-4.89526241
-4.07644311
-4.09328161
-4.19260644
-4.69723049
-4.08343342
-4.41911494
-4.56838497
-4.17681320
-4.87136084
-3.31405438
-3.88321379
-3.93091575
-4.33115456
-3.85831598
-4.93621122
-4.89918380
-5.28764426
-4.07434629
-3.35768426
-4.54595492
-5.16391429
-4.43648761
-4.16412847
-4.86317635
-3.40900088
-3.41066584
-5.27785439
-3.60564264
-4.89401629
-4.26862217
-3.87595200
-4.17630634
-4.98004315
-4.29887588
-4.30189627
-4.06134487
-4.40605846
-4.22536980
-4.29207489
-4.45955286
-3.99732948
-3.85809476
-4.90554188
-3.66107501
-3.60288538
-4.03293860
-3.95240777
-3.71177366
-3.77102110
-3.49871948
-4.09288667
-4.02874838
-4.20967783
-4.04895544
-4.15050243
-4.41475918
-4.21649472
-4.11937016
-4.70486097
-4.10811882
-8.73967682
-8.30843642
-7.93295395
-8.42108551
-8.04965920
-8.74381704
-8.20106152
-8.01665799
-7.94570251
-8.53228373
-8.05506305
-8.53872823
-8.04758266
-8.51750736
-7.73928049
-7.98629580
-7.21346498
-9.47990095
-8.68115650
-8.80072275
-8.45186397
-8.57466346
-8.50733033
-8.92631705
-8.61992454
-8.77070681
-8.85799767
-8.71829281
-8.31210785
-9.19633716
-8.39208386
-9.05080624
-9.09348224
-8.47032644
-8.01930384
-8.68792394
-9.55398717
-8.95603007
-7.64992594
-8.64349032
-7.53926850
-8.28596170
-7.90459171
-8.00063247
-8.14081771
-7.49777661
-7.41749858
-8.47625262
-8.44197958
-8.81287516
-8.33535109
-8.20898873
-8.95325830
-8.22121491
-8.54203890
-8.71729690
-8.46447585
-8.44746057
-8.36890811
-8.60138286
-8.39937307
-9.10982390
-8.78499164
-8.55288684
-8.57463307
-8.02630423
-8.42077463
-8.93392229
-8.84177913
-8.24281919
-8.50357433
-7.98153796
-8.37738733
-8.10417157
-8.17496499
-7.99474078
-8.21233453
-7.45586154
-8.85012230
-8.37724409
-8.64204584
-8.88912686
-8.49452065
-8.43613944
-7.98010179
-8.68742624
-8.59601792
-9.26311952
-8.51826193
-8.30699680
-8.64404995
-8.04728889
-8.35403714
-8.67777918
-8.26749189
-9.09107237
-8.56510637
-8.59779789
-8.13501593
-7.71688006
