-10.09920506
-9.56114176
-9.50435961
-9.26980715
-9.74180658
-9.52644231
-9.52771752
-9.67801538
-10.07996981
-9.25834063
-9.06116506
-9.13859784
-9.31440314
-8.72235005
-9.30637445
-8.77102051
-9.01074863
-9.44490438
-8.96081842
-9.13665928
-8.99583775
-9.24460505
-9.36398032
-9.31560666
-9.69161742
-9.09614750
-10.64376217
-9.42033786
-9.34410314
-9.44601517
-9.40714757
-9.81849860
-9.25671187
-9.92098124
-9.46763029
-9.28426693
-9.95619991
-9.06338208
-9.74071840
-9.27860526
-9.36034837
-9.63215077
-9.77117877
-9.25722942
-9.55605412
-9.51083135
-10.49725121
-9.44691843
-9.51430764
-9.67907167
-9.26568184
-9.11229289
-9.64947915
-9.58189548
-9.59522951
-9.11949717
-9.53628455
-9.44456177
-9.37289149
-9.98178695
-9.48227844
-9.25241168
-7.65682925
-8.21411259
-8.64117410
-8.10094585
-8.83932608
-8.39122958
-7.69112146
-10.01312542
-8.68832672
-11.20568520
-9.86439097
-9.77312219
-9.43386651
-9.35390131
-9.60516251
-9.72676585
-8.90821753
-9.58043900
-9.50604071
-9.43872055
-9.32230923
-9.44434151
-9.21219841
-9.53167013
-9.28315325
-9.17933712
-9.20872772
-9.59485601
-9.62065219
-9.32980907
-9.44693642
-9.33559831
-9.11891007
-9.30837701
-10.39647866
-9.05818995
-9.60548929
-10.00046726
-8.61565615
-9.10568896
-8.77581449
-8.61210200
-4.34949312
-4.34355023
-9.08940276
-9.08091987
-9.05614900
-8.49971981
-9.16137520
-9.59221611
-9.08984474
-9.72881411
-8.35651887
-8.98769432
-8.25723851
-6.67442340
-7.70489336
-8.40031446
-8.05662858
-8.62676546
-7.99867905
-8.19745343
-8.01884121
-8.13067728
-5.80496346
-6.82805837
-7.66856601
-6.47644372
-6.81322100
-8.49135144
-6.70526903
-6.91620000
-6.36318665
-6.34487589
-7.93446493
-9.70204664
-6.52679609
-8.95204577
-9.11900151
-8.76190181
-9.25957357
-8.94003256
-8.45021636
-8.79354634
-7.61013954
-8.35462601
-9.03316674
-8.47275930
-8.45255099
-9.03252658
-9.53738520
-8.28028771
-8.12830308
-9.07796607
-7.14969539
-7.99379273
-7.37981418
-7.50087729
-7.92420283
-7.54250502
-8.02526129
-6.41011797
-4.60701079
-6.17124098
-6.91304655
-6.05326154
-4.91534775
-6.00665755
-5.67825704
-6.38353105
-6.46100112
-8.55703425
-8.45850844
-9.79875873
-8.63173678
-9.03211294
-8.72819425
-9.35189761
-9.09821530
-8.81042733
-9.65156854
-3.22070817
-3.81159521
-1.36598069
-2.38794258
-5.81873922
-5.97417004
-4.49890543
-9.61519729
-7.84985693
-8.43340857
-8.60640797
-8.77867046
-8.44534168
-8.66786093
-8.41911215
-8.25493270
-8.83661326
-8.10662147
-8.79282446
-8.07154468
-8.30163445
-7.68106377
-9.84940212
-7.92164977
-7.94643381
-8.03862301
-7.91710041
-7.90187241
-8.05268787
-8.18215515
-8.24622452
-8.10334003
-8.36727281
-8.44795588
-8.12979350
-10.31100746
-9.79167606
-7.67855610
-8.22971223
-10.36948090
-7.66710368
-9.76123609
-7.46796524
-8.09673624
-8.94813295
-7.67758282
-7.52553096
-7.37843350
-6.85481300
-7.56861386
-7.48342349
-7.56077167
-6.92000259
-7.85781205
-6.90765829
-7.01458443
-8.18896067
-7.77683850
-7.80299300
-8.47062431
-8.49809597
-8.11718345
-10.04472122
-8.65625948
-8.77579065
-8.93830810
-7.49149082
-8.23382380
-8.60055594
-7.88562517
-10.03488398
-8.80710742
-8.17520366
-8.71305800
-8.28970650
-9.07701652
-8.16751015
-8.27264870
-8.39620431
-9.19176661
-8.10071094
-8.30593437
-10.00421310
-9.24104243
-8.33411453
-8.87900923
-10.14000579
-8.36638867
-8.80482077
-10.37792776
-8.43630285
-9.15620739
-9.12440503
-7.54302939
-7.97958958
-7.51002477
-8.40583044
-6.23291216
-6.88284536
-5.69082777
-6.04366745
-5.82312761
-6.63458713
-6.41690330
-6.41795353
-7.77723549
-6.69789359
-7.61150528
-7.31246231
-7.91547704
-7.46328289
-7.58345386
-7.70811902
-7.03344881
-7.37472151
-7.66676357
-8.15466268
-5.93959674
-7.93280664
-6.83539587
-6.24829332
-7.57276291
-6.82195743
-7.03518213
-6.94861447
-6.93487651
-6.66687855
-5.94385949
-4.89464447
-6.52708462
-6.19792071
-6.03355653
-6.71234908
-6.03299073
-6.60207914
-6.23561092
-7.22155003
-4.99073957
-5.82047369
-6.54512852
-6.10932287
-5.87191978
-5.92671086
-6.06111791
-6.92472193
-5.53383077
-7.03105549
-4.41212164
-4.95430813
-3.89449915
-4.78655342
-3.72367597
-4.89831755
-4.24386507
-2.33935901
-5.36540390
-5.35106701
-7.33666130
-7.04680340
-6.74356717
-7.95138180
-6.07438417
-7.32984823
-6.17627902
-6.44104104
-8.96177408
-7.48536150
-7.04542092
-7.66579248
-8.51741365
-7.91331348
-7.92341151
-7.32179098
-6.93320553
-6.32664602
-7.18500627
-7.64680688
-6.35697137
-7.53678908
-6.26427087
-5.90370843
-5.93115125
-8.78885353
-7.13305853
-6.49039445
-5.31005153
-6.04561295
-6.94084888
-6.21186210
-6.48376937
-6.22920685
-6.86315929
-6.18727840
-7.27845180
-5.83453247
-6.75427785
-6.02532357
-4.95245288
-5.31169377
-6.26029216
-5.73460228
-6.24515376
-6.48468863
-4.82738311
-6.71650210
-5.18831281
-6.99064422
-6.32188285
-7.15899818
-6.36348926
-8.14267591
-6.56469338
-6.33848146
-6.70915206
-6.37282388
-7.41250170
-5.62911497
-11.45446732
-10.75637642
-10.94381543
-12.83143444
-13.78199166
-10.88856696
-12.96367642
-10.36985908
-11.23811222
-12.95474814
-11.29585469
-12.47251553
-12.26307116
-11.98583199
-12.26700011
-12.16240525
-12.13035672
-11.59657392
-12.71488866
-12.20972012
-11.53498178
-12.55487752
-12.64670606
-12.41476997
-12.18533753
-13.10208441
-13.22663113
-13.13543827
-12.08110388
-12.99363893
-12.10005987
-14.18527242
-12.83405210
-12.34725309
-13.57561910
-13.24522027
-12.92115020
-12.63967334
-12.39518150
-12.92223144
-12.16828197
-13.35146063
-13.45931234
-13.70420733
-12.31407121
-13.29594347
-13.60020000
-13.82458753
-12.90078409
-13.84663109
-13.26300944
-14.12390691
-13.77948687
-12.41181538
-11.31653926
-11.61536436
-13.28909317
-11.89490722
-11.77977224
-11.83983324
-11.69329088
-12.54167622
-11.41904711
-10.76935957
-11.67938276
-11.87554036
-11.42648877
-10.70538294
-9.26314655
-12.97375238
-13.82153079
-12.24109933
-12.27387757
-12.16682561
-12.57128398
-13.98163256
-12.72910751
-12.46015599
-11.93908082
-14.16269758
-11.77439954
-14.54883568
-13.20459202
-12.22444580
-11.31124285
-13.78094131
-14.06748697
-12.48626628
-13.15688363
-12.68082417
-13.29986875
-14.76631034
-13.96099911
-13.37801248
-13.35008381
-13.25043589
-13.69816664
-12.20979414
-10.36505453
-11.71384557
-9.14071323
-8.76986517
-9.53650656
-9.36570911
-8.72012334
-9.55523954
-7.91452589
-8.34543473
-8.37717373
-9.35342305
-8.35578343
-9.15358371
-7.55452787
-8.72372764
-8.54032771
-8.66615481
-8.66253917
-8.21424764
-9.30138646
-9.43209999
-10.21479181
-9.12980587
-9.12647372
-9.53255064
-10.33462286
-9.51844649
-9.38471930
-9.42182378
-8.54064257
-9.30705738
-9.38281367
-9.41369340
-8.75296928
-9.38543421
-8.75897139
-9.95324608
-8.15647895
-7.85375333
-9.57815482
-9.11455648
-8.71175081
-8.52006557
-9.61368939
-8.33333963
-7.54449249
-8.37283095
-7.63957684
-9.24084924
-8.13393440
-9.09076631
-9.37997595
-8.55464616
-8.70361259
-9.25816484
-9.85586233
-9.04594984
-8.06410036
-9.26769856
-8.77164684
-9.03743150
-9.49311582
-8.37595857
-8.49682253
-10.24752441
-9.47567352
-9.27354344
-9.06981097
-8.53163483
-8.88133949
-10.26687910
-9.29296075
-10.39231392
-8.66409114
-9.68022112
-10.22439030
-9.32275493
-9.99611851
-9.62359164
-7.73628912
-9.57230324
-9.80460633
-9.35701905
-9.41232478
-9.20934942
-9.57446890
-7.64507551
-8.38664970
-8.80890503
-10.10424219
-9.56525842
-7.62215314
-8.23940235
-8.09559293
-8.19248356
-7.81119201
-8.36581505
-6.94846019
-6.76784090
-8.91572079
-8.08995176
-9.46415209
-8.68861533
-8.99414190
-8.72865963
-8.86703880
-8.66001193
-9.05733828
-9.09339317
-8.70083264
-8.95727301
-8.49664832
-9.34570326
-8.35659540
-9.17536916
-9.69133727
-8.86536522
-8.35944266
-8.57093025
-9.15672022
-8.18942373
-9.01898824
-8.21369667
-8.45894352
-9.13735038
-8.18158972
-8.52455052
-8.63684348
-8.33867883
-9.36807209
-8.68959669
-8.02610289
-8.86970032
-8.21185189
-9.91639078
-8.32721374
-8.02428895
-9.78056253
-7.36125445
-8.93081248
-8.82126907
-8.76470385
-8.66974795
-8.20203087
-8.35708706
-7.91352292
-8.37227421
-8.53814386
-8.63899382
-8.99636559
-8.48670647
-8.76908772
-9.39969291
-9.02229559
-8.85140005
-9.40750596
-9.22280649
-9.31897083
-9.71644754
-8.98452506
-8.56056800
-8.14867366
-8.28918092
-8.62497103
-8.82788547
-8.18936146
-9.16189794
-8.81731868
-9.45757087
-8.54426274
-8.04845645
-8.38835120
-9.07240763
-9.10478740
-9.65446986
-8.65519037
-8.87106470
-8.97000200
-8.79430557
-9.43533327
-8.86926318
-8.77286237
-8.06104162
-8.47329179
-8.26457894
-8.65199628
-8.12609388
-8.13334672
-8.46994363
-8.67275051
-8.97426173
-8.06487457
-8.26303317
-8.55917134
-8.26606460
-8.44955575
-8.71146902
-8.51601887
-8.79146245
-8.97644986
-8.80332185
-7.49389781
-7.88938985
-7.98381636
-8.08261727
-7.27741318
-7.74478448
-6.01893757
-6.06367860
-7.24689001
-7.51167792
-7.50752897
-7.54573754
-7.54318979
-8.70366050
-10.14854010
-9.38549584
-8.38882838
-9.55875074
-9.43746223
-8.91152985
-8.84226939
-8.61281077
-9.10230404
-9.85364752
-9.00795882
-8.57438407
-9.17119322
-9.53412815
-9.51100845
-9.27925341
-8.81424738
-9.09973108
-8.12997040
-9.28855706
-9.68200672
-8.58904267
-9.23874311
-8.11500135
-9.16857365
-9.34191134
-9.50736408
-8.93056894
-8.35361698
-9.27461161
-7.73235348
-9.04604017
-8.65527104
-7.20277817
-8.61841731
-7.56070182
-9.21382804
-8.35215980
-7.13230747
-9.05280094
-7.80257187
-8.77934027
-8.69371745
-9.00972711
-9.12574132
-8.56664961
-9.81980268
-8.72417371
-8.74389237
-8.69321751
-9.49232484
-9.28294696
-9.48405528
-9.07524025
-9.02872844
-9.62617377
-8.39867652
-8.98353650
-8.93532717
-9.53868039
-9.65900666
-8.31595664
-9.04130343
-8.40120963
-9.06353607
-9.66890427
-8.94001300
-8.57212528
-9.34575853
-8.60969819
-8.25805491
-9.07193660
-8.18594122
-9.40776490
-8.72793891
-9.03583975
-8.85767353
-7.55626265
-7.79487656
-7.53879013
-8.08459708
-8.97827021
-8.94033978
-8.74621892
-8.86043099
-8.95328655
-8.55378663
-8.78703420
-8.15908973
-8.54247515
-9.47881828
-8.92645174
-8.51208559
-8.34433424
-9.40576025
-8.16651388
-9.06032392
-8.90322566
-8.80321923
-9.15046781
-8.65740618
-9.18598754
-8.92303863
-8.57883160
-8.96747940
-7.05614356
-8.18828214
-6.14185405
-7.24897870
-7.18910873
-6.38915888
-6.81917951
-7.68402623
-5.63892233
-6.27778109
-8.48181014
-9.12769762
-8.38484476
-8.16019732
-8.37921484
-8.56113918
-8.50209149
-8.52885091
-8.57986805
-8.53506690
-5.73921050
-6.16888794
-8.55974007
-9.46531900
-8.67029168
-9.07440401
-9.04629548
-8.44117954
-9.19237022
-8.13910659
-8.62677277
-9.11383842
-8.61787749
-9.43178895
-8.84785968
-9.04438546
-8.72080179
-8.44413103
-8.69250518
-8.55971241
-8.15197371
-8.64675340
-9.30297406
-8.71745122
-8.32838998
-8.69842152
-6.80815455
-9.25014846
-9.15650032
-8.18780084
-8.69786879
-6.21289119
-6.27108158
-5.75273511
-5.41961162
-5.27422156
-5.24878628
-4.86662070
-4.64989878
-4.01040675
-3.91032218
-6.98785496
-6.69486455
-7.22578950
-8.60021772
-8.14238368
-6.52895665
-7.04578366
-8.32937292
-6.99820686
-7.79000075
-8.49984818
-7.36971917
-7.66046058
-8.61939582
-8.81063925
-8.62879914
-9.15535159
-9.48816694
-8.32856836
-9.59633337
-5.79341269
-5.29582670
-5.69608356
-4.94444721
-5.71695184
-5.44897897
-5.33853953
-5.24562534
-4.14530331
-5.54451380
-5.10382809
-5.26666609
-3.98061481
-2.40405398
-2.67842810
-3.91696931
-4.57509967
-5.89784709
-5.66049915
-5.13408020
-3.93137113
-4.64859592
-5.95995736
-6.21277067
-5.88585165
-6.66852310
-6.29364178
-6.43707743
-5.60899482
-5.86039807
-5.88281807
-6.09761400
-5.18801684
-6.09474329
-4.62421259
-6.65117564
-6.22590265
-6.92593951
-6.29686724
-5.84815601
-6.14760114
-6.21638546
-5.45540912
-6.12709917
-5.94333568
-5.64191017
-6.19747400
-5.89371700
-5.89596516
-4.68469567
-5.80536857
-5.13888798
-6.61777774
-5.97712606
-6.35383573
-5.96191073
-5.34295583
-5.86732112
-5.83286686
-6.01211856
-5.89213752
-4.73889808
-5.77205281
-5.73701578
-3.62384676
-4.87437746
-4.86711367
-3.94475718
-3.89683099
-5.17603105
-5.31775765
-4.94330286
-5.43386449
-6.27609060
-6.34401295
-6.02543036
-5.04240890
-5.01472013
-5.45689364
-5.07676291
-6.42376689
-5.52576425
-6.14403629
-5.84001124
-4.87076617
-6.04159082
-5.79529992
-5.82696171
-5.36879738
-5.34299417
-5.68984288
-5.23030244
-5.63768991
-5.64277195
-5.95299613
-6.09429757
-5.46482332
-5.67076144
-6.48605861
-5.65367745
-3.72669325
-3.77075103
-2.88023904
-3.48208822
-3.86611287
-0.41315227
-3.61386066
-2.21032270
-1.54383296
-1.67914810
-1.69517403
-1.75692304
-1.86635880
-0.76365614
-2.28957597
-2.75142405
-2.31307570
-2.58795986
-3.24126045
-3.06681061
-3.89615139
-4.21898775
-4.42331346
-3.77555436
-4.38264890
-3.33320111
-3.32235720
-0.70928698
-4.23807039
-4.51043533
-3.21655120
-3.70854445
-3.30754983
-3.79224513
-3.23070982
-3.78012499
-4.46779930
-3.70568288
-2.25860022
-1.20126450
-1.14145752
-0.37160855
-0.01623624
-0.70458000
1.87550010
-1.02166615
-0.94609259
-2.59493390
-1.85093985
-2.69142816
-2.60533529
-3.17486293
-3.07370268
-0.73607127
-2.50812614
-3.08349991
-1.91389195
-2.36375912
-4.24380296
-3.24679752
-3.06303285
-3.11483254
-3.24012831
-3.63878796
-3.34372865
-3.59487557
-3.89488825
-3.55980893
-2.47841100
-2.40566348
-3.59680371
-4.04345304
-3.46304202
-2.79996849
-3.65049504
-2.72136715
-3.88895827
-2.57010639
-0.53991553
-2.97886675
-2.68925223
-3.11994043
-3.73294231
-2.55695526
-2.63310758
-2.62411750
-3.72983394
-3.18986679
-3.51455730
-3.31447269
-3.18731157
-3.83331181
-3.70517546
-4.11508282
-3.58103649
-3.68005761
-3.84571637
-3.64549030
-4.34260291
-3.51027997
-9.85487574
-12.03656383
-8.83920736
-7.80687196
-8.62565648
-7.72156808
-7.76601519
-8.87899627
-9.31809595
-9.42216944
-9.56812256
-9.03726936
-9.10577868
-9.76171668
-9.50096482
-10.49026843
-8.95718888
-9.27445532
-9.10245700
-11.69243474
-10.23938926
-9.10544942
-10.67643351
-10.89753786
-10.46944851
-9.64938784
-9.56390762
-10.06509836
-9.71003435
-11.99435770
-12.01152272
-9.62451471
-9.12838016
-12.14871177
-10.06421451
-11.78718634
-10.66771965
-10.61464091
-12.53251308
-8.26821111
-8.16066730
-8.74323705
-8.10151983
-9.25868000
-9.12792963
-9.11882240
-9.13539606
-11.88428803
-11.17806307
-11.76833081
-9.69379641
-11.83925157
-12.35613642
-12.38721591
-10.53913261
-12.04634233
-11.39502697
-11.56054537
-11.23649585
-12.29295480
-9.60856103
-11.32268987
-9.79565904
-12.27656606
-9.27674543
-9.14152409
-9.03094304
-8.39779959
-9.33719146
-9.14598374
-9.57769333
-8.91572009
-10.19552524
-9.19924628
-9.39226159
-9.72974307
-9.93013050
-9.45883643
-11.88755617
-11.79255713
-10.76218581
-11.70211246
-10.52746727
-8.93042231
-9.80656683
-10.67272196
-9.77393483
-8.93233323
-9.88116353
-12.23171805
-10.53676271
-9.80278855
-9.80080934
-10.37704743
-10.11880847
-10.32818259
-10.17939451
-11.42454449
-9.90657103
-9.04697763
-3.44695775
-3.33631817
-3.49087215
-4.35457278
-3.28049472
-4.24826347
-2.92077476
-2.78988509
-3.81531375
-4.95182168
-3.17868684
-3.88771684
-3.64185497
-3.83707076
-4.13489480
-3.22506010
-3.35258886
-3.64689955
-4.07689460
-3.96883941
-4.19138189
-4.45027223
-3.10894697
-4.26068578
-3.48928717
-3.52053337
-3.67569887
-3.50471626
-2.45253177
-3.28853497
-3.47801418
-1.89896023
-2.51173597
-1.03942620
-2.25339167
-3.21412255
-3.89967218
-2.18591767
-3.34973447
-2.14017367
-2.84161538
-2.61366273
-2.88672486
-3.42850145
-3.13620308
-3.82238983
-3.55458599
-4.15607384
-4.33543294
-4.02420023
-3.93238279
-3.88944547
-4.28702799
-2.89538123
-4.52065273
-4.69954803
-4.62299927
-4.24374206
-2.73037483
-3.30069250
-4.06353011
-3.21940420
-3.78292207
-4.30563604
-3.37114085
-3.51047990
-2.53137570
-3.84155481
-3.68077622
-4.26111386
-4.21492364
-4.09537136
-3.63750402
-4.21235810
-2.82501342
-3.96350803
-4.69451914
-2.95324186
-3.83729284
-4.66977348
-3.21444220
-3.75657017
-2.32351446
-3.35917400
-2.59398935
-3.55348663
-3.28407972
-2.21557879
-3.85355334
-3.56971649
-3.29389598
-2.88559089
-4.15650193
-3.68313358
-3.20478333
-3.73364020
-3.46204991
-4.10309259
-4.75357988
-3.94793738
-7.00575897
-6.74094018
-6.79781685
-7.05565217
-6.87772126
-7.15321386
-5.76577482
-7.21706922
-6.65776867
-6.50322392
-6.15489020
-6.44386711
-6.34694910
-4.80212749
-6.01304565
-5.38599929
-4.48816174
-2.79936465
-5.53020511
-4.34264628
-7.74714930
-7.88506106
-7.81861168
-7.53423654
-5.65172853
-7.69615986
-7.56369947
-7.61222591
-7.70366590
-7.02445729
-7.30466081
-7.17879130
-6.35569213
-7.25983981
-7.89008771
-6.74547112
-6.10064475
-7.40258352
-7.36591525
-7.03438772
-7.67706142
-7.84779432
-8.08588353
-6.87729087
-7.67227742
-7.55132025
-7.46689089
-7.96328425
-7.40676877
-7.09116648
-7.00181606
-7.19818339
-6.76035917
-6.70428138
-6.85640838
-6.57836841
-6.09962756
-7.56879518
-6.89706949
-6.80327737
-6.55709539
-7.19885901
-5.30184131
-5.37103618
-6.72067213
-6.06524769
-6.41321510
-6.24388151
-8.13116880
-5.44291850
-7.45487577
-6.04556230
-7.57350474
-7.58122609
-7.14294768
-6.66799187
-8.31154890
-6.55900347
-7.52912470
-7.36819057
-7.08647764
-7.19549711
-6.43270500
-7.46750042
-7.13159794
-7.14338390
-6.95308257
-7.15258555
-8.80088728
-6.81758046
-7.82519221
-7.43205746
-6.68898794
-7.99244169
-6.27824173
-7.45496857
-7.08816395
-7.00699668
-6.79624544
-7.20579219
-4.94786988
-4.54248689
-4.93711135
-4.98328873
-4.50112027
-4.07840135
-4.00659505
-4.33689918
-3.60737636
-3.68210519
-4.74587346
-4.13599453
-4.05483453
-4.35569891
-4.65010288
-3.97205116
-4.12218841
-3.75285562
-2.84141617
-3.54271376
-3.63791410
-3.48877478
-3.34629653
-3.28470617
-3.53833646
-4.47804526
-4.23041305
-4.96396151
-4.30987741
-4.52959323
-4.76557287
-4.11307766
-3.89118826
-4.17578375
-4.55399425
-4.76277891
-4.44713491
-4.49521787
-4.20564942
-4.46700226
-3.66164373
-4.55205960
-4.60557119
-4.13324518
-4.41447796
-5.37290355
-4.32889918
-3.99999952
-4.25998683
-3.61184197
-3.65747211
-4.79190250
-4.81732675
-3.22068962
-4.50579598
-4.45619501
-4.68026273
-6.24287537
-4.89749750
-4.05148626
-3.93664834
-4.69403879
-4.18156276
-3.50049717
-3.60588834
-4.02470705
-4.00192344
-2.98261480
-3.89327775
-4.10117249
-3.57090112
-3.93622491
-3.65305164
-3.28921469
-3.43132138
-4.16906694
-3.29044109
-1.60612982
-2.80323280
-3.93639196
-3.81216630
-3.14275385
-4.86471847
-4.56005520
-4.33443026
-4.69401575
-5.11138787
-4.14964233
-4.16757314
-4.27250763
-4.65729655
-5.53135241
-3.82269800
-4.09294348
-4.33813569
-4.56822617
-5.01454454
-4.28053534
-4.36936048
-4.05631323
-11.31625850
-10.45259015
-10.78040852
-10.68119697
-9.80711712
-10.09694465
-11.26404502
-11.38755650
-10.70612386
-10.89744960
-9.83182842
-10.09157206
-9.56215950
-9.55383128
-9.59019361
-9.64411295
-11.01579535
-8.72648242
-10.98993836
-9.93095007
-10.21324148
-9.81438860
-9.85577173
-9.23123538
-10.78181344
-10.02327759
-9.71492263
-8.81593834
-8.97891527
-7.84393267
-8.98683150
-8.96084541
-9.57884388
-9.14046304
-9.91965090
-8.87655504
-9.91844231
-9.71018162
-11.02189590
-11.17033062
-10.05450165
-10.94525737
-10.75529680
-10.87335737
-10.28296654
-11.06206032
-10.99795864
-10.25224213
-11.19737967
-11.24609666
-10.65342604
-9.87386631
-10.82951576
-11.66475570
-11.54677826
-10.52980832
-10.94588377
-11.14544632
-10.75735518
-11.36696177
-11.02595428
-11.04230848
-10.14179545
-10.67383354
-9.72961292
-10.25241470
-10.69030706
-11.65167838
-11.04815532
-10.94900900
-10.37417856
-10.49039007
-11.09883043
-9.60464362
-10.42455262
-10.08678957
-9.71846382
-11.17383150
-10.43727726
-9.90661431
-9.69493334
-10.09687859
-10.12455818
-9.64768409
-9.87052230
-9.28439184
-10.21309092
-10.52832793
-8.87553693
-10.21787240
-11.61977432
-10.52582217
-10.35249927
-10.99054064
-10.64053470
-11.78409264
-10.65355114
-10.80646983
-10.61109636
-10.75409474
-11.90690030
-11.88925895
-11.29052394
-12.01397057
-12.18526345
-12.01107102
-11.35246050
-12.29420813
-11.96113004
-11.19492157
-11.74759026
-10.90081208
-11.07324311
-11.73772507
-11.98896847
-11.37923244
-11.58004760
-11.89999120
-11.50946234
-11.32809071
-12.22069052
-11.64018652
-11.47861305
-11.30195716
-11.32583334
-11.49259313
-10.87432419
-11.52211082
-11.63264472
-12.11475759
-7.65531402
-8.63476037
-10.12374250
-10.66732665
-11.40603568
-11.08604021
-9.98417151
-11.43163390
-11.48532464
-11.74388296
-10.78458547
-12.15240864
-11.64618125
-11.28188593
-11.20809038
-11.60553051
-11.81724925
-11.94842374
-11.54875664
-11.85045536
-11.26794780
-11.18935872
-11.48020083
-12.02730876
-11.78002129
-11.94362218
-11.62636507
-11.27716596
-11.54506582
-11.84096741
-12.20172716
-11.91568607
-11.35184583
-11.87936620
-11.40318045
-11.21650605
-11.49947524
-12.14747937
-11.71304927
-12.14706705
-12.00742250
-12.03688514
-12.10271777
-11.93368039
-11.92354407
-11.84264566
-11.45547441
-11.17641451
-11.50667458
-10.24528866
-11.03387288
-11.44697798
-10.92243273
-10.27983463
-10.74245428
-11.10448113
-11.30172776
-10.98311724
-10.99168699
-11.31819802
-11.14625221
-11.20268214
-10.97932253
-11.17450877
-11.28888840
-12.34316960
-11.23534876
-10.97393895
-11.35386820
-11.22111806
-4.77391930
-4.14329285
-4.71475045
-4.31438498
-4.81705803
-4.39977036
-4.48294152
-5.40409563
-4.57155058
-3.96363253
-4.89672120
-3.93250148
-3.79061848
-4.23148137
-3.61793755
-3.25485889
-2.28510111
-4.48499775
-4.75847669
-2.80288135
-1.88599683
-2.55580639
-2.07114880
-2.73299622
-1.69201840
-2.42875955
-4.30244374
-3.56492620
-3.68301090
-3.04157610
-5.48473083
-3.63165274
-4.54163912
-5.99369656
-5.14434949
-4.42154299
-3.95639104
-5.08787538
-4.45486675
-4.86002742
-3.65422471
-4.43630107
-3.43248340
-3.83103085
-3.29837896
-2.74094355
-2.92066702
-3.81836683
-5.15725679
-3.18220101
-4.34492868
-3.77443455
-4.41944800
-3.48541874
-4.11624900
-2.54182828
-5.03064781
-3.32106626
-3.78994397
-5.26005533
-4.92264286
-3.67323335
-4.01740892
-4.09001395
-4.79678668
-4.64552519
-4.11689952
-3.55360357
-4.45834196
-3.91349107
-5.50394232
-4.64170642
-3.00467781
-3.29634617
-3.60750005
-3.73985630
-4.21069698
-2.99429172
-5.26696681
-3.52960390
-1.59240963
0.25308107
-2.68739811
-0.70175148
-1.93036432
-1.67000772
-2.16297544
-2.23077832
-2.84523905
-4.89748910
-5.09829483
-4.60099540
-4.30702056
-4.22932893
-4.23883828
-4.04789196
-5.69849257
-4.06371489
-3.96295572
-4.41393116
-9.24574566
-8.40725888
-8.21663020
-9.17235484
-9.56495516
-7.59282270
-7.33845450
-7.35405676
-8.31809157
-6.43986473
-9.98725040
-8.77043033
-8.70238333
-6.85311486
-8.04401524
-8.22464200
-10.91536145
-8.18206842
-10.01507882
-9.16726755
-9.69791214
-8.26698206
-8.70879540
-7.99679844
-8.14972585
-8.47648650
-8.08394729
-9.26021343
-7.51796552
-8.81004517
-8.32342494
-8.47045105
-9.18964234
-9.16236974
-8.99863744
-7.56747175
-11.00989409
-9.16682349
-8.28203421
-9.02927440
-9.43130080
-8.23444386
-8.22661982
-9.19964558
-8.87558724
-10.43505391
-8.27366417
-8.37716820
-8.96862339
-8.41883192
-8.09734561
-9.60931359
-9.17237941
-8.68451141
-9.78731481
-8.97058440
-8.45044665
-8.37489421
-7.13277164
-7.01118362
-8.02299396
-8.12192560
-8.18764310
-8.69085036
-8.34022931
-7.82394629
-8.40276027
-8.17851096
-9.19541725
-9.92075273
-9.52896653
-8.45607722
-8.62626461
-9.95356072
-7.97025212
-9.20946586
-11.10639058
-9.26443341
-8.51076504
-9.23547655
-8.46822369
-8.35687468
-8.26104056
-9.43456561
-8.46108128
-8.81513602
-8.47284843
-10.89524192
-7.87063861
-7.63899884
-8.78808159
-8.33908235
-9.23316808
-11.33826602
-8.01366611
-10.93882576
-9.12587301
-9.97503737
-8.34990498
-8.13403703
-9.51637460
-11.17989026
-11.07011283
-10.57166410
-11.00925717
-10.53564836
-10.67036305
-10.77895346
-10.69074890
-10.43098865
-10.96087444
-11.23906933
-11.31256050
-11.35168535
-11.12802054
-11.42476133
-11.01108532
-11.26992325
-11.26117883
-11.03788747
-10.97436712
-11.19230259
-11.24012664
-11.31510427
-10.78807478
-11.08352315
-11.25235200
-11.27357971
-11.16658352
-11.27660963
-11.31787377
-9.75057540
-12.14676977
-11.27797084
-11.22651665
-11.25776089
-11.35271300
-11.31389499
-11.09479450
-10.74254718
-11.25797551
-10.71330593
-10.55450194
-10.87127303
-10.57855113
-10.62800505
-11.00495604
-10.92992642
-10.67466275
-10.56611066
-11.06967339
-10.74980229
-11.31494261
-10.76891752
-10.70071394
-10.91011645
-8.87168004
-8.98197224
-9.08113265
-10.74309451
-11.09298618
-11.17606003
-11.21566953
-11.40454714
-11.21310481
-10.99104185
-11.20668041
-11.31909967
-11.28351941
-11.27701374
-11.25940542
-11.34452987
-11.21398065
-11.08035614
-10.45830491
-10.84275886
-11.05627087
-11.29389569
-11.20661836
-11.36269093
-11.27228806
-11.50476534
-11.34503528
-11.20045658
-11.19273535
-11.05111606
-11.29107530
-11.28154074
-11.32595734
-11.21371338
-11.14852662
-11.18916311
-11.26427031
-11.22714002
-11.19819912
-10.79255695
-10.29701942
-11.21801735
-10.77702249
-11.14281833
