-11.87462839
-10.19657259
-11.28377451
-11.17046536
-11.87537342
-11.00214176
-10.93404245
-11.95617382
-11.29401861
-10.54172567
-11.74592492
-12.67256144
-11.18950921
-11.61640509
-11.75764625
-11.95968681
-10.26818299
-11.30022940
-11.04594497
-10.46945679
-10.49190591
-10.37497518
-10.10455067
-10.19689867
-10.68508243
-10.73925524
-10.79835212
-10.92071604
-11.20183696
-10.38030880
-10.29046552
-11.48980373
-11.90821997
-11.70455718
-11.89528802
-10.97803207
-11.75916804
-11.54473380
-11.71874640
-10.83243099
-11.39086349
-10.48032413
-11.12687756
-10.88698821
-11.42145762
-11.38840860
-10.12540922
-10.96814685
-12.04097743
-11.22236286
-11.66773635
-10.86536526
-11.23073024
-11.24986530
-12.03245791
-10.69809815
-11.40021913
-10.68300983
-11.04174278
-10.59896218
-10.18363781
-11.18356073
-10.53947056
-11.03365822
-11.23113789
-11.36963893
-11.33981208
-10.97463980
-10.73987018
-10.57932011
-10.31473805
-11.38430372
-10.08540313
-11.47632797
-11.61610524
-11.47932139
-10.47957442
-11.23182403
-11.45796979
-10.96725356
-10.04678653
-11.87963722
-11.71356752
-11.63774851
-10.88622654
-10.19443417
-10.96707823
-11.36313733
-11.23701952
-11.64017039
-11.25816119
-11.00004790
-11.36096421
-11.97510857
-11.59466450
-10.19518547
-11.76492525
-11.77755970
-11.18826492
-9.79235275
-4.20860954
-4.80841001
-4.50773998
-5.61034566
-4.97644341
-4.66639984
-4.79752970
-5.14639864
-5.09127165
-4.70956796
-4.11851195
-3.34985542
-4.81666314
-4.59576363
-4.00134896
-4.62494275
-4.81450396
-3.69268004
-4.09862701
-4.15738927
-3.65778869
-4.02169872
-4.25285207
-4.21977062
-3.68262332
-4.06538235
-3.09163505
-4.43499133
-3.25539303
-4.12714657
-4.16286598
-4.75375193
-5.15949478
-5.00987938
-4.85744115
-5.33694873
-5.91516605
-5.54837449
-4.52090829
-4.97409420
-4.84941532
-5.35538957
-4.46625899
-4.51190975
-3.84197458
-4.25586433
-4.94071892
-4.49072599
-5.25857434
-4.92716603
-4.98400406
-4.98414674
-4.97282735
-4.66203122
-4.10117590
-5.57693935
-4.89503682
-3.82100251
-5.45663362
-5.46060632
-4.99659974
-3.71964893
-4.45773209
-3.06392452
-4.49823533
-4.62692476
-4.47712724
-4.35136878
-5.32186306
-3.69674237
-4.86090237
-4.02499142
-2.15025522
-3.37801027
-2.51135677
-1.47661907
-2.21811863
-3.84161322
-3.94473017
-3.33235559
-3.77585894
-5.31888038
-5.85708443
-4.06394598
-5.05282308
-2.91474124
-4.19472413
-4.62049713
-4.44321695
-5.10295853
-5.44380124
-5.74820686
-6.53412137
-5.17044201
-4.46726578
-4.53394862
-4.11634889
-4.72104796
-4.40337056
-3.93021829
-5.90093674
-5.32200218
-6.15696931
-6.13338673
-6.25093821
-6.32335640
-7.49217171
-7.73115584
-6.32772868
-6.14917292
-5.89867980
-7.97724478
-6.20664840
-6.63879884
-6.39326532
-7.04550801
-6.54933400
-7.22832749
-7.19005904
-6.26763228
-6.08687538
-6.41543073
-6.37503210
-4.98876131
-4.56272872
-6.44597073
-6.03987370
-5.91446181
-5.56492330
-6.82304277
-5.36377243
-6.23445987
-6.70357160
-6.95722268
-6.47729874
-6.75394554
-6.78242989
-6.30923326
-7.07481214
-6.52524227
-7.14850766
-5.95938300
-6.21368772
-6.84154713
-7.87247053
-5.87812123
-5.56156558
-6.08674261
-6.08279809
-6.93748284
-8.50467091
-6.24773203
-6.95658732
-5.98287093
-6.61434996
-6.94684287
-5.94819059
-6.65878475
-6.31844990
-6.29314392
-6.62550132
-6.40484845
-6.62716985
-8.08422797
-6.49302253
-6.38403413
-6.13394668
-6.21644122
-5.60022269
-4.07694188
-2.94498008
-3.63046713
-4.91609642
-5.48262744
-3.92521717
-4.83043083
-6.39413563
-5.31342797
-4.08970680
-6.49875905
-5.51441933
-6.62915327
-5.52353671
-5.41121824
-5.82320447
-5.44018158
-5.64011788
-6.45467313
-5.84733997
-5.58913444
-6.50320195
-7.50453747
-6.15540597
-6.30554352
-6.32662630
-6.82478495
-5.47603649
-6.41548183
-7.29737050
-5.67597398
-8.80988515
-8.66294018
-9.22080472
-9.29314427
-8.96573030
-7.08933122
-8.98362704
-8.92995381
-8.65868048
-8.05546281
-6.81410215
-9.43929053
-8.44472082
-9.41958041
-9.41120134
-8.84342728
-9.17789543
-8.98373718
-9.50929068
-9.97000829
-9.43027966
-8.98791310
-9.02341602
-8.59034917
-9.22871022
-8.63370316
-9.93554932
-9.42513955
-8.78179819
-9.32512015
-9.90857263
-8.46046393
-8.65129752
-8.46857760
-8.93521135
-9.52350419
-8.05346108
-9.81063791
-8.60707417
-8.83899160
-9.00179425
-8.27378018
-9.50177921
-9.30678718
-8.56736100
-9.85797882
-9.72464652
-8.96709358
-9.23957133
-8.72366425
-9.30246538
-8.84940116
-8.71749605
-9.51922820
-9.04513183
-9.01913741
-8.28566575
-8.18962322
-9.31402182
-9.06395887
-8.36705845
-9.39512063
-8.73173325
-8.87519660
-7.19378942
-8.88970870
-7.54830981
-7.87393173
-6.68565719
-7.50036412
-9.57783868
-9.27463752
-8.69030995
-7.91150461
-8.58907519
-7.54613488
-8.62307533
-9.04967432
-9.55323728
-8.58642309
-9.57419357
-8.64113112
-8.75973811
-8.17337840
-8.87737440
-8.84575863
-8.76582800
-7.90064627
-8.93140646
-9.62148397
-8.60914737
-9.83103012
-8.96353505
-9.21848500
-9.00086366
-9.64253698
-8.33819726
-9.02925141
-9.07279718
-9.34492189
-10.31210880
-9.10988703
-8.05511242
-10.52327378
-9.22123129
-8.60783477
-8.83808468
-8.70012935
-10.21768264
-9.11336424
-7.94736731
-9.05432894
-10.32398926
-8.92493878
-9.24777525
-8.21271499
-8.72729027
-8.83026374
-8.70934331
-9.08907327
-7.80000156
-9.00456843
-8.53821340
-8.30400930
-10.10273594
-8.35018252
-8.90534090
-7.99800478
-8.63693973
-10.19908948
-8.82277587
-8.78544392
-7.47964115
-7.44383469
-8.19979411
-8.08170363
-9.45126155
-8.46214548
-9.35255361
-7.63425684
-8.34994894
-8.72214246
-9.07171263
-8.93498472
-9.33526220
-8.40919134
-9.13153317
-9.49426471
-10.36289685
-8.22028275
-8.64816248
-10.54090367
-9.03510656
-9.00718679
-8.10255856
-8.75638750
-9.00602498
-8.14697748
-10.39188838
-7.91649339
-8.34033822
-9.16085646
-9.22538198
-9.13235628
-8.86044105
-8.92813300
-9.59604860
-8.35790863
-8.26228412
-9.17174458
-9.53576127
-8.32372299
-8.54127488
-9.02033890
-8.86068746
-9.31903866
-9.15310393
-10.49349899
-8.81538270
-7.67058761
-8.14216544
-9.72202929
-7.98844198
-8.50563570
-8.25836398
-7.25836516
-7.66852999
-8.57240933
-7.74572034
-8.90167299
-8.09692615
-8.54732842
-9.09662896
-9.70080373
-8.55567465
-10.18833865
-10.18252369
-8.98305439
-9.55489296
-9.46577902
-8.09543171
-7.59694320
-7.71956767
-8.64117446
-7.41950878
-7.91347534
-8.37329761
-7.40029174
-7.92230629
-7.25538467
-6.55441587
-7.46696834
-6.83413045
-7.89611002
-7.59493539
-7.25670016
-6.95477635
-7.37932313
-6.43477730
-7.25386769
-7.85765295
-7.74388479
-7.76589230
-6.32925267
-7.74857386
-7.90942011
-7.14960800
-7.05145002
-8.12179705
-8.15978227
-7.00719124
-7.94294139
-7.59633716
-7.36152763
-6.87716505
-7.11904704
-7.17093478
-7.10764241
-7.05853869
-6.22078234
-6.47347060
-6.94787683
-6.99896811
-7.21903632
-7.37620341
-7.38072645
-6.81319104
-8.04274732
-6.94093774
-7.25560815
-6.79353772
-7.14900768
-6.46689287
-7.86593813
-7.49887718
-7.81514017
-7.70505768
-7.62059539
-8.03810981
-9.05951747
-7.48376026
-7.34638627
-7.66682717
-6.30298952
-8.25774817
-8.26323495
-6.41307970
-7.14546994
-5.99426546
-5.37542366
-6.74271989
-7.71129692
-6.52130760
-6.66763216
-7.08996077
-7.36088471
-7.25327054
-7.09490949
-6.32727109
-7.83031514
-8.80716982
-7.55645760
-7.53047333
-7.22704391
-7.53261436
-7.52874738
-7.40112953
-7.76398845
-7.16611770
-7.88708119
-6.48104564
-7.15361757
-7.21176702
-7.65287076
-7.13436603
-6.78627139
-7.02537350
-7.11039031
-6.88242889
-6.95702229
-4.71862104
-4.64363565
-4.97633942
-5.01256110
-5.04037760
-5.06624693
-4.47644647
-4.59614606
-5.29425900
-5.04801822
-5.21599442
-4.34847988
-4.97248388
-3.70135132
-4.53633455
-5.50468777
-4.03115281
-4.90333162
-3.95953689
-4.64208649
-4.81673836
-5.26665803
-5.25029801
-5.47008929
-5.30252254
-5.00382140
-5.46495405
-4.89388484
-4.65295800
-5.15241952
-5.61924737
-5.54377611
-4.95681452
-5.70258423
-5.31925385
-5.49686429
-4.68909366
-4.94240293
-5.24850798
-4.84650328
-5.08105531
-5.19713374
-5.67076618
-4.94025705
-4.51524102
-5.24051682
-6.05324793
-4.61215898
-5.28589106
-5.83958849
-5.83791100
-5.84619700
-5.19755808
-5.14739421
-5.60938925
-5.20484464
-4.54834568
-5.61730276
-4.72830694
-4.92153781
-5.54453459
-5.10468389
-5.35874295
-5.35635256
-4.62363015
-5.58376221
-4.89141727
-4.66349287
-5.10276473
-3.86108011
-4.05103798
-4.40378503
-4.69771856
-5.95517821
-5.81123991
-5.71794605
-5.88793318
-6.61168276
-5.74994911
-5.41153296
-5.87159392
-4.59414544
-4.89930795
-5.32318598
-5.16797986
-4.55716899
-4.42426539
-4.69939875
-4.90084230
-5.18561313
-5.00672505
-5.41879507
-5.39910891
-5.96037008
-5.57960488
-5.99134257
-5.79239008
-4.77717414
-5.91124027
-5.66917980
-7.23543738
-7.18358833
-9.84294286
-7.80060544
-7.30823051
-7.99750825
-7.41792216
-7.74557642
-7.51266852
-7.19478598
-6.17041195
-6.31446428
-8.19865681
-8.84158539
-9.46641480
-7.43284464
-9.18783772
-8.50048837
-6.97593281
-8.74879264
-7.89737896
-8.34424862
-8.52757291
-6.97179657
-7.76379764
-7.73127155
-8.07923271
-7.32191921
-7.93611965
-8.61985090
-6.08738398
-7.77843443
-9.21009924
-8.99417203
-8.79297994
-7.82783671
-8.28426720
-9.25110757
-9.20243167
-8.20441788
-9.68197198
-9.06229993
-8.90087283
-8.76408322
-6.45667597
-8.83236765
-9.05665849
-9.15229058
-8.27697995
-8.63368703
-8.81452091
-9.39418245
-9.71378610
-8.04012006
-8.88785201
-8.20004883
-7.81464844
-8.30684177
-6.83293532
-7.05580426
-8.03471063
-8.84801946
-7.45955309
-8.43902503
-8.96422103
-7.45098948
-8.53970996
-9.34430476
-7.57106888
-8.47076320
-8.40036103
-8.03929297
-7.27436203
-7.41467337
-8.23700218
-8.85396426
-6.62640717
-7.05640598
-8.87609724
-8.66615840
-8.32321369
-8.60519368
-8.22520894
-8.32827316
-8.94478860
-8.52615650
-9.06097379
-8.78468488
-8.96055102
-7.51037549
-9.27693395
-9.07868383
-7.80837585
-8.67555879
-9.03809853
-8.70674747
-8.75856997
-8.54707009
-7.93844049
-8.93313288
-6.88361453
-6.51932508
-5.56415331
-3.05171373
-5.97944945
-5.90795268
-7.45019860
-7.35658248
-6.73087348
-7.29211619
-6.41607487
-4.98064997
-6.78308978
-6.89893921
-6.19462089
-5.92024136
-7.11575747
-6.95148020
-7.05395117
-6.24904447
-7.17928910
-6.53362911
-7.23981252
-7.93768025
-6.82890834
-6.71529139
-6.67032515
-6.97397270
-7.06909052
-6.41586631
-6.31918562
-6.74580885
-7.78671784
-7.07912114
-6.15452379
-7.37013741
-6.67914362
-7.02647889
-6.36812829
-6.51062295
-6.72128850
-7.26445738
-7.66468290
-5.46127441
-6.87508895
-3.76130056
-3.03608496
-3.54518990
-3.32855904
-4.79902590
-6.24648328
-6.07453078
-1.10935237
-4.82967029
-2.34654948
-5.61691373
-6.29298639
-5.46916741
-5.46838202
-5.50526055
-5.44192549
-3.74153434
-4.45435975
-5.43628930
-5.16097917
-4.43067880
-4.35652130
-3.96916473
-6.29156681
-7.45657786
-7.60757054
-7.94342706
-7.04043229
-6.93234322
-7.59342181
-6.53122678
-6.66340034
-6.96910899
-3.62868645
-3.59983048
-4.36460369
-6.83059452
-6.04859588
-6.91354960
-5.22028930
-7.65444822
-7.05769840
-5.59670001
-6.65982902
-7.70866621
-5.89503102
-5.42758312
-5.56602669
-4.12639652
-5.90713453
-5.22658770
-6.20190654
-4.70577468
-6.33442577
-7.32118688
-5.70455085
-6.02545011
-5.94266571
-5.56004663
-8.08632566
-7.88524898
-7.24845433
-8.08027501
-8.80731145
-7.39307738
-8.04953735
-8.05438141
-6.69241031
-7.25388405
-6.19725946
-6.72328247
-5.83018214
-7.37189621
-6.96409475
-6.16481863
-6.98378384
-7.41383701
-7.64967022
-6.94613880
-7.37542901
-6.90227909
-5.96794063
-6.58420304
-5.73174956
-5.42921427
-6.70083470
-6.33447821
-6.53709088
-6.71084381
-6.26865585
-5.41064038
-6.11923800
-5.84849378
-6.33835482
-6.00307288
-5.71583634
-4.36433105
-4.99987654
-3.09194231
-4.12068042
-6.45259351
-5.69432449
-7.31728515
-6.37989030
-6.38323645
-6.77210727
-6.51594071
-7.13016620
-7.84411127
-7.27552417
-7.14990070
-6.89869097
-8.38301862
-7.96464348
-8.62230672
-6.82805355
-6.35254127
-6.15067161
-5.80657045
-4.99595311
-7.11059484
-7.57837053
-8.89375672
-7.89384464
-7.68149749
-7.30668796
-8.11640932
-7.28318625
-7.50040849
-7.24341472
-7.24871147
-6.60681169
-6.16557713
-6.98057105
-6.63662624
-6.24711126
-7.73462375
-6.76150004
-6.86011355
-7.87881306
-6.35475017
-6.34787807
-6.08978276
-5.03184690
-5.32300544
-5.58499641
-5.94929279
-7.53128198
-5.41696238
-6.09267314
-6.97435608
-6.36342231
-6.40883652
-6.69820065
-8.01470209
-6.85997094
-6.12413573
-7.99185660
-7.98016291
-6.36305156
-6.12400880
-7.60869476
-6.37121695
-7.14402094
-7.37823934
-6.31859759
-7.50259971
-6.76718829
-7.94068302
-7.65614169
-7.64717875
-6.45629033
-6.16387375
-7.12257952
-6.63317271
-7.17320003
-8.01529622
-6.18565710
-6.59616557
-3.03121702
-7.11937364
-5.83530280
-5.22808215
-6.57116747
-6.81558268
-4.57990701
-6.32073624
-5.19478592
-6.45788156
-6.68720285
-8.22244989
-8.30735099
-6.46915538
-7.33676587
-6.57237060
-6.08715609
-8.06435467
-6.94638701
-6.41316705
-6.57017675
-5.50118910
-4.41740616
-4.60910257
-6.47696063
-6.31456185
-4.84569892
-7.83729551
-5.82474546
-6.39414193
-6.52329014
-6.60406464
-6.28692611
-7.91191455
-5.73782209
-6.04736700
-6.28703614
-6.46912472
-7.55688161
-7.76432689
-6.48337263
-7.77114849
-6.75333134
-8.09229664
-7.63674560
-7.39707645
-4.34396954
-3.70002264
-5.79781033
-6.57579737
-4.11949131
-6.17713489
-5.67378718
-4.50948458
-6.64429151
-5.22216603
-5.92972896
-5.59429837
-7.88020186
-6.28374384
-7.01126535
-6.60928420
-7.26698523
-7.74183181
-6.87328267
-6.30180785
-6.04717353
-7.39811848
-6.92832813
-7.12800873
-7.49681423
-6.76532438
-6.51360719
-6.17511412
-7.87025812
-7.11461705
-0.37103872
-1.75753390
-1.41529629
-1.43483618
-1.29230428
0.44719225
1.55521791
0.79427115
-0.70916224
-1.61371202
-0.47224209
1.63907583
1.08564542
0.18781962
1.41480766
-0.36169008
-0.05959594
-1.08767725
-0.25482218
0.43462558
-1.09077075
-1.03686721
-1.50815611
-2.28773518
-1.90196266
-2.14278538
-1.38105244
-0.44739958
-2.17505868
-2.74116792
-1.39669281
-0.96845543
0.33776588
-1.59848339
-1.87349840
-1.82725995
-1.70080133
-0.52594909
-2.73228439
-2.25526336
-2.37623755
-3.57878336
-1.91276201
-0.51302174
-3.71262983
-1.62214468
-0.85375736
-1.64459707
-3.34326878
-1.67814779
-0.16793880
1.56324750
0.21901279
-0.04303512
-0.30169495
-1.80252933
0.63311283
0.43997164
0.20502569
-2.03478517
1.89189621
1.89035282
2.41722511
2.32326697
1.07401935
1.91844067
4.65124264
2.57515773
2.75547832
3.45610302
-0.80067163
-0.82480646
-2.37442483
-0.50672732
1.28379828
-2.80899118
-2.46631504
-1.44193092
-1.40354736
-1.44864627
-0.51078491
-1.06671498
-0.67586250
-0.45029788
-2.26592095
-0.73238827
-2.14568996
-1.00078566
-1.40626705
-0.72253337
-1.31548682
-1.88170782
-0.28119761
-1.27238009
-3.41973250
-2.12129861
-1.65757813
-1.53923194
-3.11490982
-1.43606563
-2.45015288
-1.50034345
-2.40281225
0.30059665
-1.55810901
-1.22045512
-2.44123245
-2.32927771
-1.63019940
-1.41544769
-2.15922080
-3.63907652
-2.34191891
-1.07960970
-2.70547092
-1.85677937
-1.30505686
-2.49249651
-3.49820672
-1.39017070
-2.50350802
-2.45138397
-3.18019326
-2.51917132
-1.93361742
-1.33921802
-1.89226055
-2.13536004
-2.53306949
-2.83082373
-2.07458395
-1.94366109
-2.70201624
-2.42925278
-1.40221063
-2.65613772
-1.31864306
-1.94381717
-2.34004306
-2.48101306
-2.32236221
-1.51263323
-2.81609213
-2.78195256
-3.05294729
-2.29118454
-2.44026346
-0.60948352
-0.90294515
-2.48219989
-2.52233686
-2.35873915
-1.56883726
-2.57471472
-1.68166971
-2.33914261
-2.36786852
-1.92238023
-2.54884631
-2.62669325
-2.42441713
-2.78852756
-2.89709999
-1.24155495
-3.33152867
-2.53317171
-1.89637887
-3.06346927
-2.98381920
-2.45813034
-3.04499102
-2.49355042
-0.86248252
-1.79255952
-2.12340060
-1.83667208
-2.85756041
-2.29114769
-2.18610717
-0.47720110
-2.33219184
-2.60155764
-1.91065287
0.15289195
-0.54388256
2.75416494
-0.95106242
-1.06417352
-1.63106583
-1.66362790
-1.42797318
-2.52612036
-2.05338096
-3.48757938
-2.09903248
-1.88660503
-2.12173420
-2.73426762
-2.43213386
-2.89027034
-3.71860170
-3.09436270
-3.25257245
-3.22679943
-3.28426186
-1.83510072
-4.52716856
-1.88612557
-2.44272912
-3.33335565
-2.07758130
-1.38534574
-1.49406537
-0.94401075
-1.63021628
-1.20539243
-1.48473696
-1.76715863
-1.32692574
-0.57547025
-1.67358713
-1.52494293
-2.41572763
-1.87836628
-2.62149102
-1.66478221
-2.27626735
-2.62141411
-2.00732913
-3.14239691
-2.79767108
-1.46450421
-2.40127884
-1.65894794
-2.69447846
-3.06053768
-2.59584488
-2.03335479
-2.66516997
-3.44829248
-2.98304360
-2.10855234
-2.62528802
-2.03701997
-2.87456441
-3.72206941
-3.24497291
-2.84081346
-2.51796651
-3.69275644
-3.59139075
-2.31200789
-3.21376949
-3.49198054
-3.30296542
-2.88769861
-3.08093501
-2.40701961
-2.44733398
-3.65382100
-2.22334581
-2.02348355
-2.14439191
-2.23018008
-1.43329329
-2.80957366
-1.93352116
-3.05135851
-2.17160421
-1.93207095
-2.58642650
-2.38629315
-0.36572943
-2.98572119
-2.30167440
-0.85991632
-2.39438459
-2.78577971
-3.02528946
-2.06442269
-1.57371256
-3.18862423
-1.49336039
-2.63125292
-2.49273425
-2.15625833
-1.91313168
-1.76611023
-2.67109907
-2.21022891
-2.50291936
-3.27089917
-2.75125112
-2.48696820
-3.45381032
-3.30749225
-2.52135887
-2.64522645
-2.50956800
-3.00445823
-6.28927051
-6.62862468
-6.16654545
-6.44250345
-6.20754035
-5.99210654
-7.26884740
-6.07749429
-5.69789354
-6.54301603
-5.82968510
-5.04755087
-5.62540690
-5.61100506
-6.04788111
-5.82461208
-6.37376859
-5.68999649
-5.64202389
-5.51015384
-7.12277720
-6.92529676
-7.35653015
-7.07535578
-6.74584255
-6.81081657
-6.49816174
-6.64269741
-6.56731580
-7.03473426
-6.67933261
-6.40449543
-6.70040089
-6.47778332
-7.15406460
-7.19780609
-6.09409446
-6.18766736
-6.25909293
-6.97951389
-6.54100604
-6.51237878
-5.85034835
-6.25024654
-7.30869970
-6.78979249
-6.58313570
-6.31945917
-6.47692457
-6.77745155
-7.30181428
-7.34920084
-7.02621641
-6.73628731
-7.31786496
-6.54497757
-6.34711696
-7.49717837
-5.78926932
-5.85088784
-6.45836950
-6.11956561
-6.20962974
-6.36747130
-6.42827287
-6.34227539
-6.06872807
-6.17991441
-5.35693118
-5.55351817
-5.40264519
-5.45867753
-5.46736797
-3.34851560
-2.62199631
-4.63591479
-7.21385145
-7.29614540
-6.61682808
-5.99747493
-6.88377665
-5.98000500
-6.71882302
-7.11829842
-7.01468855
-6.04607858
-6.64043187
-6.29234759
-5.16014964
-4.88342034
-6.04386097
-7.09298537
-7.17137130
-7.35061211
-6.68512406
-5.98137654
-6.14729799
-7.50267839
-6.37194216
-6.39480909
-0.70073917
-0.45848240
-0.72041165
-1.04455961
-0.06092307
-0.10471978
-0.04628886
-1.03340033
-1.02144736
-0.36004125
-1.15794888
-1.12235242
-0.32268215
-0.21970540
0.33892883
-1.17719005
-0.95656526
-0.64747572
0.13295779
-0.65841353
-0.31577908
-0.27096818
-0.10290540
0.32219836
1.49114388
0.89244472
0.57220923
-0.05985993
-0.22802356
-0.09170128
0.00377435
-0.57975241
-0.07950226
-0.61818876
-0.24259340
-0.61065004
-0.09357518
-0.69141675
-0.85217351
0.92074974
-1.12156110
-0.23896549
-0.46468583
-1.11875481
-1.38437442
-0.34943159
-0.62253431
-0.50590802
-1.31053584
-1.28012534
-0.41495031
-1.17626505
-0.07402755
-0.94268917
-0.63145940
-1.02968307
-0.26081603
-0.52230575
-0.56456736
-1.40008518
-0.05614438
-0.75969098
-1.03883694
-0.33293268
-0.86277837
-1.38114765
-0.88543207
-1.51832262
-0.23771585
-1.41206041
-0.02854723
0.26882614
-0.26564591
-0.31602368
-0.01553684
0.04043770
0.51574597
0.44236073
0.45883975
-0.26611653
-1.34097514
0.24498852
0.06570765
-0.81588544
-0.28619939
-0.52154190
0.94523358
-0.26825941
-1.98314878
-0.56221753
0.85438837
-1.22128650
-0.74369460
-1.65982442
-0.35196143
-1.03403770
-1.39740945
-0.36305464
-0.76433541
-0.86290295
-2.32259340
-4.35329326
-4.24295187
-2.05061152
-3.62271698
-3.32610799
-2.66289937
-3.48934569
-3.12280052
-3.18955571
-2.71703224
-3.47806384
-3.19920540
-2.73278524
-3.16345442
-3.28650991
-3.27583489
-5.59498246
-3.58600037
-2.76890847
-4.20706694
-2.43333433
-2.74829161
-3.12368434
-3.44802215
-2.97298556
-3.40665682
-3.03604329
-3.39657961
-3.51012639
-3.59268324
-3.26516099
-2.23920096
-3.07270578
-2.96075414
-2.60504392
-2.93342222
-2.89534044
-2.96044082
-2.88927488
-4.47281352
-3.17729138
-2.68573989
-3.43376944
-2.98495619
-4.12667790
-4.23739025
-4.16737450
-2.83795283
-2.96805077
-4.56518076
-3.07650528
-4.44373088
-4.43924905
-2.88697506
-3.55723700
-3.82665066
-3.21437299
-2.85176641
-3.32195854
-3.00275376
-1.80862351
-2.49249378
-3.99870455
-3.46238514
-3.76353277
-2.80318976
-3.13383607
-3.08237402
-2.65545311
-2.80885934
-3.03663610
-2.41287563
-3.69057211
-3.85464945
-3.35693521
-2.99298369
-1.57187590
-2.69676262
-2.60055175
-3.00615657
-2.91201674
-3.29147147
-3.34139788
-2.11639492
-3.14827637
-3.05390674
-4.36583935
-3.22607515
-3.35789994
-3.75028975
-3.56928040
-3.15813687
-3.66660493
-3.69855785
-3.25905512
-3.71332048
-3.27272160
-3.79335873
-4.39717062
-9.73766836
-9.66921413
-9.38033349
-9.51723431
-9.38758594
-8.83176817
-9.23026476
-9.30838046
-9.42292185
-9.23785805
-9.81775658
-10.33842401
-10.07171357
-10.01137547
-10.03761825
-10.07067919
-9.89041913
-9.93996227
-10.33777742
-9.83966007
-9.71069272
-9.43480780
-10.27032878
-9.64479778
-10.31057588
-10.04474475
-8.56968958
-9.95259287
-10.17750903
-10.04009282
-10.22940150
-9.96080684
-9.18711177
-9.52322346
-10.20827999
-10.17146879
-9.89477107
-9.05358784
-9.34934729
-9.97688784
-9.67025948
-9.55713972
-9.74432433
-9.09922683
-9.55935093
-9.37880589
-9.15501769
-9.53817101
-9.50008810
-9.29057225
-9.50736571
-9.57728136
-8.84650237
-9.44723818
-8.77598131
-9.62958249
-8.61624608
-9.44470471
-8.93962943
-9.05081189
-10.28973122
-9.55105859
-9.58752600
-10.03620304
-9.71428897
-9.86516139
-10.34201528
-10.06916566
-10.04403346
-9.59892170
-10.15906511
-9.97133237
-10.34675017
-9.63681874
-10.30464561
-9.87362652
-10.04625594
-10.01240918
-10.10596642
-9.55842944
-10.19887485
-9.92609965
-10.26459633
-10.30556869
-9.44734026
-10.21371755
-9.91175416
-10.18425816
-10.23877928
-9.49556964
-10.26741854
-9.34779468
-10.13609251
-9.64796057
-9.60099927
-10.17221706
-10.19099911
-10.19868318
-10.21214499
-9.59519374
-9.26217075
-8.19078413
-9.43568185
-8.22156545
-8.25637782
-7.86975544
-9.31115593
-9.51067052
-8.16487253
-9.43074995
-8.26101121
-8.95320204
-8.10398018
-8.06272385
-7.60425822
-8.15341690
-8.05602087
-8.18967682
-7.96758646
-7.98165879
-7.85192563
-8.10324079
-9.12604551
-8.11176605
-9.03038565
-8.87709002
-8.06896518
-8.08228212
-7.48559751
-7.05926533
-7.55819956
-6.60318245
-8.03294845
-7.26085701
-8.16321110
-7.67136080
-7.63226968
-8.77449436
-7.96258532
-8.26948624
-8.85485349
-7.68509119
-9.33677185
-7.56079650
-7.43148538
-8.74788042
-7.74505543
-9.15010165
-9.42414882
-8.84138551
-9.23501004
-9.04698630
-8.65956288
-8.07218759
-8.01930627
-7.04260475
-7.49399660
-9.36994298
-8.24154934
-9.11338051
-9.05413742
-8.70945142
-8.46599640
-8.41671374
-8.14574410
-8.38348888
-8.14085698
-8.43047467
-8.18956105
-9.10038395
-8.93282491
-8.02311909
-7.98676478
-8.84236385
-7.85602169
-8.72958581
-7.35422267
-9.03444971
-8.34096636
-8.34430491
-8.29204629
-8.92832303
-8.94020597
-8.99759472
-8.41113790
-7.42091441
-6.04807526
-7.37986247
-7.04042052
-8.12019981
-9.04444381
-7.72321912
-8.40055968
-7.78569171
-8.24092601
-7.99794536
-6.68107879
-8.61891561
-8.69946055
-8.46811424
-6.02645573
-5.14759430
-4.93364948
-3.05756572
-7.76052108
-7.43743379
-5.48845015
-4.44537896
-4.41166468
-5.88687949
-4.15945343
-7.51029495
-6.01798164
-5.26223803
-5.34262457
-5.84298489
-8.12936934
-4.35442347
-4.35625977
-5.06171066
-5.43808202
-3.53852304
-5.06740645
-7.08042192
-7.18268759
-6.11310622
-4.82566510
-4.44031358
-7.52154141
-5.49427937
-5.91855456
-4.98838690
-5.57309052
-4.60590910
-5.68951406
-5.19393615
-5.68657367
-5.63368612
-5.86306110
-4.75136986
-6.14217673
-4.82236634
-6.19842823
-5.46463021
-5.72367342
-5.48964280
-4.83132025
-6.25394227
-5.11230427
-5.57357620
-5.00200151
-8.65974042
-3.67960233
-5.64576551
-4.68165855
-4.24876836
-5.43430602
-5.36685600
-6.29030229
-6.53002226
-7.63577785
-7.39908822
-5.01112760
-4.62033731
-4.78947686
-7.44446682
-5.40168704
-7.04652246
-4.09294793
-6.40083886
-4.61037295
-4.58418472
-5.60071995
-4.64488453
-4.68241805
-4.60212491
-5.63125569
-4.25880209
-7.64865544
-5.04339065
-5.79494974
-3.88668686
-4.41854504
-5.24750648
-5.00239971
-5.69024232
-6.13937350
-4.99088310
-4.22485770
-5.64154663
-4.66220293
-5.98623463
-4.67040544
-4.59601542
-5.60534478
-5.49178752
-5.35744494
-4.55804394
-4.32748789
-4.06113974
