-5.91139396
-5.28410088
-5.87522550
-5.67461522
-6.27835112
-7.15502073
-3.46348888
-5.83300199
-6.21493485
-1.01251616
-4.89732060
-3.69483848
-4.45882906
-3.19986189
-3.58314846
-3.66086364
-3.79948308
-2.28542406
-4.59135756
-4.22868309
-5.05965755
-4.49258402
-4.55485585
-3.98748481
-5.52830226
-3.71780301
-6.51341165
-4.98700403
-5.19515241
-6.18047270
-6.52422744
-5.60211223
-6.38003595
-5.23173337
-5.84169365
-5.45893831
-4.96847081
-5.72491451
-4.87334498
-5.79442266
-6.20333473
-6.07670605
-5.97601227
-5.72425280
-5.11944632
-5.20755965
-5.92320997
-5.81643613
-5.69386004
-5.66508308
-6.58783605
-5.96457879
-5.86253009
-7.80520392
-4.64821969
-4.19177789
-3.96599167
-3.93128098
-2.98083862
-3.73660896
-5.54268997
-6.44598441
-6.22405398
-5.76346446
-6.73081178
-6.05847434
-4.91239594
-5.32229444
-5.18848651
-5.87832116
-4.15716950
-4.41963160
-4.11495693
-5.18670227
-3.41508966
-4.65824029
-5.33721643
-4.53275307
-5.14027139
-4.49664580
-4.93661338
-4.72468606
-3.81478960
-5.53004605
-5.66720323
-5.96629466
-5.63888393
-5.68077132
-6.41420380
-5.48894327
-5.73917914
-5.49100735
-5.07486708
-4.49859244
-5.58780190
-5.37277087
-7.26498428
-5.44054841
-6.32767410
-6.18394446
-7.14364844
-7.80601003
-7.59606866
-8.04632932
-8.20418627
-7.90440942
-8.83892204
-7.64190400
-7.66914144
-6.84395374
-7.98440805
-7.51381030
-8.33876026
-8.05910747
-7.86958319
-8.26808329
-7.94822882
-7.34778050
-7.20518071
-8.10374341
-7.91138453
-6.54346797
-7.76987173
-7.99694238
-7.58224378
-8.46829620
-7.77219964
-7.26193137
-6.76424409
-8.46336546
-8.46336546
-8.47067725
-7.54085756
-7.11236172
-7.72860487
-6.42420934
-6.93943638
-5.52501991
-7.17730036
-5.60457311
-5.40481117
-6.14954922
-7.08543206
-6.02064803
-6.82436953
-6.15574265
-7.04100590
-6.86358529
-7.54522851
-7.14330533
-6.78739274
-7.45890072
-7.37394980
-8.18957583
-8.31849508
-8.14469547
-6.31494094
-6.89347429
-7.05256931
-6.87631997
-5.97472475
-7.34749999
-6.04403193
-6.02200669
-6.59890515
-6.45513368
-6.25915901
-7.90599903
-7.77401995
-6.43752393
-6.86780216
-7.86966790
-7.93329183
-7.86657014
-7.42245473
-7.52735654
-8.42158517
-8.42173114
-7.81018971
-8.27985305
-8.42160641
-7.76902352
-5.33569639
-6.19205808
-5.48514973
-5.34976059
-3.53378548
-4.65656010
-6.53841579
-7.10876934
-6.34792606
-5.40055431
-8.27352504
-7.57316513
-6.86408356
-6.95982176
-7.75170214
-7.95987851
-6.59232932
-7.49122126
-7.18463821
-6.45184190
-6.97110193
-7.29680830
-6.91794202
-6.76135475
-6.48790388
-6.13749414
-6.98821409
-6.63838745
-7.14649759
-5.42639343
-6.50690325
-5.99783293
-6.13872201
-6.04384665
-6.44274159
-5.77549977
-6.26482052
-5.75895197
-5.45901512
-4.37425983
-5.21421885
-6.26008109
-5.85241168
-5.04367090
-6.19487183
-6.45330942
-6.66367674
-6.91548628
-6.38465518
-6.82801469
-7.00001656
-6.34870351
-6.57181723
-6.27801184
-6.79259598
-6.95736576
-6.88169452
-6.92081926
-6.52118644
-7.27888503
-6.53589733
-5.00804456
-5.63524734
-6.49016649
-6.48562602
-6.94474333
-6.19659655
-7.13551918
-6.71609084
-6.56480506
-6.96892059
-6.23405978
-7.03684112
-7.22257852
-6.61029062
-6.93507550
-7.16163314
-6.94710955
-7.04319317
-6.92911937
-6.55342397
-6.99531326
-7.16898226
-6.30009642
-6.75785647
-6.91568278
-6.58754793
-5.75434354
-6.75817945
-6.58467051
-7.11377581
-6.48680472
-7.02377406
-5.48350767
-6.84792837
-5.63033408
-6.36590768
-6.47288138
-5.99068522
-7.09975048
-7.01353147
-6.74070764
-6.67185158
-5.83439043
-6.29441002
-6.94260951
-6.70730308
-7.05427596
-6.51057889
-6.59272277
-6.47545225
-5.98280061
-7.15070891
-6.34775385
-6.78700377
-6.74421821
-6.89479738
-7.03555873
-4.56285874
-4.38380542
-4.95507759
-4.40846618
-3.10035093
-5.14104777
-3.92082843
-3.79600026
-4.54096407
-5.80138441
-3.55293830
-4.40694482
-2.91084663
-3.55197245
-3.22477378
-4.39087590
-3.07104773
-3.16589615
-3.29728954
-3.32130688
-4.57134376
-4.12015369
-5.13269542
-3.32668103
-3.38660814
-4.60083795
-4.02140915
-3.03513965
-3.47592784
-3.79403078
-4.49333068
-4.37692576
-3.40877495
-4.35313910
-4.24035551
-3.13249141
-4.58416077
-4.02187833
-4.37104518
-4.18948874
-3.64226654
-4.63265611
-3.22808414
-4.50512044
-4.89394280
-3.64618505
-4.97097040
-4.16413120
-4.60558513
-5.04781851
-4.12063796
-4.48574000
-3.81767119
-4.90250188
-5.03573826
-4.93704942
-5.09240020
-4.65729150
-5.01189122
-4.63901161
-2.93991761
-3.41656175
-2.94080990
-3.13465111
-3.36527181
-3.13194467
-3.27353350
-3.47845925
-4.85622476
-3.01908343
-2.91291483
-4.75084356
-4.72014858
-4.14071067
-4.21253043
-3.58106471
-3.65403179
-5.61706788
-4.70488591
-4.48476162
-4.80753302
-5.17076563
-4.85795280
-4.58771984
-4.68232061
-4.98605315
-4.19001468
-4.99370308
-4.86415861
-4.09735547
-4.75102667
-4.27266991
-4.50383348
-4.46415393
-4.36736578
-4.27932573
-4.68713171
-4.71485750
-5.15502140
-4.41277297
-7.00888670
-8.23552408
-7.65463773
-7.31184646
-8.22519707
-8.23088675
-8.09488594
-7.86829164
-7.90265680
-8.31619858
-8.22057329
-8.56782271
-8.27593427
-6.49965409
-8.29504948
-6.82665055
-8.40795378
-8.58814703
-8.29342132
-8.10686645
-7.68378488
-6.81925827
-6.89202240
-7.20509771
-7.05233873
-6.96316226
-6.43583995
-7.04858364
-6.74047404
-7.54190570
-7.51955591
-7.86945433
-7.63278897
-7.89134106
-7.61812308
-7.55748002
-6.98086866
-8.13453277
-7.82877481
-7.90810805
-7.90473465
-7.34806335
-8.42668593
-8.36399888
-8.55252624
-8.45695037
-8.04852469
-7.79115748
-8.34832308
-7.58824361
-7.95914679
-8.42794051
-8.19478404
-8.11450955
-8.05438750
-7.35318215
-8.59403839
-7.42338926
-7.71628267
-7.81347102
-8.35498220
-8.42007518
-8.41454137
-7.83491424
-7.91144895
-6.85194278
-7.38148877
-7.57509895
-7.23635641
-7.23360291
-5.45255902
-6.52771897
-6.60415204
-6.68684473
-6.93593695
-6.61354907
-7.13773947
-6.97047173
-7.86755249
-7.46149942
-6.93242903
-6.72242180
-7.44730480
-7.38021377
-7.21126628
-7.31780302
-7.86578132
-7.39251742
-8.19323901
-7.22409557
-7.46961573
-8.45178436
-8.46630804
-8.32106088
-8.33428750
-7.64233977
-8.13762827
-8.43542471
-8.39694073
-7.51067642
-4.02909636
-6.10661995
-6.16273232
-3.77802639
-5.96510069
-5.98248821
-5.91333963
-4.01718391
-5.38960182
-4.08836853
-5.05020616
-6.86285593
-5.44032675
-6.85817559
-4.66430845
-5.00511451
-4.86518816
-5.21858007
-5.95673059
-7.29490482
-7.39483334
-6.81919802
-5.99384905
-5.83457736
-6.09056305
-7.27327447
-7.61212361
-7.34645069
-5.27818646
-6.38110903
-6.51197686
-4.60491679
-7.28530049
-6.15875878
-7.47193856
-7.32042866
-5.39856410
-3.59923987
-5.29729616
-6.23666528
-5.59061674
-4.43565775
-4.81463879
-4.30629363
-6.25652736
-4.83121703
-4.81877221
-5.82129162
-6.15507603
-5.46018928
-5.47663013
-5.52117454
-5.31796955
-6.15502550
-6.35608781
-5.71789799
-5.70162786
-7.15098703
-7.15313310
-6.12675695
-5.24188531
-5.99576253
-7.20243668
-5.74075146
-5.77419993
-5.05633271
-5.79823416
-5.83385814
-2.86593059
-4.43431696
-2.28904364
-1.54311673
-4.93484577
-4.22887478
-5.79083645
-3.23490814
-2.82820501
-6.00156394
-5.93557983
-5.87489252
-6.59785700
-5.42587209
-6.96917522
-5.62998621
-5.69037765
-6.83323328
-5.73744993
-5.29023265
-6.32172533
-5.87293759
-5.81043583
-5.69021285
-5.97740107
-5.63406176
-7.27320609
-6.13131601
-7.11631968
-7.13069995
-5.92820219
-5.27939668
-8.04421580
-8.12761749
-8.09220498
-8.03860054
-8.01983803
-8.18397758
-8.10355132
-8.05311401
-8.22946582
-8.23539734
-5.93053729
-7.97568229
-7.07754911
-7.69249343
-6.45217769
-7.68828953
-7.35647712
-7.06262038
-6.85597366
-7.05586474
-7.61076565
-6.15999636
-7.63301716
-6.75800448
-8.01667600
-6.95175287
-7.30207004
-7.91005301
-8.00799893
-7.21119517
-7.66558572
-7.12440751
-7.14709757
-7.96855372
-7.89398789
-7.94991810
-8.07925996
-7.70211250
-7.24354047
-8.11293364
-6.55308784
-7.91546774
-7.69192686
-8.00620044
-7.79885482
-8.17000617
-6.82659223
-8.10122287
-8.11974653
-6.67699942
-7.94366423
-7.55741012
-7.39110638
-7.98609732
-7.92529174
-7.99608548
-8.05142049
-6.01231905
-7.74167081
-7.91437740
-7.48815872
-6.41291748
-7.57689722
-8.21298563
-7.64988179
-7.96016777
-8.16149786
-7.81903473
-7.93841679
-7.42131754
-7.33838706
-8.11304178
-7.03988422
-5.63265796
-7.31248095
-5.80454290
-6.91569380
-7.00324827
-6.69895963
-6.95989700
-6.54569418
-7.39197442
-5.86318170
-7.32186179
-6.97755280
-6.74950777
-7.74575352
-8.22385442
-7.44650695
-8.04847553
-7.22139136
-7.35188623
-7.94066404
-8.26399602
-6.80176298
-7.05199050
-7.43379022
-7.31210404
-8.12441458
-7.85537225
-8.92467397
-8.92236169
-8.28036280
-7.65934516
-8.71946327
-8.82671401
-9.15629262
-7.82679496
-7.27640364
-7.62354124
-8.25582960
-6.85770800
-8.51780605
-8.27690338
-9.00350482
-7.53244638
-8.83661545
-7.75602888
-8.91221540
-7.58729546
-7.74545776
-8.54211426
-7.60660930
-8.78710644
-7.52223002
-8.17748359
-8.14570714
-9.06425654
-7.53771694
-8.77318532
-8.85770100
-8.30105535
-8.93617162
-8.95011685
-8.11168362
-8.20343999
-8.50197011
-7.57949132
-8.12907762
-8.52322502
-7.64169074
-7.93430961
-8.40664520
-8.98159058
-7.62411891
-8.32074978
-8.94813196
-8.16883446
-8.00791379
-8.64156054
-8.42588730
-8.84858268
-8.54275195
-9.05174060
-7.69856084
-9.11238103
-9.12436951
-9.19973875
-8.38193871
-8.09145393
-7.32177603
-8.63123855
-9.09294714
-8.59013011
-7.87741476
-9.23815888
-8.24075448
-8.33796778
-7.79377523
-7.84524493
-7.85964520
-7.82455667
-7.78002167
-9.30476992
-9.16662413
-8.56920871
-8.87669904
-8.86228584
-8.11519053
-7.62855253
-9.31220676
-7.72321710
-9.35107365
-8.88723496
-7.68576522
-8.61334127
-8.17936908
-7.77559759
-8.57924704
-7.45606391
-8.18703797
-7.91255662
-8.26231469
-8.68631418
-8.58338709
-6.96529943
-8.58155523
-8.41317988
-8.53650989
-8.20542022
-0.45116829
-1.85046770
-1.58349644
-0.83716818
-1.06652312
-0.16374562
-1.80669297
-0.39858023
-0.27798602
-1.31016477
-0.42937385
-1.35886487
-1.17175881
-1.73705558
-1.33393615
-0.55875610
-1.16664774
-0.49992555
-2.04714457
0.21248579
-1.53090010
-0.25222785
-0.56686340
-0.36612613
-0.18787449
-0.35335710
-0.11503651
-0.38567437
-1.97168036
-2.47331210
-2.39616034
-2.09095679
-1.72058961
-2.02627902
-2.15637213
-4.05071791
-2.23528011
-1.62106606
-3.82106449
-2.74052367
-3.05142110
-3.74012332
-4.20730552
-1.18370187
-1.39813445
-1.23211611
-1.64052581
-1.36448918
-1.27641582
-1.95448503
-1.32010592
-0.59899749
-0.26609317
-2.17966794
-1.94284230
-1.72237177
-2.14938129
-2.20536373
-1.86175916
-3.29457429
-4.12233797
-4.11559851
-2.90370046
-2.91025652
-3.09094036
-1.11632099
-1.17598668
-0.88503437
-1.54786107
0.19938046
-2.05943623
-4.54613506
-1.52702721
-1.32035231
-0.31557592
-0.88525028
-1.17477616
-1.17953185
-1.74247851
-0.32775508
-0.63227380
-0.63507360
-2.45624597
-2.21639602
-1.88989418
-2.77023947
-3.24162743
-2.42098461
-2.70389980
-2.80923808
-2.45893471
-2.93354429
-0.73842143
-1.68968235
-2.20824917
-3.40586534
-1.10883226
-2.13848006
-0.67397828
-1.89548597
-2.82639606
-1.97461850
-1.85713320
-2.05205846
-1.89811078
-2.21761052
-1.59424051
-1.67781552
-1.81225864
-2.06326365
-1.96596339
-2.01442807
-1.77692058
-2.21900723
0.62531699
-0.09307574
-1.50532729
-1.43346166
-2.22980779
-1.81890972
-1.81448460
-1.96329117
-2.55348170
-1.19545893
-2.56978101
-1.93095756
-1.30603748
-2.12959807
-2.25741163
-2.22663679
-3.03178795
-2.28623917
-2.10955671
-2.22834315
-2.70387376
-2.18761814
-1.28588600
-2.42223651
-3.13265146
-1.81561640
-1.81100354
-2.67929965
-3.26292866
-1.64717382
-2.07946057
-2.91030997
-1.62410786
-2.28994813
-2.12188634
-3.31791043
-3.02728916
-1.79778838
-1.73073987
-2.42642151
-2.05959445
-1.35713061
-1.25432019
-0.94078741
-0.79713018
-1.60007739
-2.73827545
-2.18786129
-3.12245393
-1.83520202
-3.32827654
-1.70896021
-1.23620609
0.70691938
0.64465798
1.57088648
0.54471811
0.46384191
-1.20377058
1.38778420
3.52705333
-2.57801147
-2.09447620
-2.43072371
-1.56896691
-2.40211582
-2.78332571
-2.20977583
-1.49802064
-1.83855463
-2.07506767
-1.91192906
-2.10104916
-1.88136886
-1.82834826
-1.86050903
-1.96307508
-3.21460757
-3.19846898
-3.52818035
-2.28646506
-1.66496390
-1.44208110
-2.04507131
-1.87100936
-1.84455381
1.24415931
0.15450403
-1.44827839
-0.36389941
-1.86660614
-0.47476403
-2.07730971
-1.47901171
-1.95781718
-0.34218600
-1.76627964
-1.26337670
-0.53874616
-1.00938307
-0.10484931
-0.40384131
-0.50850189
-0.31898249
0.32131581
0.00531221
0.71322659
0.58071276
-0.58796640
-1.20503444
-0.59157830
-0.92410919
-0.57727092
-0.94250026
-0.40523907
-0.58877196
-2.19709928
-0.01296552
1.56678223
1.15042930
0.62838725
0.64179834
0.68197513
0.98547894
1.35307108
1.27765932
1.29805918
1.85545075
-0.56033377
0.64238314
0.52996649
0.30509928
0.30301669
0.19794374
0.59506101
-0.82039053
1.05370039
0.70348533
-0.22267956
-2.02950704
-0.88708256
-2.09328722
-1.18791746
-0.52815945
-0.55334335
-1.47764049
-0.12528077
-1.32651188
-1.20847736
0.65963405
0.47420222
-0.05487623
-0.11005769
0.13797878
0.38798069
0.44205503
0.33283898
0.03856133
-0.93318563
0.79323505
-0.50129285
-1.32182625
-0.83888076
-0.37796591
-0.45557586
0.27720105
-0.08379229
1.07821643
3.03459042
4.58377694
2.33473214
2.41285091
2.96317980
2.16263178
2.19459686
0.53660127
0.36853729
1.26557535
1.33203487
0.78202146
0.74530739
-1.22178910
2.01845054
0.86676832
0.90736061
0.71803274
1.70620286
2.29752804
3.01213911
2.86675798
1.22733964
2.82834359
1.44709063
2.19357038
2.30234391
2.53722375
3.05961779
4.38606985
3.02556535
1.99113356
1.97219247
2.50484969
2.37450622
2.49922378
3.64742318
2.89702471
3.32826639
1.60646104
2.73730904
1.11303839
2.01808749
2.64505168
3.21423040
3.52200069
3.77669092
2.87122550
3.25822889
2.80749436
0.90790883
3.19901213
2.85628817
1.76051433
1.90259920
2.19312607
2.15534641
2.88818988
2.00386883
1.89614699
1.18030205
1.67070011
1.77599131
2.56264906
2.05131111
3.02142503
2.29358931
2.72111909
1.86332139
2.30391549
2.25048301
1.28996380
3.23491750
2.81931396
1.32433450
2.73112767
2.34384710
2.28744177
2.84776451
2.03164256
3.40454737
2.97416043
3.43412488
2.99534248
2.33769392
2.00195715
1.46853602
2.41988851
1.97480432
3.96361642
5.55573016
3.69751843
3.59026098
2.84520080
2.70647127
4.47426488
4.70906189
1.56384860
1.63906925
2.20538549
1.71823108
2.93237325
1.44753452
2.91529533
2.76902189
3.09403572
1.47211193
3.25638214
1.77819253
2.47208652
3.37227845
2.41926373
1.54556589
1.68599968
2.22287199
1.68538098
1.85133677
2.71903820
-3.46899620
-3.85449625
-4.23123237
-3.85364358
-3.49225898
-4.05543216
-3.73639690
-3.95858259
-4.40347923
-4.39307680
-3.79591919
-3.98765845
-3.88942861
-3.49163788
-4.14280650
-3.63507409
-4.06270812
-4.28765479
-3.63391737
-4.14167169
-3.94655242
-4.07380793
-3.03518993
-3.31497275
-4.00694374
-3.73675487
-3.05146275
-3.88200450
-4.15807701
-2.90469198
-2.87858081
-3.12207037
-2.57173800
-2.62967559
-0.62646278
-1.40928895
-2.08500506
-2.21742368
-3.38908562
-3.44760851
-3.96338931
-4.61130045
-3.77851165
-3.78499288
-4.09956491
-3.30268062
-3.67200636
-4.61273200
-3.87099886
-4.05341143
-3.28307084
-4.41578108
-4.28425426
-4.45724242
-4.27940653
-3.77464424
-3.87831597
-3.19516132
-4.41942194
-3.83989721
-3.66269744
-4.42952386
-4.19207051
-3.36832986
-4.35403529
-3.76273338
-4.43855392
-3.52528897
-3.86119137
-3.99888243
-1.77063058
-4.27205239
-3.58985057
-3.92872151
-3.96134076
-4.36882906
-3.98873325
-2.87818253
-3.56384679
-3.15999198
-3.62671918
-2.48463481
-2.93136117
-3.04127261
-3.44855920
-2.52805528
-3.91608537
-3.82498762
-3.59947955
-4.28143381
-3.97486575
-3.42030376
-4.08175405
-4.38886383
-3.95554877
-4.38821551
-3.65090141
-4.39947598
-4.39405175
-4.16483300
-5.48763481
-4.96062756
-4.73375178
-4.02718696
-4.80197366
-4.37422075
-4.59927930
-4.61545430
-5.09144901
-3.70707199
-4.68418778
-2.56342918
-1.40086719
-3.92075222
-0.82254728
-1.49149483
-2.68979389
-2.98451364
-2.19751797
-2.89378818
-4.95386154
-3.49171396
-3.14876813
-4.99003434
-5.50344932
-4.55131701
-4.59897781
-5.24568402
-3.97875896
-4.81055249
-5.25934138
-5.29001381
-5.33671103
-2.45796530
-4.91074934
-4.55091498
-5.06941747
-5.04157773
-4.76145264
-5.21689204
-4.86706950
-5.32476580
-3.95289270
-4.23060609
-4.74612096
-3.65311387
-3.08813045
-4.53595204
-4.99090067
-5.30493675
-4.03222886
-4.39011208
-5.66522623
-3.15279088
-4.54339496
-3.80688969
-5.39867232
-2.92802532
-3.60853378
-4.15505585
-2.82009588
-4.72556854
-4.71798647
-4.52469077
-2.90709558
-4.44841569
-3.56463330
-4.95455830
-4.44101197
-4.94528023
-5.12944319
-5.82767942
-4.68702568
-5.11245224
-4.96168507
-2.47134563
-3.31861970
-4.76431942
-4.31304527
-4.15433964
-5.17430212
-5.48725177
-5.19362620
-4.48803999
-5.47225007
-5.34997604
-3.41519384
-4.81699502
-4.43461702
-3.64029402
-3.74138653
-5.33478490
-5.22699344
-6.60659937
-5.38450572
-4.49769265
-5.31846279
-4.71017485
-5.24023080
-4.12692739
-7.77793556
-7.96352730
-7.87211851
-7.96698458
-5.48097854
-5.22841015
-4.01306801
-5.60656473
-6.31596058
-6.35328792
-6.89556696
-8.88365750
-7.72273920
-8.16214106
-7.20907037
-7.83570081
-7.49428903
-7.19743169
-8.11824841
-7.10574681
-8.01982734
-7.56289035
-8.62370256
-9.45034709
-6.06984955
-8.69182656
-6.69045897
-7.56494952
-7.39503964
-8.13294271
-6.94007400
-8.87732316
-7.70149067
-9.30301021
-8.40711331
-7.60947137
-8.60679320
-8.46985012
-8.41450188
-8.09134044
-7.94529236
-9.35363123
-8.02611790
-7.48687269
-8.59823548
-8.69380570
-8.60800206
-8.11824871
-7.95480809
-8.44135851
-8.65933378
-8.36041853
-8.24109173
-7.82191364
-8.06395262
-7.95060765
-7.97709326
-4.92887357
-6.28032408
-5.37092522
-6.75072959
-6.43667024
-7.29129373
-5.48026925
-5.93345812
-6.85003000
-7.17936414
-7.32672173
-7.69026839
-6.07848345
-8.39952344
-7.68056086
-7.77391586
-7.92368360
-6.20204886
-7.55277098
-7.68573488
-6.87803678
-7.78029482
-7.61299328
-8.34233370
-6.99712224
-8.90627021
-9.09499368
-8.95634656
-9.33588887
-7.42617113
-9.85049295
-7.93234440
-8.44252876
-7.01892594
-7.40503796
-8.76321153
-8.70166045
-7.31583874
-7.64879350
-7.44365639
-7.67568706
-7.60607950
-7.66521952
-9.16287911
-8.76006744
-8.49240225
-8.66484174
-8.43959739
-8.68058416
-8.83984578
-9.44197916
-8.58195592
-8.48878115
-9.08342726
-5.67557880
-5.50104210
-5.44287036
-6.54508571
-6.74206577
-6.89341370
-7.29460355
-8.57452385
-8.38376317
-9.28538565
-8.41058377
-8.12461780
-7.88032344
-8.40691428
-8.57543644
-9.18714693
-8.64490936
-8.26668420
-8.71021287
-8.88276460
-8.49361839
-8.49940088
-9.14436720
-8.81138857
-8.23839080
-5.63846372
-5.49741292
-6.60623559
-8.42158122
-8.76978989
-8.66681297
-9.10883621
-9.66904008
-8.98617490
-9.07048143
-8.82751136
-9.21018514
-9.50490915
-8.20085473
-8.59472884
-9.26438301
-8.58184432
-8.34641548
-8.83924156
-8.42786458
-8.47789679
-8.45086432
-8.79491873
-8.13581183
-8.21934956
-7.73362397
-8.34388588
-8.26538720
-8.83469699
-8.21474555
-8.31678187
-8.97752976
-8.71838155
-8.27297687
-8.64254948
-8.03491822
-7.75048507
-8.29988857
-8.84565988
-9.03006036
-7.74186180
-8.45059665
-8.69867167
-8.79239869
-8.55745500
-8.79169495
-8.77609507
-8.52350772
-8.48871379
-8.08998859
-9.18181878
-8.59011385
-8.91147389
-8.73357884
-8.27474657
-8.75516383
-8.77658943
-8.86276820
-8.59800458
-9.27644551
-8.22525588
-8.48249762
-8.34071099
-8.37961690
-6.58747197
-5.99596300
-6.48799836
-6.83669729
-6.12292533
-6.84108633
-6.90503284
-5.56426988
-6.90549882
-6.37297003
-6.91459447
-6.43919785
-5.83602689
-6.24725544
-6.77217436
-6.94885959
-6.27824271
-6.38259028
-6.64643379
-6.47030608
-6.14877930
-5.90207934
-6.71715149
-5.95875832
-5.57467925
-6.98586197
-6.59405551
-5.99151029
-5.99921497
-6.47538350
-5.94589271
-5.70995124
-6.72777477
-5.65296352
-5.91301120
-5.45834680
-5.90175603
-5.87488458
-6.03535657
-6.72810770
-5.91274276
-5.38697889
-5.90314227
-5.95875758
-5.93128748
-5.98188930
-5.91490502
-6.01790340
-5.92254546
-5.88269529
-5.68518225
-6.71889612
-6.20687272
-6.01147546
-5.29460582
-5.44647829
-6.69110587
-6.62228604
-5.42681395
-5.79860764
-6.15375101
-5.60640104
-6.14685899
-6.40089192
-6.15427992
-6.61158450
-5.26426429
-6.59441284
-6.17509537
-6.17004977
-6.45452038
-5.57258980
-6.74623725
-6.84108153
-6.10758635
-6.58315894
-6.44353453
-6.02636444
-6.62034447
-6.94596087
-6.20027357
-5.87330866
-6.07123375
-5.94857174
-6.24571021
-6.90902334
-5.85780858
-5.70381012
-5.87213197
-6.67206028
-5.86408717
-6.52431728
-5.85025186
-6.55303139
-6.37293723
-6.74586629
-6.67924052
-6.05146912
-6.70066721
-6.25745249
-0.35450045
-1.20985413
-0.49602457
-1.26019000
-0.87274825
-0.97532062
-0.52913685
-0.01594392
-1.37506656
-1.19138493
-0.95515267
-0.37138106
-3.04945322
-1.15882950
-0.27815273
-1.65637225
-0.84252364
-0.65107543
-2.12609287
0.23081414
-0.37374184
-0.87226311
-0.68001852
-1.04826361
-1.29902996
-1.60348309
-0.10250374
-1.26404308
-1.31596932
-1.15986016
0.13222246
-1.54462412
-1.28960176
-0.82321193
-0.96549680
-1.08810459
-0.84897606
-0.78656702
0.11478579
-0.75814332
-0.90658950
-1.15162429
-1.20160334
-0.72669672
-1.32019973
-1.20744292
-1.48068763
-1.14601795
-0.62362493
-0.22210450
-0.95369845
-1.15873240
-0.08682239
-2.79321734
-1.01354070
-0.88776745
-1.53090203
-0.98507946
-0.51818124
-1.01820422
0.03131044
0.03824017
-0.84018795
-1.18476606
-0.71359189
-1.01075088
-0.54965735
-0.72178257
-1.28429031
-1.58079025
-0.72191509
-0.96354801
0.17131277
-1.40656883
-0.98106507
-0.52072637
-0.46542231
-1.12784718
-0.02672006
0.19832525
-0.84290705
-1.18152830
0.05833345
-0.35803566
-0.43311862
0.35843301
-1.18429389
-1.04716758
0.85104560
-0.97811579
-0.91381027
-0.99791139
-0.54897295
-1.61303166
-1.06998046
-1.17685913
-1.00468285
-1.28928542
-1.24608774
-1.32596845
-6.00374645
-6.47461413
-6.12077058
-6.49959174
-6.21675828
-5.88235452
-6.39150614
-6.78324530
-6.54435123
-6.61898146
-6.03878269
-6.72540013
-6.88117981
-6.27705078
-6.16956330
-6.57652477
-6.20810241
-7.09279171
-6.87943533
-6.96508605
-7.13405080
-6.29576531
-6.57061568
-6.52055560
-5.99105494
-6.17625101
-5.94153995
-6.24740344
-5.50813176
-7.14063564
-6.33656973
-5.86108568
-6.15849112
-6.60559346
-6.10117296
-6.45016271
-5.60399301
-6.21595590
-6.36994131
-5.97915462
-6.05217705
-5.67460832
-5.76960188
-6.60685147
-6.35139954
-5.80982145
-6.04862214
-5.76009669
-6.18321215
-6.29461146
-6.07330473
-6.30546924
-5.98751142
-5.78706204
-5.74922997
-6.16638442
-5.99235287
-5.93638429
-6.89726401
-5.60140897
-6.57391756
-6.02711898
-6.02092777
-5.42096138
-6.13973374
-5.14539409
-6.74860468
-6.21398724
-6.15820117
-6.16045056
-5.96997239
-5.71454182
-6.33584887
-5.74882865
-6.27290566
-5.95229803
-6.51067548
-5.51197765
-5.59111075
-6.50316361
-5.17235574
-6.17449436
-6.61900333
-5.80205860
-5.45543302
-5.60778737
-5.40734971
-4.67890469
-5.20950916
-5.91538647
-4.89024654
-4.40059254
-5.40174305
-5.98606145
-5.74992978
-6.78762854
-6.31308840
-6.32433909
-5.94851662
-6.07409626
-6.09074210
-6.19864180
-6.13135352
-5.92810127
-5.82950245
-5.92183509
-7.13542620
-7.25483897
-6.29241194
-5.52694422
-5.37788782
-4.78005338
-6.43735674
-6.43562961
-6.18231598
-6.05696318
-4.77488997
-6.48798088
-7.10250591
-5.45521875
-6.04289756
-6.77794459
-6.61390290
-5.02419857
-4.63560918
-6.24585751
-5.86398487
-5.64642969
-5.89997445
-4.04681934
-6.34035065
-5.96710329
-4.76463436
-5.67450359
-6.23398260
-6.11812435
-5.87649784
-6.23121742
-6.95758863
-6.34226761
-5.91362308
-6.07002522
-6.82448721
-5.94234538
-6.90516987
-5.42215865
-5.97136425
-5.54640496
-6.74693776
-5.36680999
-6.68551316
-6.32401315
-6.38666582
-5.89342514
-6.80330802
-6.46146506
-6.10316364
-5.82960330
-6.53279031
-6.68739608
-6.19812750
-5.82900161
-6.24087897
-6.20780743
-7.23522453
-5.83898214
-7.36144111
-6.42969127
-7.95782471
-5.68262537
-6.43820753
-6.35806586
-3.79649230
-6.46540908
-6.82264939
-6.13175931
-5.10941028
-6.45986456
-6.81716114
-7.28490096
-6.22799453
-7.48440087
-5.93599371
-6.40492710
-6.03671976
-6.73969497
-6.89633638
-6.33433417
-6.21076312
-6.20428181
-6.43567443
-6.15916926
-6.37382416
-6.74212177
-5.71295600
-6.62867168
-5.50122337
-6.11360659
-5.95125014
-6.29986807
