2.94447760
4.65826255
2.78872342
4.42631397
2.32013027
2.21754431
3.28438551
4.27407079
-0.77839309
3.04047724
2.66167941
4.37265356
1.12042290
1.28044960
4.20549384
1.35366200
3.62649390
2.45927173
2.76874050
4.35956026
1.81459134
1.40828508
3.91524927
1.30289704
4.02066636
4.52738376
4.82748250
4.37528011
3.68440461
4.49155699
2.99028583
4.51453774
3.47162524
4.42549770
2.98738738
2.31025676
3.05223607
3.65767853
0.60058472
3.12250395
2.46675892
4.63692428
3.06731857
1.53823584
3.27526600
2.39214772
2.88734676
3.64748558
3.30325780
2.69026255
2.56321056
4.44184833
2.85483540
4.27277352
4.35594580
4.14574055
0.86837510
2.40609095
4.12900101
3.19007713
2.55890534
1.88587685
4.28002150
2.60141504
2.58673556
2.20616895
4.97322786
4.35354101
0.02161063
2.40461662
3.97476784
2.08150072
4.19340648
3.85169868
4.15245508
4.28628584
4.35836219
2.56664352
1.59326042
3.22000715
1.99433856
3.93342214
2.40177953
2.21092708
4.31574827
2.24957777
3.80070128
4.07650512
4.04703362
4.37049283
4.35895424
2.78890386
2.57407403
4.29315908
2.18230973
3.49242086
-0.36367244
2.51119590
1.16834674
2.11817483
7.78379315
7.25915296
7.86513364
7.98983589
8.89497755
8.68405708
7.54225662
9.15347998
9.17043352
7.94097080
10.90885710
9.49536518
7.26769403
9.63285119
7.27118791
8.31003888
8.68205192
7.71649393
7.76591550
8.21748748
6.56397200
8.33940880
8.73205216
8.18891823
8.71757713
8.82244435
8.53937690
7.44891576
7.15581536
8.74540795
8.75111873
8.87573427
9.37646292
9.10744199
5.67900899
10.24152201
7.99081047
9.07993017
10.33173739
9.69719427
8.71635430
7.32975748
7.48907386
7.58024652
7.29532402
7.60144592
7.31090026
7.44717693
8.60715392
9.03438581
9.10261910
10.46545294
10.46062650
8.21969254
7.71037000
8.61785786
10.92826895
7.95972326
10.71818103
11.02130149
8.82885937
8.37257865
6.95658800
4.20733781
8.76349825
8.33933321
5.09075411
9.25018776
8.25081085
7.66125719
7.26587840
7.21163151
6.56714132
8.52097970
8.50239257
8.45226486
8.60562051
5.43967774
8.45516146
8.29289345
9.91087095
8.76701900
8.95890425
4.52659937
10.14886121
8.94406081
7.38403063
9.75901365
8.87381033
7.23568647
7.14692137
7.37067306
10.24744608
8.97677505
8.03762585
7.51018112
8.45729692
9.29315345
7.98414190
7.77028572
-1.56821844
-2.18097357
-2.17167246
-1.20651911
-1.79481332
1.48323792
-1.07956492
-0.94735765
-3.26127052
-1.59078872
-1.01203580
-0.83578487
0.20907815
-2.61879630
1.93601197
-0.17557698
-1.55509414
-1.41282813
-1.64429414
-2.12827638
-2.17014044
-1.19309616
-1.10702283
-0.15110560
-1.71354813
-1.10841455
-2.23871993
-0.63522240
-2.80174574
-2.09161037
-0.41218381
-1.34184520
-0.37465678
-1.24812923
-2.67610674
0.90495418
0.44818294
-2.52987686
0.20156725
-1.14579696
-2.67575724
-3.46369956
-1.60191105
-1.67328997
0.21515795
-1.44105336
-0.13389354
-0.93260261
-1.52014893
-0.76600957
-3.01173747
-1.20841107
-1.05334938
-0.23836258
-2.95562425
-1.79034880
-1.68707229
-1.83081973
-2.14310416
-1.49307792
-1.81292105
-3.21281871
-2.11559785
-1.29654107
-0.37604081
-1.27895032
-2.81612880
-3.24083451
-1.34997364
-2.06163187
-0.50686989
-1.27277133
-1.44693948
-1.46088973
-1.79538760
-2.68528459
-0.18915268
-1.33499199
-1.78041051
-2.52837091
-0.88448366
-2.27365685
-1.47533398
-1.69484161
-1.74869005
-1.45530422
-3.39808735
-1.74767544
-1.28997509
-0.27440253
-1.91224686
-1.93407288
-1.37577982
-0.33821750
-1.84813650
-2.06934417
-0.58372949
-1.92094856
-2.04312736
-2.70352701
-0.64733957
-0.98892487
0.15287564
-1.26329780
0.02433839
-0.55517435
0.75453133
-1.82698464
-0.55284245
-0.42380961
-0.98460609
-2.45324239
1.17531510
0.48933769
0.96360360
0.21694422
0.08610238
-0.87910227
-0.34528591
-0.64270480
-1.03857655
-0.98466629
-1.17384277
-1.67062497
-0.01345175
-0.69701744
-0.63373225
-2.36086580
-0.94400266
-0.87690982
-0.94008034
-0.68261273
-0.98248871
-0.13907938
-1.44692909
-1.17789257
-0.79780483
0.38938195
-0.82714632
-1.05952403
-1.43569795
-0.53337172
0.27406143
-0.68177285
0.22356138
-0.86451210
0.04071092
-0.65089342
-0.83531259
-0.12165978
0.75510767
1.51221009
1.21896870
0.26270845
1.64143832
0.62409515
0.97617394
1.14028350
-0.47189530
-2.08591532
0.07830278
0.57402384
0.37658604
-1.43665851
-1.03023871
-1.00690467
-0.21041154
1.16402120
-1.22827286
-0.86926865
-0.25382179
-0.05773729
-1.60671034
-1.79122481
-0.10838895
-2.26138693
-0.08551914
-0.84895680
-0.26591258
-0.65159662
1.17864730
1.64344630
-0.57418070
0.71455242
-0.98503946
-0.88975532
-0.94408202
-0.86053513
-1.18372915
-0.37256971
-0.11025426
-0.02171244
0.48598833
-0.39659363
0.32939674
0.27306850
0.36829998
-0.21524117
0.59588606
0.49998690
0.61495878
0.26055420
0.56431332
0.42331901
1.59318380
1.37775382
0.71402017
0.36990994
1.65461081
0.71336227
0.20045775
-0.20994390
1.45123410
-0.03470857
0.33455185
-0.71357867
0.54894139
1.22337305
-0.60248690
0.37648431
-0.75247927
1.23870622
0.27230092
1.05607898
1.15004612
0.59632707
0.31693522
1.14330650
-0.07578012
-0.76502042
0.49702542
0.63960335
1.09903665
0.36044183
0.63700710
-1.06883155
1.32588720
0.27932262
0.42511024
1.32865642
1.62348590
1.92681709
1.66974916
1.80775651
1.23900183
1.87601733
0.79377304
1.38508251
1.50886553
3.59819262
0.42559456
2.17162684
2.04805102
2.14474389
1.02470814
0.58443887
1.68271293
0.43432685
1.70831261
0.72958100
1.01593340
1.49053112
1.24050400
1.40409183
0.11844190
-0.84168494
0.39728756
1.35419510
1.38024360
-0.28926243
0.21065894
0.31307360
1.02018409
0.02156901
0.23496260
0.25178392
1.44089686
1.29510413
1.28559270
0.52709604
2.41665625
0.39309017
-1.00664674
2.49027769
2.99432500
1.46139687
0.67859487
-0.17652525
1.40867769
0.55921551
1.22556350
2.89058414
2.94187866
1.76731474
1.34706961
-0.02924750
1.52808238
0.61755046
2.20624512
1.49223293
1.75920547
-0.64910642
-0.55840926
1.11128539
1.53503343
0.70023486
1.56802567
0.25625348
0.29344106
0.08819234
0.51029250
-1.39726877
0.02891480
0.35905672
1.16324593
0.75605589
-0.43949253
1.97299484
-0.27108825
-0.54753232
1.13969280
0.38004754
1.48921240
1.16606808
0.43721887
-0.54749531
1.92135084
1.04331813
0.90332434
2.03528330
1.43604234
1.55155120
2.36413467
1.97565938
3.03759203
1.09103034
1.83940143
1.52969610
0.25032731
-0.05055056
0.36552893
-1.25036774
-1.22923093
-0.73232996
0.86484239
0.52013083
0.27533010
0.28283834
0.22695959
1.38980919
0.13785542
0.84937622
1.06521978
0.49615529
-0.28255385
0.45648210
1.07578864
0.73579506
0.82692357
-0.09052228
0.79379976
2.57801945
0.93651610
1.76979933
-0.32005197
0.34361098
1.26688868
0.46791454
1.38263329
1.40890968
0.80195753
2.39096426
1.97028074
2.08743888
1.08288146
0.44369454
2.75834460
0.54432463
1.65996619
-0.04540583
0.33903861
0.71151293
0.81873604
2.56570587
0.38565776
1.32793847
1.38186835
0.23317847
1.63950785
2.07535132
-0.03531888
0.46953613
0.62431578
0.70169893
0.28012742
0.33353036
0.84779166
0.73179781
0.01776398
1.23346606
-9.43194659
-8.54206976
-8.32399799
-9.47311058
-7.22269895
-6.88153941
-7.86553872
-8.65317554
-7.29358844
-9.14947625
-7.46747102
-8.94406663
-9.23241922
-7.90686207
-7.89182024
-9.33129983
-7.72797864
-7.78425728
-7.37544021
-7.74140336
-7.73107076
-7.73820793
-7.73544374
-7.73891750
-7.51289864
-7.68245237
-7.25816536
-6.88637162
-7.67822889
-7.14166712
-7.30608018
-7.64306260
-7.44541554
-7.70499231
-7.51541065
-7.40973515
-7.53733232
-7.61055728
-8.91355784
-9.87488539
-9.03580169
-8.51309784
-8.37585846
-8.85410110
-8.47334187
-8.90284206
-8.54100827
-8.15125590
-9.15079758
-9.15503829
-9.09371407
-9.22040581
-8.88655657
-9.13866831
-7.59021757
-7.73461156
-7.59727453
-7.42974004
-7.18112515
-7.26313356
-7.66164244
-6.84082141
-7.11202705
-7.58679961
-7.12816795
-7.91471465
-7.20293126
-7.11105100
-7.10671797
-7.59727027
-7.07971229
-7.37831361
-7.24152746
-7.42718900
-9.00903668
-8.19451166
-8.20619246
-9.56899713
-9.23409275
-8.95807815
-9.22745564
-9.22313061
-9.18754476
-9.12518411
-6.97262670
-6.96598339
-6.69427489
-6.78585541
-6.89417308
-7.15947902
-7.97458871
-7.35235214
-7.24624400
-7.78504475
-7.40478977
-7.82296643
-7.75482813
-7.82483825
-7.83114353
-7.74556055
-8.43513777
-10.20775630
-9.65485579
-8.64853527
-8.47522548
-8.67018741
-9.15850186
-8.60458760
-8.74834018
-8.41961122
-7.35366756
-8.63706740
-8.72916385
-9.66096127
-8.40379848
-10.47833833
-9.47698575
-9.41322458
-9.83667792
-9.44268776
-7.97957551
-9.39967446
-9.95880097
-10.69816973
-9.85906851
-9.28810288
-9.84449572
-9.10845276
-10.37232564
-9.89548839
-10.21829938
-9.62237125
-10.25925635
-10.61029431
-10.26823971
-10.35825256
-10.30042768
-10.30765365
-8.57234488
-9.05095009
-8.90502135
-10.13874247
-10.56680686
-9.50249509
-9.36147693
-9.42462301
-9.33476590
-10.57628843
-9.63349133
-9.43034796
-8.59740333
-9.71281025
-9.10779128
-10.46385878
-10.24371677
-8.49991258
-9.65638669
-8.31763191
-10.94190948
-10.50304880
-9.55719808
-8.50972044
-10.40530213
-8.59026966
-9.91886616
-8.41704903
-8.47998626
-8.52176672
-9.75409337
-8.51550744
-8.48964293
-8.77055834
-8.58365802
-8.46854203
-8.65770022
-9.80465382
-10.14378051
-10.16789479
-10.37046695
-10.56901849
-9.54030229
-9.86860763
-10.39623008
-7.51917251
-10.67803044
-9.10397494
-9.83105054
-9.38470173
-9.68360413
-9.40523476
-8.93608365
-9.37326504
-9.64622011
-9.66788635
-8.12232269
-8.02853477
-9.20536347
-10.25699860
-9.65878347
-9.40034878
-3.15577883
-2.14826951
-2.32004156
-2.06135317
-2.61425437
-2.24047414
-3.12145876
-2.72361689
-2.14541976
-2.00509830
-2.25268474
-1.55907048
-2.88517057
-2.23920464
-3.06807789
-2.94807194
-1.26488159
-1.88193725
-2.30141562
-2.30370324
-1.66641794
-2.02203588
-2.95124757
-2.33410850
-3.88094932
-1.35082248
-3.60982569
-2.24893572
-2.28628392
-2.40691614
-2.17591111
-2.65224381
-3.73875246
-2.25349581
-2.82475411
-2.25109088
-2.48719319
-2.60936240
-1.32255837
-2.06990795
-2.38147438
-1.59738403
-1.53494383
-3.08933512
-2.23970182
-2.96857634
-2.10465772
-1.36444106
-1.11255414
-2.51656244
-2.72442676
-1.87447220
-3.24510395
-2.39392828
-2.63627610
-2.55808915
-2.34218690
-2.32973237
-3.77699560
-1.95378618
-1.67766769
-2.22330330
-0.74241001
-2.22948826
-3.56178342
-2.12954252
-1.99307864
-2.29758861
-3.00306726
-2.05703723
-2.14295854
-1.87825467
-3.17171852
-2.38401988
-2.03489578
-2.99971724
-3.58758347
-2.29011711
-2.35785095
-1.99431600
-2.34033977
-2.01709362
-2.05176637
-2.27861105
-1.46028585
-2.83980495
-1.22306922
-1.60899074
-0.94519999
-1.60836848
-2.21647010
-2.02161548
-1.79804684
-3.49537839
-2.16959936
-2.76155067
-2.38710675
-2.13480916
-2.00675704
-2.16777200
-6.56494128
-4.24136808
-3.82453396
-5.61459134
-4.69069248
-3.63735558
-4.28949561
-4.53651840
-3.92021975
-3.85183346
-3.69481028
-3.66051052
-4.01468828
-4.15398926
-5.60299217
-5.30163045
-5.71821742
-5.20859863
-5.38602150
-4.90172338
-5.31553207
-5.20348366
-5.23459621
-3.78258168
-5.74812967
-4.59522372
-5.85529813
-5.37616807
-4.17956625
-6.56627405
-5.49833468
-5.60716433
-3.69376833
-5.92493455
-4.81568998
-4.77966347
-6.71142402
-2.63270442
-5.81604362
-5.97046485
-5.58103933
-4.47808786
-3.95472734
-6.19963817
-4.64524776
-4.15441603
-5.13032463
-4.51330204
-4.43510123
-4.15871159
-5.51650600
-4.17778409
-2.88164963
-4.78052293
-1.91804014
-1.69867812
-6.19199677
-5.83668717
-4.66471882
-4.43091623
-5.31198530
-4.51591269
-4.51656031
-5.67663381
-5.29662535
-5.64347561
-5.36295122
-3.32016864
-6.22543887
-5.26008913
-4.15157129
-5.31620677
-4.05286630
-4.70498885
-5.19042804
-6.68210228
-2.78903080
-4.14809697
-6.08150129
-5.68618766
-5.64947316
-5.15761828
-4.68356637
-5.88955417
-6.17985164
-6.01234471
-5.58190754
-6.19493043
-4.67096865
-4.49759419
-4.71173758
-5.44401565
-4.99586670
-4.48097875
-4.47235015
-5.37111926
-4.43649425
-4.43711559
-4.43306148
-4.43413100
0.76931963
0.22420025
-1.45994955
-0.77741608
-1.66953991
-1.10392154
-0.54771583
-1.22238806
-0.10041111
-1.04099548
-1.16378631
-1.40616404
-0.25439904
-0.18775847
-1.12052654
-1.39443795
-1.29412949
-0.24045472
-1.21443083
-0.42798375
-1.36712654
-0.46697541
-0.80405998
-0.44105984
-0.52088024
-0.74060860
-0.38156980
-0.14097107
0.05497661
0.01943578
-0.25536707
-0.96738939
0.26462009
-0.65304822
-1.04386665
-0.43459641
-0.19153675
0.29483586
3.26737538
4.45956424
4.62496801
4.77146461
5.37025257
1.77726367
6.37778206
-0.04749956
-0.22484696
-0.87906205
-1.85988726
-0.02404189
-1.37087778
0.07846744
-2.12267837
0.14050682
-1.17633540
-1.31904860
-0.63594709
-0.47521870
-1.16861725
-1.40075509
0.23947366
-1.36822311
-1.62884905
-0.06714583
-0.17872748
-0.01108554
-0.34874915
5.62435605
-1.18964092
-1.41262332
-0.19977424
-1.41137196
0.30852166
-0.50854386
-0.05969596
-0.20739128
-0.33389529
-1.22573890
-0.06912251
-1.12740163
-0.87690213
0.02811883
0.84819438
-1.23642069
-0.10970878
0.07405674
5.07849151
5.23316406
4.65485231
-0.58299631
-0.46760146
0.04956050
0.14410388
-1.13096212
-0.52166749
0.07364369
0.07270324
-0.09232084
0.66265140
-0.61046955
-5.73005091
-5.24570205
-4.22015041
-4.87830907
-3.83361958
-4.91796452
-4.71143443
-3.93483073
-3.82108184
-4.27178238
-3.70363646
-3.65444516
-2.90345165
-2.23334588
-2.77657151
-3.76491833
-4.25661807
-3.76797828
-3.89754505
-3.85474953
-4.67624204
-4.24481971
-4.56547952
-3.29480360
-3.35597379
-3.06332845
-4.33833412
-4.65650968
-4.17096633
-4.07424829
-3.93267280
-4.18271907
-5.03192798
-4.85980943
-3.79490463
-3.54857176
-4.75643571
-4.70433459
-3.55644835
-3.96782554
-3.50363875
-3.60521158
-4.14000566
-3.79518192
-3.80565788
-4.79859050
-3.88539112
-3.97735616
-4.81998557
-4.70489864
-3.81377884
-4.26436806
-3.91572352
-4.68343386
-3.37616324
-4.74915480
-5.69402765
-4.03804993
-3.84304618
-4.92926633
-3.42998425
-3.76436328
-3.66810384
-3.73863579
-4.61513151
-4.44248419
-3.59237047
-3.83401568
-3.60693195
-3.37948282
-3.87014336
-3.68061683
-3.96157277
-4.53190939
-3.68218315
-5.16781289
-3.69576351
-3.59935130
-4.67740345
-3.57073260
-4.86704213
-4.83579977
-3.62236618
-3.62694509
-3.79914259
-4.40396448
-4.46712620
-4.09640908
-3.40488097
-4.04831281
-4.02543736
-4.09480276
-5.69094601
-4.14109571
-4.19513769
-3.58750583
-3.20934537
-4.70463104
-4.64207746
-4.03466693
-7.22108410
-7.22734646
-7.22460130
-7.23095355
-7.20718396
-7.22983240
-7.21585443
-7.20599304
-7.25100001
-7.25158302
-7.28384959
-7.24742250
-7.27149656
-7.24278642
-7.23543601
-7.29482561
-7.24346982
-7.23974749
-7.25067345
-7.25764228
-7.06192591
-6.60775928
-6.49318031
-6.63781139
-6.24190075
-6.20349384
-6.15752403
-6.74037335
-7.04547346
-7.04460071
-7.28011894
-7.17212728
-7.17359494
-7.18209118
-7.20655750
-7.21706987
-7.17704319
-7.15355747
-7.15971970
-7.21760999
-6.64043077
-7.26624805
-7.26724823
-7.26291802
-7.29691449
-7.29964893
-7.26116593
-6.52551851
-7.26351793
-7.29740331
-7.30845196
-7.16834388
-7.11307414
-7.14753862
-7.13699693
-7.26647907
-7.27622694
-7.24336882
-7.26101009
-6.45879940
-7.23603523
-7.25462469
-7.22794170
-7.24911810
-7.25112630
-7.29448905
-6.64757241
-7.27666310
-7.27541607
-7.25487916
-7.27022356
-7.24666752
-7.27445180
-7.12088532
-7.09854322
-7.14137750
-6.20427459
-7.14054575
-7.13849694
-7.18519811
-7.18039450
-7.19320213
-5.84142256
-7.20441145
-7.19128316
-6.41965199
-7.19451095
-7.20498948
-6.51098128
-7.27315329
-7.26340442
-7.28141886
-7.27849540
-7.29647450
-7.26913294
-7.29124454
-7.31645286
-7.28380041
-7.30225126
-7.29765670
-4.84174482
-4.45994885
-4.15227842
-2.29310186
-4.01353088
-3.03728952
-4.17160710
-4.16907575
-3.51207229
-2.93909701
-4.06008260
-3.99319011
-4.13749356
-4.23020594
-2.09396774
-4.51325625
-4.09630956
-4.93988145
-5.11339610
-3.61489925
-4.11395566
-4.06195479
-4.01999091
-4.45212214
-3.24929261
-3.36370866
-1.76947389
-0.25431187
-0.01713147
-1.52537546
-1.32894557
-2.83253061
-1.22125375
-2.24308904
-1.93996486
-2.83172435
-4.09121027
-4.44526397
-3.23756931
-2.20185970
-4.07358248
-3.69516148
-3.18945002
-3.42380051
-4.09511953
-3.93039956
-3.67123342
-1.37106398
-4.52815571
-4.54918431
-3.16736164
-3.24137427
-3.19957888
-3.96910281
-3.53011429
-4.74705901
-3.98236422
-4.61187675
-3.38047913
-3.80954045
-4.19022259
-3.44747662
-3.14877997
-1.90985211
-3.28478806
-3.92254302
-3.87583947
-4.53034753
-4.32941034
-1.70109122
-4.48471305
-2.98931289
-3.13832133
-4.22727685
-3.46576363
-2.45605998
-2.84998533
-1.43912717
-2.25044781
-3.93973783
-2.42246624
-1.19636616
-2.97835453
-4.21768179
-2.49813550
-3.13670676
-3.35602012
-4.61525955
-2.80385075
-2.21739099
-3.38469319
-3.02251303
-3.30436622
-3.70503213
-4.44960705
-5.17777118
-2.74989553
-4.48397399
-3.11698708
-2.44280671
-8.06951283
-6.52756772
-7.35893027
-7.09182944
-7.04001270
-5.91180237
-6.84897402
-6.54784546
-6.70464743
-6.50213100
-5.96082298
-6.80555663
-6.43672463
-7.03757322
-6.27479277
-6.53376687
-7.01674574
-7.01772112
-7.03491519
-6.61202058
-6.89647392
-6.88233385
-7.29049510
-7.18090591
-6.96657189
-7.09072906
-6.52034682
-6.72228057
-6.63178799
-7.05698340
-6.66051261
-7.99993587
-6.69323369
-6.99817732
-6.85966177
-7.81918913
-7.39109993
-7.12824286
-6.54217563
-5.86275377
-6.91598602
-6.96743728
-6.63061270
-6.94095790
-6.64343181
-6.82178506
-6.38835406
-6.96198190
-6.98817861
-6.53383135
-5.86282624
-6.68474992
-7.65862822
-6.87466894
-6.55696550
-6.89587332
-6.90822453
-6.17789122
-6.16803638
-5.48426608
-6.62078255
-6.47101257
-7.09266991
-6.51998676
-6.63140117
-6.41632221
-6.56719939
-7.10523610
-6.82415107
-5.68276256
-6.11308662
-4.86019182
-7.46701413
-6.35755854
-5.87275724
-6.80597995
-6.57373251
-7.05037594
-7.01534219
-6.58854999
-6.75604717
-6.98054422
-6.86799372
-6.59442009
-6.91869126
-6.61576438
-6.53658338
-6.52298503
-7.88755221
-6.97145399
-6.68887697
-6.40805831
-6.67440854
-6.83818695
-6.83599639
-6.57630047
-6.46440714
-6.67826889
-6.79888396
-6.60635802
-1.68878701
-1.63558234
-4.98611186
-1.55240807
-4.35289729
-1.68328691
-4.44588230
-3.18627761
-4.48044911
-4.39393127
-1.53304910
-1.66498923
-3.64129968
-2.75684774
-4.84720316
-1.52285287
-1.32911664
-1.70536266
-1.39677219
-1.67262844
-3.11416362
-1.56615951
-3.94237376
-4.23817261
-4.23927683
-4.23817261
-1.47862128
-1.71248770
-1.62157288
-1.67053983
-3.38266179
-1.76834882
-1.55223296
-4.28139894
-1.48447838
-1.35140606
-4.30832035
-1.05627424
-1.50935915
-1.46848813
-2.74681906
-4.30892100
-1.96207727
-3.54878984
-4.26031072
-1.55772604
-1.63951983
-4.23984039
-1.77671651
-0.98338844
-3.86960473
-4.05579333
-4.22300414
-1.54025621
-4.23839082
-4.23817261
-1.64701058
-1.55058413
-1.59496145
-1.72786310
-4.28701463
-1.43672028
-1.29454970
-4.29545334
-3.11207330
-3.60658465
-4.41263203
-3.12688239
-3.09596520
-2.26109582
-1.51834539
-1.68827661
-1.45896503
-2.04517272
-1.56981934
-1.59253776
-0.87276986
0.45114248
-4.19763663
-3.44715957
-1.40737423
-1.32711430
-1.67258698
-4.45767898
-4.74415784
-3.20367175
-1.31070764
-1.58773802
-0.95275678
-1.25413519
-1.54383991
-1.34905015
-1.61109298
-1.01813478
-4.18881362
-4.23817261
-1.61564917
-1.26556031
-1.49407554
-1.66123735
0.76729986
-2.28858847
-2.39173925
-3.69384151
0.29767824
-0.24623649
0.61597337
-2.37621914
-1.51514233
-0.25453144
-2.19140044
-1.44899950
0.15025435
-1.54258389
0.56491023
-0.43299249
-1.01080733
0.72027372
1.33693802
1.61440026
1.44830616
-0.23531416
2.00763740
0.45326528
1.30290756
-1.99245111
-2.36761638
-2.01435854
-0.85149023
-2.81283330
-2.29067742
-2.57744664
-0.14655053
-2.00770148
-2.58191302
-3.46074207
-2.06125401
-1.49545928
-1.60117587
-2.05793539
-1.54845120
-2.21708197
-0.55647749
-1.96734095
-2.44211120
-2.17001608
-2.90159965
-1.61993365
-2.04099664
-2.19524320
-3.22526881
-2.43878709
-2.01198744
-2.02549889
-2.57535299
-1.02612449
-1.56895759
-2.22588905
-1.77851451
-1.31293654
-2.89750710
-1.47055752
-2.92766449
-2.55825087
-1.72409850
-1.31571188
0.16424381
-2.48180303
-2.07890282
-1.64873660
-0.54283331
-0.79880943
-2.35508544
-1.01734360
0.68805119
0.59332052
-1.80618680
-0.37161882
1.47667361
1.03256027
-0.45616542
-0.19615198
-1.93344999
-2.25099558
-2.17712512
-0.60165679
-1.13658282
-2.41424591
-2.04606191
-1.57352148
-1.63757200
-2.97023546
-2.66720268
-1.71930533
-1.93852184
-2.27891569
-2.17034493
-1.19199792
-2.05053913
-2.53966121
-4.12304045
-3.94912159
-3.92140929
-3.10827226
-3.62181313
-4.32481362
-3.34073308
-4.21105538
-4.62487739
-3.09993480
-4.08801747
-4.08355273
-4.54740929
-4.11882231
-1.81389161
-3.89392899
-4.18850654
-2.15985620
-2.49874226
-2.05618932
-3.36112099
-1.92088119
-3.20747400
-2.88784129
-2.83647140
-2.97173820
-2.97445378
-3.06432794
-3.05916238
-2.78344869
-4.03672138
-3.90910442
-4.42244545
-4.25229911
-2.83742781
-2.87074789
-2.96042994
-3.45848669
-4.57858622
-3.18559381
-3.83837568
-3.35979946
-3.10944234
-3.15134798
-3.81178481
-4.43793066
-3.64412288
-3.69206603
-3.12170869
-4.28975413
-3.64998557
-3.38185296
-4.09464200
-3.80068772
-2.90860641
-4.47630693
-3.52801896
-5.44666044
-5.28442049
-4.00108296
-4.62414299
-3.65093907
-3.63856010
-3.29947354
-4.42880760
-1.78575702
-1.84274914
-2.76361206
0.51576947
-1.05747560
-1.32420548
-2.48784675
-2.52605704
-1.80168735
-2.74680430
-2.95915289
-3.60918068
-2.74580180
-2.98098261
-3.65271195
-2.42960400
-3.43184756
-2.71211484
-3.52193618
-3.27649077
-4.40888834
-3.83544458
-2.93860653
-3.91277101
-3.81879427
-3.42699071
-5.06779284
-2.82449932
-4.07740379
-4.10545447
-3.81618869
-3.96487889
-4.20925903
-4.17749094
-4.82456309
-2.64042461
-2.49362430
-2.35741298
-2.47171698
-1.72917047
-1.71705144
-1.53104001
-2.01692323
-2.39395115
-1.18571782
-2.31420780
-2.86249981
-2.12117184
-2.15581491
-1.97259235
-1.56301743
-1.62211106
-1.84388259
-2.40078564
-1.63488801
-2.35692759
-2.72890526
-2.19109380
-2.30654783
-2.26716602
-2.25965414
-2.26112305
-2.30236958
-2.23260363
-3.30926490
-2.18827468
-1.80213904
-2.15773355
-2.29075587
-2.46488919
-3.18683208
-2.19214964
-2.39895805
-2.91086478
-2.41148950
-2.83919438
-2.89907295
-2.61416095
-3.98549481
-3.04456346
-2.47099429
-2.40775361
-3.99642739
-2.47194323
-3.28565486
-2.94975662
-2.38095110
-2.15697577
-2.38673445
-2.54987694
-2.37418300
-2.49844334
-1.57714256
-1.86017648
-1.35992113
-1.23948337
-2.26725280
-2.03112633
-1.80896753
-1.83987517
-1.90515765
-1.93450433
-1.46312369
-2.10085727
-2.23204471
-1.74074836
-1.87785772
-2.29225941
-2.05432333
-1.91730916
-2.04773123
-2.48090430
-1.82223643
-2.83965502
-2.45515259
-2.41578193
-2.78124403
-1.69308629
-2.70889947
-2.97227632
-2.23996225
-2.22208907
-3.20414896
-3.40975055
-2.22853861
-2.43066506
-2.27838179
-2.97256771
-3.69784665
-2.13471552
-2.24024250
-3.59670135
-2.27504585
-2.26927348
-2.58825595
-4.25773520
-3.87640724
-4.35291672
-4.64996269
-3.91521810
-4.36288882
-5.11916186
-5.29146952
-2.11206433
-5.04485100
-4.96486925
-3.95669482
-5.24048264
-4.35133601
-3.83643539
-2.02500219
-5.13087484
-4.29077081
-3.88547275
-3.91346038
-5.04275855
-4.29059357
-2.05891732
-5.05379257
-3.86277589
-3.77792711
-5.23777974
-5.20657100
-5.25077396
-3.91628400
-4.69066243
-4.24266771
-3.32667679
-3.74054018
-2.51247755
-2.70755038
-2.27748973
-2.35727419
-3.43369034
-4.54669862
-4.55258965
-3.87300746
-5.02113149
-5.38434439
-2.21570159
-4.32703381
-5.16897242
-4.03976619
-3.94829088
-3.90987426
-3.95003122
-3.93738956
-3.97021010
-5.15932293
-4.16504809
-3.87227919
-5.45677057
-3.94101651
-3.89602912
-5.08889362
-4.00251943
-4.09295119
-3.84455036
-3.83545905
-3.83496161
-5.32932412
-5.18142069
-3.74098617
-5.09069553
-3.87397780
-3.90187757
-3.86098260
-4.89024032
-3.98062500
-1.86025161
-1.93315882
-2.22196230
-2.26265452
-2.28101340
-2.36748659
-1.39117249
-2.21035693
-2.50490476
-2.52679724
-3.98548730
-5.21026772
-4.02470961
-3.91750163
-4.42205487
-5.27808336
-3.94034879
-4.40221325
-3.93555583
-3.82326378
-3.86298223
-3.91153456
-5.21907905
-3.91457096
-4.23474189
-5.11078836
-8.49100011
-6.27995204
-8.48081299
-6.16137797
-8.48271963
-7.18516663
-8.68717216
-6.04762638
-7.03252181
-7.53384751
-7.27472422
-6.21444130
-8.62411612
-6.49267534
-7.63338951
-7.34568716
-8.86376606
-5.46416526
-7.83389455
-8.73480133
-9.09704107
-7.74565116
-8.95640590
-8.92292181
-8.95236974
-7.85425904
-6.00678422
-8.49399226
-6.05529086
-9.03068129
-9.01243599
-9.02069261
-7.88127160
-7.97717250
-8.51814706
-9.07256607
-9.12731164
-9.01683719
-9.00053319
-5.85059373
-6.15227111
-5.98582617
-8.51928826
-8.47390105
-6.28744078
-6.17849986
-5.79194578
-6.12775994
-6.22820024
-7.38556461
-8.48985636
-6.04072274
-6.22853789
-8.44945121
-8.13051319
-8.49690316
-8.51959486
-6.06773989
-8.54231893
-7.90044539
-8.88390427
-8.72586796
-7.64433570
-6.20005437
-8.72141742
-8.66037926
-8.75019378
-7.65677045
-8.88561174
-7.79342298
-7.98550368
-8.96799928
-8.15607778
-8.96494695
-8.00454834
-9.03095961
-8.01553294
-8.99532391
-7.99066904
-9.04518952
-9.07408896
-8.04436522
-7.90301875
-7.90007900
-9.06215955
-9.01790638
-8.13595685
-9.02847189
-8.10698970
-9.35241661
-6.03651163
-5.98258394
-5.97545831
-7.06855171
-6.77474829
-5.71720260
-3.99397349
-6.74969377
-6.03512487
-8.44947568
-11.35835784
-11.34261134
-11.80012492
-11.76697408
-11.99643382
-12.83113314
-11.41148087
-12.74870730
-11.55260140
-12.22917951
-11.61342615
-12.22477261
-8.37054465
-11.66165566
-12.84037024
-12.51427754
-12.65810125
-12.23079993
-11.37221973
-11.96860731
-11.12954557
-11.34922431
-11.42500585
-11.15808898
-11.27278625
-11.29617485
-10.95387820
-11.45710655
-11.41179339
-11.10537194
-11.92750017
-11.05929530
-12.27934742
-10.51806091
-11.49599392
-11.35482259
-12.81592677
-10.82950403
-10.04449005
-11.28118231
-10.79159202
-10.85838160
-11.22319053
-10.23743605
-11.34381321
-10.94271334
-9.84409602
-10.86425821
-10.16525803
-12.66282880
-11.46186628
-12.24633008
-10.59056408
-11.18317386
-11.42848391
-11.14293997
-11.46003760
-11.40300832
-11.43117774
-11.08247727
-11.44976671
-11.26274122
-11.72589864
-11.25319351
-11.31535781
-12.21656784
-11.75884755
-12.04109062
-11.38748844
-11.80762277
-11.82718331
-11.92382757
-11.29856777
-11.40372419
-11.26235410
-11.58791407
-12.29401524
-11.55726311
-13.05329423
-12.69882336
-12.71707619
-12.23569910
-10.62624634
-12.36817665
-12.05924724
-10.93244898
-10.76273594
-12.33522979
-11.10498281
-11.69205599
-11.34963172
-12.22816275
-12.00016181
-12.76701718
-12.71246434
-9.20424546
-12.73592322
-12.01589309
-11.85060404
-11.55306816
1.52839335
1.96604022
1.11643667
1.67924323
2.64533961
0.24300566
2.03441553
0.95567811
1.54689761
1.53829338
1.33479955
0.77952341
1.34492105
2.62170952
-0.88571242
2.64317084
-0.02229520
2.02660363
2.55392960
0.59989936
1.53125729
0.45629074
1.47083822
1.68138396
0.76571143
1.91306818
0.29878777
0.73376232
1.94909956
2.26918658
1.88997747
1.63035492
2.05368054
0.52606474
0.13055986
0.36764704
1.50519031
0.38908558
0.76920751
1.86148099
-0.21732777
-1.56116018
0.82901955
0.53999674
1.57540198
-0.57853799
-0.70858188
-0.74853463
0.28455533
1.55444522
1.19403622
1.89543687
2.56078809
1.47240289
-0.54012309
2.65953481
1.98755613
2.18135650
0.42911750
1.55485527
1.49839267
2.06027704
0.14609631
-0.23279045
1.39067104
1.37264162
0.15961207
-0.30428307
1.29248354
3.02791035
-1.27665629
1.93479346
2.64495901
2.39864933
2.41370134
2.03349868
2.60771274
1.58666496
1.11403027
1.05300198
1.91996316
0.80988559
-0.79320434
1.86877055
0.41648638
0.03575576
1.61958331
1.57276975
2.28643085
1.19185086
1.99657626
1.95717935
1.29614301
1.48246912
1.29121225
2.12575906
2.47240861
1.89195901
2.11534168
1.12522957
