-1.33580312
-0.69960305
-1.40897611
-1.12643858
-0.86786767
-0.81327340
2.75729990
2.83602911
2.55406668
-0.56710846
2.24341181
-1.70188058
-1.25885519
-0.80805978
1.17910328
-0.57514144
-0.80230510
-0.59983833
-1.31251868
-1.42293018
-0.79340321
-2.16248597
-1.86147679
-0.63526258
-0.94059873
-1.33486564
-0.74795866
-0.25169580
-2.98866243
-1.29227162
-0.78058677
-0.97139133
-0.60425226
-0.32121876
2.32951320
2.76976162
-0.32489964
1.80374806
0.02826595
-0.41535907
-0.48976718
-1.01073911
-0.61971445
-0.89652902
-0.85426656
-0.70783494
-0.10309544
-1.15281507
-1.74476872
2.22769470
-1.91939032
-1.00221845
-1.19733473
-2.05434064
-1.32129486
-0.92913025
-0.85062237
-0.74428962
1.77222338
-0.70797030
-0.23178804
3.03758454
1.43834797
0.04676985
-0.84653201
0.31546901
-0.93375657
1.94948914
-1.21867943
-1.12941619
-0.80391441
-0.57397460
-0.13782947
-1.29345213
-0.57143812
-0.42785795
-0.46865845
-0.99516332
-0.43044577
-0.86296727
-0.90944249
-0.37578287
-1.19230942
-0.92537654
-0.86391040
-1.17787269
-0.74976532
-1.31280422
-1.40307606
-2.40728489
-1.38891318
-1.11356981
-1.00741760
-0.28739429
-0.77290334
-0.52678911
-1.07226150
-1.33557532
-1.39965681
-0.95450806
6.43144086
5.87497999
6.00719657
6.45493759
7.37163678
6.22931201
5.72916704
6.44826373
6.42886431
6.09038301
6.30180192
6.80637813
6.04692362
6.05277449
7.02713248
7.05873594
5.93597921
8.30359127
7.27705572
7.46349678
6.05346868
6.10616684
5.81801493
7.32415826
8.37194554
8.28477962
6.80323027
5.94983742
5.96058023
7.34478716
6.13536179
6.74330577
6.00157902
6.14038852
6.20505151
6.12246555
7.21711496
7.09195519
6.58535687
6.19985826
6.27639159
6.03082732
6.11367208
6.06799812
5.92185852
8.36985177
6.19283779
8.32207202
5.70143881
8.16936976
6.30364411
6.39472876
4.94012760
6.67987812
4.92940003
6.89339809
6.67091253
6.81993241
6.93999059
5.19387792
5.91341394
7.90408829
6.26185452
6.14959324
8.42625500
7.30655527
6.46701205
6.31524131
6.08225297
8.34067985
7.50779450
5.78727486
6.04829921
7.35941451
6.19868757
8.36106494
6.02759148
5.96125225
6.39612612
6.09909406
7.17748878
6.43982442
7.35017702
7.82376205
6.20234425
7.92651172
6.94477633
5.78922747
7.37262082
6.38061189
6.62577813
6.89464048
6.62999194
6.25422856
8.30130919
5.71896173
5.89332881
6.40708133
5.93051847
6.13067962
-0.51709754
-1.67596432
0.96287217
0.59754382
-0.32196029
0.84142880
0.82763954
1.01747420
0.78185320
0.60151816
1.50451787
1.58173511
0.95834885
2.66405065
1.26707878
1.69935196
1.00712281
2.56133822
0.89810945
1.19901941
0.98709556
2.01068816
1.28080959
2.26721630
-4.07087477
-1.43934134
-1.43110933
0.94134361
0.50971604
0.48915944
1.37181673
2.95408339
3.41576926
2.02854428
1.26607337
-1.69826943
0.77176937
0.73696896
-1.56449706
-0.02968819
-1.53351346
-1.37227976
0.65697617
0.42988080
-2.53904937
-0.01759397
1.24729504
0.91396131
-0.04023442
0.97823936
1.04690914
-1.09961506
-0.09912466
1.01363076
0.87420884
0.77023015
0.73325738
-1.13243712
2.10858675
2.27801658
2.08540387
1.84570368
2.74324751
2.13113849
1.80908423
1.67609122
1.40772532
1.25327054
1.87935764
1.36449047
-1.00934957
1.03349792
1.14311815
0.56771999
1.03059037
1.20692518
1.02387992
1.04199850
2.57399482
1.56441865
0.33755566
0.51190357
-1.01895845
0.55377061
-0.41848075
0.09537307
0.39128780
1.88944592
-0.30188898
0.56152475
1.50359182
-1.49183674
1.42785437
0.87867677
0.94328872
1.23735765
0.10287509
0.86557782
-0.99063691
0.94640836
-0.10946035
-0.15804788
0.07796942
0.26414341
-1.35257058
-0.44991133
-0.16644080
-0.22513328
-0.97221357
-0.01142213
-0.03516589
-0.64491786
-0.23051010
-1.76119066
0.92202673
-0.76438528
0.01010044
-0.08393991
-0.02951188
0.25483749
1.08113141
0.59468527
-1.04423587
1.13151408
-2.48969329
-0.17390479
0.05410125
0.00804341
-2.12404783
-0.03233632
-1.28960270
-1.33686402
-0.15306121
-0.09288235
-1.00197648
-1.34886117
-0.15170866
-1.22436758
-1.26765418
-2.27829861
-1.28220969
-1.33616305
-1.29532754
-0.43421024
-1.48068833
-1.39050059
-0.42359400
-1.47495415
-0.37544188
-0.70182929
-0.41550315
-1.39224579
-1.18065245
-1.51607223
-1.91510964
-1.47277391
-1.33647866
-1.49232908
0.66768435
-0.02321480
-0.11612909
-1.83154304
0.13091749
-0.19154049
-0.81426498
-1.26450918
-1.24583604
-0.24048882
-2.26427321
-0.27684097
-0.21652337
0.03976198
-1.04830478
-1.35382168
-0.25795511
-1.26651253
-1.34778515
-0.25606761
-1.68573567
-0.78078263
-1.44601840
-0.85454704
-1.34716106
-1.43803758
-1.72944400
-1.32518269
0.35458351
0.08406476
-0.54582458
-0.69639635
-1.46248195
-1.81910525
-0.37560744
-1.20771098
-0.67887335
-1.45825050
-0.59809363
-0.28595330
-0.20006863
0.16462007
4.87222563
6.45716006
4.07048493
6.26158698
5.74164862
6.63194804
4.06858437
6.82332755
6.03609195
6.69757495
6.58739323
4.20337356
6.69298690
5.15317844
6.22090962
5.09857973
6.27700820
6.46573563
5.63508074
4.54425690
6.92776843
5.30427363
6.43226903
4.55523149
4.07508456
4.07864357
8.10196514
5.79622149
5.66566003
6.52407643
4.67212732
8.62208068
8.77373753
6.18826217
5.82597410
6.13297516
7.32001386
6.91287612
4.48153023
7.15786715
6.64444832
8.14727294
7.11146750
4.04713303
7.05803199
6.01199739
6.76370947
5.61571078
7.76345484
5.53704112
4.45845522
6.93122396
4.56869116
6.42392728
4.10928760
4.32786952
4.34205720
4.69118482
4.21935011
6.58400577
6.70525599
6.89113466
5.38193366
6.60960677
5.40778035
4.29444049
4.86756161
6.21359760
4.57598173
4.12005071
6.58735526
4.22906248
4.11712269
4.18652425
4.58053948
4.17392034
7.24197839
6.71039977
6.29796402
8.25631733
6.66072596
6.20492696
7.80803074
3.98518989
4.35985996
5.13469339
5.98058646
6.98962064
5.94349469
6.64744559
6.84974944
6.41713338
5.56688457
5.84275712
5.89110372
6.63955443
6.15220136
4.04606920
6.49741578
4.65423944
-3.16883852
-3.13964591
-3.04878385
-3.19926334
-3.67512016
-3.62397044
-3.10379276
-3.70428117
-3.86454797
-2.97348113
-3.84558185
-2.82952894
-1.86538178
-2.68925734
-2.84980158
-2.81672427
-2.69277120
-3.09921722
-3.32405140
-1.31472342
-3.92662062
-4.40549357
-4.99850124
-3.26776133
-3.22235439
-4.53538940
-5.11563457
-3.93636080
-3.96141150
-5.12873005
-3.87810589
-3.80432208
-3.70691185
-3.50700797
-3.29304944
-4.41582453
-3.37914876
-5.95356832
-3.41740685
-3.20852214
-3.16153015
-5.13881726
-3.58628540
-3.62728614
-3.39213821
-5.15735444
-3.98809230
-5.11228834
-3.81419133
-2.48097116
-4.96099883
-3.35850471
-3.17150432
-3.96774994
-3.78329256
-3.70844217
-3.87866726
-3.43860439
-3.06042878
-3.07257238
-2.37545072
-3.48874309
-2.02130625
-2.90759135
-2.86223021
-2.89298262
-3.77085375
-3.05696608
-3.07473349
-2.86095204
-2.97701284
-4.93305794
-4.32795844
-5.25271357
-4.52421366
-5.19981404
-3.54303471
-2.36892778
-4.51904226
-3.30305239
-3.52203566
-3.29095595
-5.08052678
-3.82217637
-3.24533931
-3.38552780
-3.29614812
-3.84955855
-4.01663343
-2.51182496
-3.47856756
-5.12755448
-4.01424024
-5.18996272
-3.97390616
-4.13094555
-3.44433028
-5.13058169
-3.52924238
-3.40100152
1.27319108
3.53925662
0.63478303
1.21500090
1.58114134
1.80628611
1.40527327
1.38619858
2.25432528
1.48411388
1.77385247
1.82440855
0.94233412
2.08953342
1.14703300
1.30650195
1.53397449
1.17810424
1.54713824
0.57983586
1.42267421
2.68450950
2.50853932
1.81981610
1.29076414
1.58729292
1.48751209
1.83298789
1.37340126
1.78653553
0.91140017
1.25589146
0.22181472
2.01440762
0.99089793
1.13208226
0.43574979
0.17441607
1.69429186
1.97731431
1.36045529
1.73845631
1.67138225
1.19415368
2.20661285
0.82225992
2.90442499
1.39422165
0.74056240
0.10839306
-0.31036968
1.42722494
1.77178788
1.00796145
0.20891228
-0.30944930
1.28289976
1.04159952
-0.45192036
1.35290812
-0.95734582
0.61224030
1.18694549
0.59193875
1.10029248
1.49540865
1.34441938
1.66010675
2.58667536
1.35921239
2.48349411
2.03940387
2.28299654
1.20355902
1.34734334
1.54293659
0.33452946
0.50457962
0.94120999
1.23614507
-0.25244972
1.76986082
1.12602704
1.45286088
1.25477839
-0.28658986
0.63509063
1.74586602
0.00849868
1.07229069
0.85650905
1.40012061
1.21531289
1.41884563
1.39109810
0.87907473
1.05438083
1.24637452
0.98700089
0.83788237
0.33502528
-1.91413388
-1.98692686
-1.93008894
-1.84423916
-1.92730060
-0.21592524
0.02152434
-1.93085495
-0.01397697
0.45981742
-1.91824038
-0.74926253
-0.02297515
0.37646113
-1.81651153
-1.97107061
-1.89150822
-1.08510834
-1.94559888
-1.82309968
-1.83704956
-1.86158179
0.16452098
-1.94144897
-1.95798749
-1.83656670
-1.91160299
-0.81781200
-1.91905233
-0.77341495
-1.13532151
0.41012237
-0.58521257
-0.31172821
-3.61963044
-1.13326012
-0.53349633
0.40745550
0.07876805
-3.57643327
0.37449509
-0.40106205
0.35341411
-0.45627575
-1.80084519
0.21646546
-2.93854232
-1.20312214
-1.00027591
-0.15854307
0.10369845
-0.26131303
-1.37845612
-0.12202856
-1.96554404
-0.73933886
-1.91522160
-0.50854699
-1.65205745
-0.07548133
-1.87734304
0.18398784
-0.28689532
-2.39252436
0.14143419
0.59902995
-1.88448995
-1.82424659
-1.89388236
-1.21144774
-0.54817422
-1.12386271
0.00462156
-2.70506069
-1.87411274
-1.90021101
0.48282016
-0.22788383
-1.94668194
-0.38553032
1.01948814
0.40674185
-2.06160292
1.50858773
0.27347391
0.30440520
0.62687848
-0.01477552
-1.28425016
0.63221517
-0.01925433
0.56640452
0.08544612
-0.26701857
-3.07103157
0.19509782
-0.42909780
-0.11464005
-0.83267212
-4.56042306
-4.16946295
-3.61923814
-6.12804170
-7.28780759
-4.59618247
-4.42747367
-5.64969200
-5.69659870
-5.29981155
-3.82373640
-5.99320130
-5.55227414
-7.62486900
-2.29768872
-3.17269604
-2.58732803
-2.45198053
-2.81891488
-1.30119869
-2.18072461
-3.09848170
-2.66288224
-2.59554117
-6.48431999
-6.31595052
-6.02317010
-5.03289670
-4.42593863
-2.84736707
-3.24397923
-3.22517391
-3.73960161
-2.61486889
-2.90553698
-3.87325113
-3.40007199
-6.57836260
-5.35452598
-5.83679947
-7.41493004
-5.91918344
-5.50433073
-6.07208669
-6.04462789
-4.89715342
-4.76684011
-3.71017345
-4.21970592
-4.31223864
-3.71920620
-3.62182322
-3.12371324
-3.79301908
-3.75931869
-3.94473480
-3.94171777
-3.93003100
-7.32199238
-6.38251665
-7.29836935
-5.76509285
-5.79268562
-7.36498669
-5.73572866
-6.39862089
-4.62052811
-4.24300871
-4.07264763
-2.82086959
-2.99507811
-3.14215628
-3.07006715
-2.50906480
-4.19901526
-3.32804599
-3.11044107
-2.60470364
-3.90394474
-3.46847819
-3.65758838
-3.81274032
-3.86158910
-3.51736582
-3.81368555
-3.27944660
-4.12712945
-3.73405624
-3.80378618
-3.07976201
-4.05290898
-1.58868608
-2.89194311
-2.85740509
-7.20758100
-6.15610270
-4.23285861
-6.73170647
-3.95261536
-3.92819289
4.06202492
1.56424963
3.16934629
1.91676336
2.48491509
3.52256323
1.79562311
4.26814156
2.28973769
2.86374904
2.38874045
3.28740643
2.53164939
0.84581182
1.66452610
1.85092241
1.81149513
2.85126544
1.75447998
1.85364146
1.88147704
2.05713852
0.34108071
1.50989456
2.08945294
2.47358036
3.04482593
2.26680180
2.58612472
2.07440539
2.40336755
1.07616119
1.85216323
3.67242373
1.63934491
1.63850331
1.78228392
1.73717990
1.49597718
1.67048747
0.49476677
3.42545710
1.83792061
1.34515337
2.60476648
0.54475124
1.37038313
0.04867669
3.60635421
2.02275471
3.57505541
2.24857607
1.14913610
1.80849020
1.70703977
4.85686263
2.79607801
5.05594561
2.70789992
2.01313290
3.01216528
1.80340442
2.61581705
2.42422392
1.56173094
1.27148239
2.18904749
2.23895029
2.53046063
0.71031861
2.80879846
2.11704692
-0.64817223
1.34809786
2.50530909
4.21391934
1.41375524
3.64659967
4.24086346
0.66215496
0.62706888
3.65856986
2.36192892
3.75654668
5.07100338
3.73658698
3.18309123
3.72894269
2.97599867
3.00602028
3.55468032
1.26768529
2.28588088
0.75122610
2.51426178
3.53965393
2.72754900
0.94960854
3.43616217
0.44667607
-0.30210710
-0.74576114
-0.09003871
0.50000984
0.81644871
-1.25372211
-0.51592896
0.48796746
0.75487810
-0.41764760
-1.55862109
-1.17391126
-1.53561264
-1.19158342
-1.11894344
-1.14445546
-1.23871194
-0.87478697
-0.80683764
-3.42503031
-2.68821265
-3.33478604
-3.36421683
-4.68615003
-2.93187471
-3.71924032
-3.00703061
-3.16408182
-3.15680844
-2.59110936
-2.16157309
-4.13208133
-2.62062896
-1.17605327
0.17769931
-0.81554509
-1.32748296
-1.14298404
-0.82880775
-1.15537332
-0.96074629
-1.48529684
-1.02941057
-1.14383903
-1.48696240
-1.19574252
-1.27019930
-1.20250523
-1.12100328
-1.46979097
-1.10296649
-3.37028473
-4.98580584
-4.63635686
-3.20069263
-5.00913369
-3.05960571
-1.45106818
-1.79759097
-3.36032658
-1.42469510
0.88192789
0.95904490
2.10307778
1.73133768
2.36193750
2.88748969
1.09360614
2.17102846
1.07993618
2.11879010
-1.06746032
-2.01636628
-2.36664059
-3.34484782
-3.43999040
-1.33470282
-1.51493367
-1.77777277
-1.58214364
-1.58264140
-1.55561967
-1.39909186
-1.76412539
-1.36422043
-1.88763168
-2.06600670
-1.86499310
-2.28554648
-2.14708789
-3.75843799
-3.39178096
-3.29021570
-3.39587497
-3.65980377
-2.23631692
-3.35517700
-3.61979631
-2.66618382
-3.53836633
-6.30780419
-6.42279505
-6.57746912
-6.61670167
-6.52364586
-6.41133766
-6.46857740
-6.51504640
-8.90443470
-8.33972125
-7.02835737
-6.74945287
-6.03900659
-8.26903585
-8.81247354
-8.82157374
-8.41607037
-8.76664795
-8.40579502
-8.44015742
-8.33592963
-8.36331184
-8.42082564
-9.16583695
-8.33822107
-8.41010676
-8.40231312
-8.85120629
-8.42473431
-8.42863826
-8.56183936
-9.06505561
-8.84538959
-8.84565022
-8.88757407
-8.37085651
-8.53134983
-8.37752429
-6.09556321
-6.48233888
-6.48987524
-6.36770945
-6.97133604
-6.14435320
-6.31030078
-5.62991260
-6.04455409
-3.60598400
-5.69100059
-6.71397793
-6.50946777
-6.47897570
-6.44416492
-6.50927641
-6.60085440
-6.38132347
-6.70842181
-5.71375279
-6.64162474
-6.66128696
-8.01837110
-8.35111978
-8.46325022
-7.39758356
-8.35849391
-8.91859944
-8.35134786
-8.40009992
-8.65825989
-8.49286874
-5.51151573
-5.54234158
-5.83118248
-5.95137783
-5.54270486
-4.91652936
-2.04267579
-5.86896146
-8.47510295
-8.81999658
-8.53902299
-8.99558448
-8.88790481
-8.55481756
-9.21863136
-8.53220335
-8.50183459
-8.57793284
-6.54707318
-6.74723026
-6.59510926
-6.84339503
-6.14931032
-6.24709318
-6.52409598
-6.59869922
-6.32109601
-6.82272143
-6.77837620
-5.86452321
-5.57578055
-4.09984847
-5.65028278
-5.72653427
-5.58892873
-6.01822680
-5.60681642
-5.46891969
-5.42882888
-5.29488940
-6.71344613
-5.77616108
-3.12071319
-2.25434380
-5.47992162
-5.58048598
-5.75612667
-5.66078402
-5.77131075
-5.89979731
-5.62156511
-5.53940598
-5.44416659
-5.23770709
-5.77832146
-5.37363358
-3.40982223
-6.36227948
-4.99622273
-3.96981102
-5.58639563
-4.54741098
-5.48339012
-4.21254193
-5.42687170
-5.94515155
-4.73889941
-6.14467821
-5.25578413
-5.53035734
-5.73415958
-5.48255506
-4.33725616
-5.72701874
-6.09509067
-5.35162122
-5.62557400
-5.57752303
-5.75762357
-5.67547572
-5.55116852
-5.54409920
-5.88844073
-5.64951390
-5.36698059
-5.70739803
-6.09419890
-4.42142378
-6.07465837
-5.32451138
-5.71652769
-5.43980116
-4.76792772
-5.40329688
-5.44946725
-5.68222167
-5.67226655
-5.70982213
-5.62313245
-5.66053119
-5.64361336
-5.37319230
-6.62504040
-5.27722133
-5.60780481
-4.53876653
-5.86798905
-5.55225282
-5.51919560
-5.65914111
-5.25197415
-5.21594659
-5.30460908
-5.58119244
-3.73828521
-3.34363074
-2.29206174
-2.12839284
-3.90230343
-4.31636606
-4.35888220
-5.43852599
-3.96697279
-5.56998511
-5.51970980
-5.07267898
-4.39325874
-6.83430249
-5.12065061
-5.94629098
-1.85713687
-2.33890618
-1.93351919
-1.83690762
-1.70569681
-1.94230732
-1.66798216
-2.53554012
-1.74719623
-1.11815157
-1.71007297
-2.55606073
-1.63824580
-2.03015851
-1.89103798
-1.55516870
-0.79067010
-1.44520054
-1.62270468
-1.68351878
-1.68305456
-1.91338137
-2.13332748
-0.90519838
-1.68384750
-1.60125566
-1.82110282
-1.61194005
-1.88681052
-2.14200371
-1.59445101
-1.35006662
-1.78619863
-1.38128746
-1.82916871
-1.80015176
0.06265305
-0.85391257
-1.55597140
-1.45567284
-2.72972631
-1.93785517
-1.94818447
-1.75536482
-2.10596025
-0.86743869
-2.12960773
-2.26333929
-2.82146454
-2.40241064
-1.94267212
-2.04000308
-2.35223915
-1.76118442
-1.88577587
-1.69946272
-1.86313458
-1.95946604
-1.93478073
-1.92572953
-1.71372890
-1.83340945
-1.74472577
-1.74963406
-2.17904858
-1.63075308
-1.84199927
-1.71268856
-1.66098050
-1.73830262
-2.07089889
-1.78763596
-1.24763633
-1.60422478
-1.55300476
-1.52468481
-1.66152506
-2.21627069
-1.72093215
-2.07575898
-1.42683763
-1.59580041
-2.09821302
-1.64045160
-2.05130074
-0.97893417
-1.93404208
-1.64584650
-1.90851128
-1.82021704
-1.90460737
-1.92561794
-1.83557123
-1.86968792
-2.03954309
-1.98339580
-1.50996425
-2.18831206
-2.72059391
-1.69545028
3.89292464
4.06523436
3.85319318
7.45295877
3.93100662
3.93310333
3.93554742
3.95578545
3.90919037
3.91708755
3.94673370
3.95228313
3.95783936
4.43774267
3.93329251
3.95172548
3.95469497
4.11523214
4.11805854
3.94050756
6.20979568
8.27138365
8.17603216
5.74294521
4.72752746
5.47165439
7.02011858
6.10997950
6.28042008
6.66012337
8.16591241
6.75668268
7.06443851
6.96466424
7.03135326
5.77025824
7.27106125
3.88943212
6.31957353
6.63273743
3.89928860
3.90279958
3.90108394
3.90435729
4.07708859
3.70121210
3.93358527
4.80818868
3.91295449
4.08467184
3.93830933
3.91529965
3.91915787
4.25509581
5.80163713
5.47010367
3.91330224
3.94208442
3.94421413
3.95043449
3.94492102
3.93471937
4.40260164
6.47455239
3.94544423
3.93454403
4.98920337
6.46825598
6.43172612
3.00300680
5.63638169
6.87054059
7.69559520
4.36502733
3.98298839
7.20046684
4.65368456
6.41888826
6.76206405
7.39327209
5.66950449
7.51314259
5.69099297
6.55214561
6.44600479
5.65461469
6.44521150
5.51658706
4.08243398
5.42786150
3.89824187
3.85792866
3.91190069
3.85573675
3.90555621
3.92753538
3.91858708
3.89858482
3.93456492
5.67267098
6.40347481
5.12872907
4.41765177
4.35818305
6.29039074
7.66008959
4.67425674
6.16328849
6.26797028
6.59686105
6.86949235
7.45588041
7.41763656
9.01972347
8.37349468
8.20878460
7.70955467
8.25611524
7.40543863
7.44881282
8.01263200
7.21651981
8.19411364
9.07502783
8.67933958
8.83319750
8.11178096
8.70449823
8.25337424
8.04424826
6.04851038
6.83528630
6.75750611
6.15774596
6.01659320
5.93341556
5.26804828
5.11302384
6.58477281
6.41555498
6.38569997
6.89153818
6.40665384
7.48433128
7.73876431
8.88552081
6.58188018
6.58990590
4.95056797
5.24888324
5.36891117
6.21674975
3.85749873
6.18980475
6.57385250
6.75066957
5.43110286
4.39003563
6.14953741
5.36856563
7.70408450
7.59053919
7.54584567
6.62856136
8.28560751
8.34142097
8.63305360
8.86399143
7.81784461
7.52903866
8.94384216
8.43662815
9.10854064
8.44471371
7.79975525
8.88181032
9.44463321
8.99876945
10.26982195
9.36236936
8.33977962
6.24159800
5.34303637
6.29699483
6.14428175
7.24899224
8.08086388
7.00422163
7.34042622
5.27574926
7.29042647
7.07174273
5.95823367
8.12848187
6.80029872
7.65077720
6.29575896
7.36933892
7.42964257
7.38354208
-8.31729814
-7.31639436
-7.16812694
-6.26129516
-7.29108827
-7.63807729
-9.06626558
-8.30540505
-8.73721504
-9.69160274
-9.86684789
-9.44360670
-9.63242572
-7.91316011
-9.38392412
-9.60590093
-9.33233102
-9.40757230
-5.98542002
-9.06637619
-9.66876380
-9.56409771
-9.55618904
-9.40894027
-9.60736178
-9.83357608
-6.99642686
-8.42956938
-9.80332805
-9.70520810
-9.72270716
-8.33961594
-9.79391540
-8.26385908
-9.68084821
-9.87715200
-8.83006345
-9.36455491
-9.87857495
-9.72437596
-9.46282064
-9.41128374
-9.89497088
-9.73356759
-7.04245606
-9.40070078
-9.78198349
-9.85414854
-9.89337134
-9.50301859
-8.00144767
-6.37702919
-8.89139194
-4.60780563
-6.87197701
-6.56601814
-6.38700458
-8.97130338
-5.88555266
-7.06833313
-8.26697410
-9.04084323
-6.19150356
-7.16587242
-9.29276910
-7.45937903
-9.31718247
-9.61133236
-9.47717971
-8.91022673
-9.71904817
-9.73178047
-9.71048252
-9.60343765
-6.47081542
-6.47107057
-7.33678232
-9.47093203
-9.64872329
-9.76061702
-9.49666483
-9.63508710
-9.69752916
-9.59994903
-9.40480452
-8.69128977
-9.09537193
-10.00728477
-9.17650261
-9.77395365
-9.18612618
-9.78467732
-9.75386176
-9.76859544
-7.19428793
-9.42129952
-5.45286208
-8.93742771
-9.48800512
-7.71656600
-9.39131617
-9.20330564
-7.75958095
-7.97468392
-9.21583297
-9.01426718
-9.52615501
-9.68236584
-9.20351082
-9.05235077
-7.46966545
-7.78606412
-7.34177087
-7.74508133
-9.00034652
-7.38772291
-8.74402556
-8.61889654
-8.36377879
-8.90959800
-7.65127963
-8.92508423
-8.99782449
-8.74678120
-7.90431088
-9.01974769
-9.01799197
-9.19388520
-8.87911289
-9.10355483
-6.34055364
-6.35319408
-5.70809230
-5.77004707
-6.34382890
-6.64944449
-6.53494159
-8.49263433
-7.51763588
-8.90657272
-8.40675331
-9.02807627
-8.65471365
-8.49820717
-7.31989769
-7.96841910
-8.48554164
-8.32454533
-7.34848431
-7.50209679
-9.11397261
-6.80378188
-6.73773866
-8.98687452
-9.86090509
-8.87421986
-9.29386719
-10.42221816
-9.24539184
-8.98219515
-9.31887475
-9.01947648
-8.40229103
-9.18197563
-7.88774146
-8.69486938
-10.06762474
-9.29537837
-8.06185370
-7.40065831
-9.31546494
-9.04716956
-8.90455372
-8.58917048
-9.05972973
-9.17386468
-9.16570075
-9.06624573
-9.61540817
-9.15095194
-9.81677995
-8.02489945
-7.54225440
-7.02539007
-6.74839486
-7.09554735
-7.06770995
-8.06809248
-8.46123022
-8.80428912
-8.38305430
-7.36029271
-7.44954544
-7.20113958
-8.55364308
-7.12276453
-8.36827989
-7.65554619
-8.49160794
-6.61499686
-5.23439225
-4.64256878
-4.31470605
-4.39275602
-4.79157858
-4.02501041
-4.93221894
-4.45516584
-4.14034888
-4.52825972
-4.85620794
-3.61942021
-4.49675026
-1.84354538
-0.95373932
-4.30443198
-3.93300127
-4.09702241
-1.43820272
-3.92271845
-3.79985518
-6.80927430
-6.64076816
-7.49016716
-6.53216454
-6.40499761
-7.62320394
-6.08106493
-6.89850071
-6.12155752
-8.51919659
-5.49010224
-5.98371709
-5.04169739
-6.75290593
-6.77759957
-4.60950468
-5.39016250
-5.91773504
-5.51017002
-5.68230023
-6.42477180
-8.57332343
-6.78253374
-6.68798364
-6.77523169
-6.78085664
-6.08215365
-8.66592280
-8.67740668
-8.72113539
-4.67278043
-1.40406088
-4.89939602
-4.13999422
-3.45335207
-2.18433539
-4.10342055
-2.89060222
-4.50530324
-1.70170762
-1.11803473
-0.59366998
-0.40473280
-1.48082658
-2.21958988
-1.69180536
-0.80630225
-0.91363333
-2.35827037
-8.39501283
-6.37690863
-7.78675088
-6.08580690
-6.17862157
-5.69431508
-5.58810005
-7.04233140
-6.20458735
-5.79322765
-5.16857349
-4.82740367
-5.01414831
-5.07592418
-5.25542312
-5.11872223
-5.19855559
-5.35737714
-6.51747999
-4.55901936
-8.43453890
-6.54354517
-6.60735049
-8.53661102
-8.55012363
-6.73941133
-6.60007444
-6.66519606
-6.85974374
-7.50717839
3.70912642
1.67477132
3.59940074
4.12563413
4.39445819
4.96791512
3.98040515
4.52511354
3.33873709
3.19726120
4.78717793
5.36665836
5.93963726
5.39925634
4.09167293
4.60211245
3.69004592
5.24893188
5.65816999
4.40120275
3.50758974
5.60911234
3.69804970
4.39637574
3.90639377
5.37151365
4.25877222
4.06142600
5.24958152
4.94635526
4.36187760
4.35005680
5.51989497
5.16502496
5.74635968
5.16950582
2.45397884
4.27736516
4.79146901
4.91381081
4.84843577
5.12830704
5.31682194
5.34941570
4.52883042
5.71673896
4.72738190
5.15441953
2.81048630
4.44087007
4.22674217
3.22049812
2.71195633
1.27986585
4.63542976
4.96529201
5.12366557
4.29522585
4.32776369
5.41873312
4.73383405
1.91747916
4.10428645
1.88562620
1.85459158
4.27373353
1.88586300
5.14698624
3.81984156
1.98206671
5.13005841
4.22660122
5.31131391
4.27516823
3.43542508
5.12363605
5.44622376
4.78459079
5.42924194
4.17131662
3.91872774
4.76479113
5.57475249
4.93442502
5.09407545
5.07261122
4.00681046
4.08075854
5.25279561
1.42511062
4.42748476
4.62655591
5.00863880
3.70503508
5.04726744
5.11928297
5.22720468
4.73043795
5.26251878
4.33958494
-2.40850304
-2.27048113
-2.22082834
-2.37945191
-1.81113739
-1.69380414
-1.59657151
-3.17918025
-1.91786919
-2.36468346
-0.58202814
-1.65695599
-1.63466072
-1.24635717
-3.91006772
-3.42962161
-3.95653611
-2.53170097
-2.14944018
-3.28402519
-2.53942443
-1.91861289
-2.63257979
-2.72807982
-2.22794196
-2.63546438
-3.82280380
-2.28877853
-2.20693731
-2.12118845
-2.69324380
-3.50458446
-3.59205989
-3.37453011
-3.53548426
-2.63079012
-2.98914548
-2.65546028
-2.64643092
-2.62586015
-2.66692241
-2.68018585
-2.13186518
-2.69989466
-2.70006031
-2.68567062
-3.59568214
-2.76910078
-2.64153453
-2.27792372
-2.40861384
-2.67397876
-2.58347021
-3.51478977
-1.91132360
-3.14352385
-2.61607005
-2.11405960
-1.71066087
-3.00964317
-1.24015940
-3.16202883
-2.76457466
-1.70818431
-2.44691371
-2.43789536
-3.16590118
-3.34441469
-2.09735476
-1.04529354
-2.63988845
-2.65421865
-2.71036769
-2.66673696
-2.13252972
-2.56471685
-2.65138017
-2.62864357
-2.70892129
-3.61261474
-3.59846123
-2.64418923
-3.43203464
-3.49859487
-3.48003124
-2.61476765
-2.05406059
-2.21109173
-2.25628251
-2.68432799
-2.69727193
-2.70717097
-2.38914905
-1.73639024
-2.68445882
-2.25884827
-2.46117454
-2.70161817
-2.69557917
-2.29752432
-7.42467692
-6.19740150
-4.17024387
-5.17344364
-5.21876185
-6.35437270
-4.21817626
-4.67623488
-6.60860598
-7.27396835
-7.24954421
-7.26621050
-5.91993652
-4.06124434
-6.23473284
-6.06094244
-7.20468297
-7.06384028
-6.16845487
-6.76663398
-6.81677262
-7.02680641
-7.26691682
-7.26848734
-6.23975965
-5.12482538
-5.76263337
-7.32626900
-5.41404936
-6.52932739
-4.67520726
-6.77968446
-7.06160168
-7.20333485
-6.87255816
-7.12860826
-5.75324187
-6.86745853
-7.79837831
-6.79518895
-7.41896875
-7.97183542
-7.42493049
-7.97802310
-6.62647257
-7.45447159
-6.30907773
-7.51386080
-7.42343975
-7.42149982
-6.81101123
-6.43759736
-6.43472036
-7.26198930
-8.04145845
-7.26123654
-7.19540103
-7.33458545
-7.34451110
-7.33669920
-7.26141251
-7.25478568
-5.62065178
-4.36611290
-4.43921440
-6.03700587
-5.63449427
-5.42232587
-4.53679029
-6.04623479
-6.06841209
-5.72756615
-6.69366459
-4.50167076
-7.26960168
-6.63122226
-6.54165899
-6.39680802
-6.59626870
-6.39988095
-6.28595477
-6.23398215
-6.55256575
-6.17455729
-7.33514524
-7.04389166
-7.99639892
-7.38850083
-6.47190817
-5.40819196
-6.01683601
-4.27328173
-7.36471097
-7.27407708
-7.99920022
-7.42311989
-7.40540908
-7.44363335
-7.14816200
-8.02477115
-0.67611859
-1.81442964
-1.40871238
-2.01396666
-1.93809176
-1.48904702
-2.01638471
-0.11088845
-0.31230032
-0.31059966
-0.49935286
0.15360367
-2.09630273
0.17869306
-0.21662948
-1.51312964
-1.56248778
-0.72278904
-1.92709918
-0.92612292
0.36348407
0.30514257
0.30667911
-1.49058138
0.39552562
0.18792742
-1.12343790
0.32199694
0.34310061
-0.02578531
-1.67845385
0.40775291
0.41295301
0.47083818
0.82377981
0.56795259
0.54926310
-1.58586516
-2.06189097
-1.98913765
-0.21192869
0.34078343
-0.39800617
0.29095641
0.13073361
-1.22384744
-1.43947092
0.24514334
-1.05313856
0.17379958
-0.08929292
0.22398172
0.42474252
0.52231309
-1.52291335
-1.91482525
-1.66638245
-1.92465438
-0.24398285
-1.89333675
-0.33287631
0.05047490
0.01407835
-1.80928900
-1.98037593
-0.08703397
-0.05993428
0.01942764
-1.92876301
0.06578693
-1.95058556
-2.44710711
-1.92307580
-1.56789876
-1.77903602
-1.18683817
-1.98688953
0.36424757
0.16277697
-1.46763164
-0.01078930
0.02028976
-1.07092312
-1.01404556
-1.07913624
0.38081294
-1.07367138
-1.14798862
-0.50363442
-1.09985424
-0.43129802
0.36676998
-0.44840887
-0.27419078
0.25195388
0.16223324
-1.38490157
0.01166032
-0.05257268
-0.79229822
