-4.98457314
-4.95396261
-4.94377172
-4.96943006
-4.87430093
-4.87511209
-5.60572817
-5.48419112
-5.13294080
-4.91419752
-5.50372818
-4.98980710
-5.33944107
-4.94861710
-5.84041489
-4.98020757
-5.54049400
-5.50659284
-5.36176435
-5.86978165
-5.33527057
-5.47574664
-5.53521147
-5.65514080
-5.43865467
-5.62848019
-5.47816347
-5.15396453
-5.84921203
-5.39800623
-5.09740612
-5.39182816
-5.03917094
-5.50639320
-5.53218995
-6.08186800
-5.09303665
-5.44265539
-5.36489992
-5.59792815
-5.10002521
-5.14023814
-5.45017993
-6.51949536
-5.52447944
-5.22305918
-5.18376866
-5.49328639
-5.46991781
-5.50262206
-4.83851969
-5.20901935
-4.79149184
-5.28082103
-5.74116484
-6.30143698
-4.54813280
-5.76537435
-4.80257948
-4.82114931
-5.24537346
-4.98435899
-5.83627680
-5.45270514
-4.99487874
-5.27949843
-5.43379093
-5.42963021
-6.02931000
-5.07551727
-5.35817621
-5.31631605
-5.22510462
-6.02806049
-5.50286710
-5.45144154
-5.25668596
-5.33797331
-5.56001747
-5.63968710
-5.88383685
-5.48824605
-5.58374867
-5.42176399
-5.45242461
-5.91685069
-5.60615920
-5.87600474
-5.48226188
-4.96903888
-5.03478448
-5.64324862
-5.22057510
-5.63171259
-5.16848063
-5.23806859
-5.53356469
-5.52586802
-5.44572945
-5.09344052
-4.21138848
-3.19427419
-3.53631563
-3.15084844
-4.52509736
-3.74264523
-2.17348662
-3.63795152
-4.38633592
-3.09439299
-3.72988972
-4.27111689
-3.92481484
-4.41992435
-2.15011794
-2.87377237
-3.24897290
-2.88624467
-3.10480126
-2.43545135
-3.56215057
-1.95968902
-1.76430962
-3.43294744
-3.38339985
-3.77373287
-2.39403249
-3.24362996
-2.74030382
-3.40945784
-3.61344133
-3.43619841
-2.31404372
-2.75661398
-3.06556154
-4.49589907
-4.76960222
-3.17261530
-2.66687260
-3.56949270
-2.72455102
-4.70247190
-2.73559806
-3.24465476
-3.36859245
-2.49738344
-3.55635068
-2.64911928
-2.39584535
-3.29131357
-3.01331854
-3.56497553
-2.82837525
-2.95197938
-3.11115824
-2.91565428
-3.21917104
-5.99504704
-3.32336321
-3.04318033
-2.98106769
-3.42681296
-2.78810860
-4.29479268
-4.41010692
-3.12767965
-2.51313853
-3.81197721
-3.84456942
-3.22596177
-4.51813715
-3.39878619
-3.03608755
-3.69031548
-2.78741674
-3.07544564
-2.50953996
-2.38314672
-4.23631538
-4.14482954
-2.17865766
-1.53793734
-1.78319187
-0.54167839
-1.83287676
-2.23297312
-2.47606611
-2.53995158
-2.97547667
-2.11509769
-2.63947253
-3.34272402
-3.20927303
-3.23240979
-4.64340499
-2.77960509
-2.46580928
-2.84989372
-4.10726653
-4.19776450
-6.87175190
-6.23486135
-6.33775406
-7.96140990
-5.78418064
-6.51237461
-8.96519076
-5.99000852
-5.67565472
-7.20249651
-7.07175877
-5.27011453
-6.95525792
-6.62364943
-6.27761236
-7.09819499
-6.54548243
-8.88141229
-6.05083703
-6.06230643
-4.94730619
-7.02659726
-5.68858214
-6.68980395
-7.02467647
-5.91883730
-5.29362801
-6.94367585
-6.65613958
-6.97507474
-7.75909486
-5.19942522
-8.16670786
-5.78748792
-6.73921145
-4.28239225
-6.42874154
-6.85624532
-6.05461531
-5.57881959
-3.97675675
-3.85579634
-5.97719839
-5.16258922
-5.51780043
-3.57100502
-6.18818187
-4.21697690
-4.08965565
-8.90480882
-7.01892798
-7.28762057
-6.86937573
-8.01750784
-7.03429700
-6.60791140
-6.39744823
-7.19167995
-8.11731994
-7.25316892
-6.73082973
-6.75557254
-6.30752323
-6.22727705
-7.40335179
-6.73289307
-7.09768077
-5.76665662
-5.80775137
-5.08490873
-6.60319338
-6.50361858
-6.13496289
-6.10036930
-7.60496484
-8.41286193
-5.21155153
-5.48414944
-7.83917921
-5.93131423
-6.55035013
-7.09286293
-4.44429624
-4.26345332
-7.02040494
-5.55595314
-6.47532974
-4.38953068
-5.54893415
-5.97194133
-5.91197543
-5.68044515
-5.65593437
-5.81970533
-5.03232926
-5.44983589
-5.63490651
-3.38702229
-2.79025874
-6.44908321
10.27603749
7.29150860
9.38107978
8.81565189
8.98612556
9.40386184
8.33797663
12.48959991
8.64256959
11.82393143
9.66921208
8.23741294
6.43192360
9.11192206
8.26883219
10.84609210
7.64260160
11.52461415
7.01113413
9.16137995
8.28664724
8.98315015
11.21941336
10.65039478
9.65543135
7.15155568
11.19510725
9.77827667
9.46670753
8.88149412
7.19728669
6.43365028
6.34912982
9.61591343
9.27200075
8.97377441
7.87320854
7.45021060
8.15104262
6.81915923
8.66323543
9.43041826
7.03106768
9.16661554
8.60842191
9.51753651
8.70302837
9.37976488
5.95223251
7.68155866
6.17849443
9.38695382
6.43043684
7.90360361
7.92059772
8.32680734
8.72643812
7.31492370
8.42195913
9.23376750
8.63913274
11.86823131
8.55632019
8.57348118
8.11643648
8.34628246
9.51495276
10.19499547
6.06880199
9.92210624
10.33918254
8.85839273
10.02058630
7.72874621
7.62113906
8.86610720
8.05858139
7.71118921
9.58225086
8.83065258
6.56357260
8.89041699
7.08642537
10.55536541
6.31837218
7.30290014
8.65213472
7.33510054
9.64729565
8.64379704
8.37023141
6.72963895
6.38067963
7.47611724
9.99011289
10.00807614
7.39879714
5.82819103
9.42680684
7.68307228
-7.80336505
-6.90058508
-6.96701901
-6.46038956
-6.56823568
-6.44424576
-6.62039553
-6.62317879
-6.79715622
-8.04834272
-8.13732701
-8.43106751
-8.09320654
-8.04434606
-8.34578670
-8.13273561
-8.34765752
-8.91186385
-8.57389167
-8.51578471
-8.17833795
-8.54975517
-8.70642093
-8.37574750
-8.17849461
-8.31487092
-8.33047937
-8.02355548
-8.03013531
-7.64798262
-6.80840965
-6.61138825
-6.93629371
-8.33068179
-8.53198894
-8.83199177
-8.60131152
-8.51694605
-7.92189186
-8.18042395
-8.41346395
-8.54301832
-8.51121576
-6.23396739
-6.61373171
-6.50796931
-6.59930662
-6.72737442
-7.74200784
-6.47254170
-6.24747216
-6.88891466
-6.22606866
-7.21115621
-6.74697355
-6.92152089
-6.49636429
-7.23786441
-6.19178524
-6.19666127
-8.33414307
-8.20044395
-8.13828741
-8.17242084
-8.56978009
-7.39356260
-8.34132707
-8.14322243
-8.14093838
-7.11565345
-8.05201680
-7.73264222
-8.11307024
-8.49231318
-7.70893921
-7.56335911
-8.10277890
-6.67052707
-6.52834296
-6.55934952
-6.45409168
-6.89338151
-1.67494776
-5.33390161
-5.95384245
-5.31348755
-6.29492864
-6.42814083
-7.03148777
-6.64901207
-8.65884181
-7.36813686
-8.15103705
-8.38698822
-7.55972903
-7.39892651
-8.53206543
-8.51634959
-8.67857505
-6.35522369
-2.13341258
-1.95810693
-3.39023697
-2.25396400
-2.93514204
-3.39284979
-3.28658275
-2.35515345
-2.58768026
-2.80633842
-3.05439656
-2.34314173
-1.80734210
-3.32050350
-2.78895892
-2.12242768
-2.13577615
-1.51660577
-1.96013778
-1.33046659
-1.12254653
-1.86308960
-1.25306229
-0.00645063
-0.25151823
0.37434203
0.24532236
-1.77065960
-0.97043856
-1.69565986
-2.12104261
-2.17775791
-2.10997747
-2.86705768
-2.68883422
-1.83408391
-1.86052075
-2.35480044
-2.40903276
-1.66190682
-1.55512471
-1.96907804
-2.25092993
-2.21916372
-3.24164910
-2.56079630
-2.27825398
-1.32575023
-2.24699057
-2.10233778
-1.69768816
-2.01651612
-2.28187401
-2.23332606
-1.50104944
-2.50658227
-0.66653665
-2.57009214
-1.94567200
-3.19005676
-2.01043412
-2.75686281
-0.34486723
-1.61008018
-1.76037714
-2.21448755
-1.61964539
-2.57897177
-1.48103475
-2.04806453
-2.33785490
-2.87558014
0.67194918
0.61828392
0.20536311
0.23075263
0.73740300
0.90253477
0.51976389
0.63508807
0.63466215
0.19848739
-3.48102941
-3.12311235
-2.42322404
-3.06581324
-1.22620461
-2.33272072
-3.13093318
-2.24520333
-1.89788246
-2.37129222
-3.05456816
-2.44108460
-2.68921942
-1.71081845
-2.02813708
-2.22715321
-2.63517602
-1.90369229
0.14733456
-1.12372632
-0.64490505
-1.69754479
0.77992982
-1.42471900
-1.20635063
0.83524005
0.11026247
-1.12915376
-1.37159790
-3.23783261
-5.00226067
-1.37170783
-1.63873935
-1.39513365
-3.03168776
-2.19068527
1.03228517
-0.94521297
-1.56728163
-0.51744730
1.03100540
0.36372749
2.98387090
3.16094825
3.27616200
3.29876924
3.58378980
2.79795473
3.60003530
3.77088238
3.45419220
3.39820512
-1.42124640
-0.59652113
-1.63364578
-0.78134158
1.40009429
1.21931973
-1.59273771
3.21995884
2.97795322
2.74031596
2.30452096
-3.01708353
-1.23806566
-2.33351859
-1.18599756
-1.12466570
0.54288841
-0.17077115
-1.13985536
-0.16384760
-1.33779738
-0.98597707
-1.33724957
-0.24999990
-1.31732253
-1.55190636
-0.40521854
-1.15923857
0.60036395
-2.98185623
-0.45645916
-1.42863673
-1.36562514
0.68037960
-0.77889657
0.79237262
-1.40188879
-1.93552490
-1.06350011
-2.19940231
-1.35561983
-1.89814740
0.51161486
-2.93887290
0.34308093
-2.99377413
3.79952001
4.02306575
3.91015995
3.41512071
4.32332528
3.40696650
3.62526341
3.99364833
3.51711184
3.02806693
3.36879860
3.50419860
3.51287612
3.14332041
3.04057666
2.85908343
3.17981047
3.35935968
3.25587615
2.61389003
4.06570834
2.14736994
4.23517688
1.80713213
2.02722094
3.10443450
1.70978038
1.75987969
1.68502731
1.13078804
1.45900703
1.10689007
4.38623493
6.09521858
4.78393684
4.98793814
4.71807142
7.55697818
2.66026758
4.12028673
1.74299522
5.60062995
5.38424817
0.80268536
2.61339426
1.99483855
1.96067791
3.96077424
1.65350822
2.35864683
2.57231414
1.50592740
2.88014839
1.10603792
2.14600678
2.74418066
2.68974705
2.81163841
2.26928118
1.71640579
1.78148972
4.06587631
2.03103122
2.13138813
2.46503832
2.28191014
1.52709799
2.17266961
1.65558068
1.59150877
1.69109702
1.52797952
1.69873394
1.51705778
1.52148413
3.31538413
1.74564018
1.65227047
1.16706671
1.58538896
2.07403430
1.58326135
1.16282567
2.35747249
3.90531206
3.47698699
4.08699375
3.34288250
3.52795654
4.92680260
3.04514100
4.06336575
3.12940628
1.74107433
1.44716715
1.49145422
2.39781202
3.07540503
4.35969229
2.76832309
2.59111184
3.45261487
2.36192342
3.81702625
2.58152506
2.50938254
2.61604897
1.60850135
3.79176735
2.45632458
1.42176642
1.53058123
4.02822715
3.34549650
1.83761261
3.31034384
0.60069905
1.68511494
2.01560882
4.39248267
2.23009812
0.99012854
2.17798750
2.73404573
2.76517556
2.29281646
2.78315102
2.28886144
2.76417896
2.52521756
1.93154201
2.81642363
2.76367109
2.67574742
2.32721015
2.28035220
1.37552751
1.64817898
0.44629724
3.14940757
0.44707006
-0.46551133
2.79335921
1.62544905
1.72420634
1.60247328
3.28363754
2.07631449
1.83417554
2.19649717
1.05057740
1.56860920
1.63882568
-0.18259325
1.06532578
1.55716996
2.03978961
2.36627100
2.09215101
2.46335234
1.82887882
1.22337727
3.30475405
2.69049726
2.63667507
1.65026308
1.47333222
3.23972033
2.95226264
2.75450330
3.33557964
2.74992994
3.30381571
2.90679917
2.62473224
0.58915621
2.59328426
1.53223472
2.68730235
1.40149938
2.57208246
2.58527338
1.44067290
2.28452968
0.45594301
1.53509982
1.07070357
2.57589259
0.49347413
2.75959659
2.68433625
1.56860494
1.49606666
1.57102726
2.58571832
-0.11440116
2.60027207
2.66389834
2.94820106
3.14301590
0.00820855
0.77219289
2.68861666
3.26126654
1.34945874
1.94462859
2.66507698
2.15956346
2.68530869
1.29511595
2.68020982
2.65297425
3.40590329
2.68188783
1.60550697
2.18474220
2.76998804
2.68173343
4.07336662
2.78105404
-2.34692288
-5.47364655
-4.84443062
-4.89742231
-5.86997532
-3.74649158
-2.31511453
-2.34691407
-5.47080078
-5.28485515
-2.28908383
-4.92467998
-4.59786849
-3.86928579
-2.47163771
-4.51386051
-4.99661192
-2.74667080
-6.04659408
-4.92962767
-5.63923546
-3.48459013
-3.72749236
-4.23936027
-3.16773553
-4.04418058
-3.57680933
-3.56908263
-3.27397930
-3.76405231
-5.22719025
-3.76412593
-3.82409936
-5.17557031
-4.13613668
-4.31202764
-4.42913874
-3.83793484
-2.99988682
-3.54215955
-3.41265733
-4.61058290
-2.73315957
-4.25471924
-4.59577422
-4.50409289
-3.98835880
-6.06489746
-5.56043469
-5.73672630
-3.22063974
-5.26134770
-5.12852589
-4.27779058
-4.73205426
-4.72684553
-3.52619765
-3.83471179
-4.26922992
-4.63007023
-4.91333799
-5.18534071
-6.08017996
-5.52484236
-4.45798858
-4.20039305
-4.21309131
-4.14631232
-4.33227677
-3.95239066
-2.06772627
-3.91772507
-3.01207274
-4.09973683
-3.14998144
-3.42307952
-3.36033269
-5.11911097
-2.44110779
-4.00257605
-4.12115738
-2.73296060
-3.73406375
-3.79504778
-2.38011328
-3.99591078
-2.53042265
-3.52153598
-3.35681166
-3.63543498
-4.72468528
-5.64702445
-5.80704544
-5.61252427
-4.85475120
-6.20870723
-6.16108779
-3.25213949
-4.17075790
-4.53797587
-8.11187105
-5.24715193
-8.10076194
-8.34932830
-8.65084901
-8.12057424
-5.44792335
-5.39094525
-8.29800183
-5.26349633
-8.27442955
-5.49094319
-5.58454918
-8.04849252
-8.06611635
-8.28850704
-7.84599310
-5.50281634
-8.08377934
-8.28503575
-4.67535084
-7.66377106
-6.43876024
-8.56572574
-4.59930475
-4.67705749
-5.44167992
-5.49665746
-8.11768088
-4.16520458
-4.93209033
-5.24386830
-5.42293164
-5.21534182
-5.19777720
-8.05191759
-5.25522984
-4.96266478
-4.55290631
-4.61061899
-4.58136559
-4.54517483
-4.59404949
-4.64835777
-4.75170669
-8.25621507
-5.20532147
-5.24460519
-5.50466391
-5.27169117
-4.44599341
-8.53230145
-8.11330086
-8.00360258
-8.06197942
-8.09290498
-6.06798681
-8.00565444
-8.04107586
-4.77869184
-4.68339142
-4.30440140
-4.60278244
-4.61106086
-4.57297141
-5.33572660
-4.54618182
-4.59633881
-4.56356047
-4.61913376
-4.58764404
-4.86201810
-4.59925708
-4.60126862
-4.58462963
-4.60362991
-7.96817934
-8.24746853
-5.54853379
-4.97545351
-5.46274476
-4.51240478
-4.47187346
-4.51878814
-4.59338278
-4.52533403
-4.25382512
-4.68309747
-4.77525747
-5.55672761
-5.57619449
-8.07716478
-8.10497093
-5.33913620
-8.30614139
-8.12917736
-5.32166130
-5.40998189
-7.85620295
-4.32465223
-2.57255421
-2.87342237
-2.14537739
-2.43280836
-2.90858428
-2.43180890
-2.42638108
-3.02360144
-2.50471067
-2.43934136
-3.90606592
-2.05445954
-3.10909539
-2.88567458
-2.12094469
-2.05186873
-2.19258774
-2.08604502
-2.20019277
-2.26779724
-2.31364114
-2.90811841
-2.67627445
-2.67785987
-2.14723676
-2.05819477
-1.97326714
-2.05068119
-2.68186606
-2.16494046
-2.87734960
-1.96852087
-2.47009892
-2.08815391
-2.75942988
-2.27853436
-2.48797961
-2.33440538
-2.39965305
-2.56068094
-3.06402475
-2.34921005
-2.11990222
-2.07456720
-2.10129569
-2.19395187
-2.10135296
-3.15869866
-1.81398514
-2.42704449
-2.29041127
-2.28830049
-2.20844667
-2.25763155
-3.07841887
-2.43109971
-2.25525666
-2.22449235
-1.89095521
-2.51330722
-2.32308467
-2.78169373
-2.14258978
-2.04794398
-2.10171149
-2.91237676
-1.86761619
-1.97846943
-2.65196429
-1.88092726
-2.60358472
-1.79868211
-2.78562589
-2.05998585
-2.70008805
-1.94102410
-1.61404281
-2.66890203
-2.76832069
-2.69886282
-2.45034763
-2.41294636
-2.43727910
-2.43565099
-2.88677390
-2.18691922
-2.57234293
-2.25666344
-2.24355980
-2.11122210
-2.03274409
-2.13836411
-2.29415930
-1.79472809
-2.07651741
-2.79513211
-1.85551160
-2.68320634
-2.58946195
-2.03187212
-1.95227716
-3.12772670
-2.74583200
-2.49650189
-3.47329764
-2.53268830
-1.93028303
-1.23149916
-2.35929352
-1.78266787
-2.94043530
-2.23557013
-1.22290517
-1.46163826
-1.46261595
-1.29282005
-1.90122651
-3.48285403
-3.17576561
-2.23501517
-2.67187976
-1.64099567
-1.97341818
0.10542751
-1.42270579
-2.26562684
-0.66250287
-0.99292372
-1.30880385
-1.36548087
-1.66410418
-0.79820258
-1.24518717
-1.43221210
1.22370298
0.71914854
-1.49819316
-0.80820965
1.23329392
1.84218066
0.48101153
1.31559245
-1.77129626
0.80737199
-2.63235857
-0.77739210
-1.78990067
-1.85902612
-1.12527322
-1.37060322
-2.79402866
-1.34867548
-1.07374956
-1.35114725
-2.12016676
-2.17169696
-1.44125740
-1.59012125
-1.54341868
-1.87477068
-3.81655505
-1.29423502
-1.40076761
-2.01423012
-2.02756383
-0.67901090
0.02963977
-1.94815459
-0.85210174
-2.14019835
-1.42376851
-1.70831283
-0.76291218
-1.23267093
-2.18750222
-2.69567441
-1.36270141
-1.32973036
-0.88608931
-1.36311570
0.42496131
-0.27034299
-0.60150302
-1.01755357
0.17873599
-3.06850294
-1.30268268
-1.18491705
-3.74299147
-2.01938886
-2.61594701
-2.28329987
-1.43967080
-1.65738234
-1.47218587
-3.50488988
-1.20111677
-1.79606843
-0.82440678
-2.69691215
0.86863045
-0.81856736
-0.00604330
0.53625294
-1.39048522
-2.22958528
-0.07387186
0.68357189
-1.91711044
0.99926329
-0.69145678
-0.50170620
0.21760943
-1.25935357
-0.36612246
-2.11484400
-0.72433514
-1.87000182
1.36641605
0.73549881
-1.85085448
-0.96064652
0.26717290
1.86006730
-0.31932091
-0.55706676
0.42040181
-0.49748758
-0.45769526
-1.67398290
-0.31105251
-2.05677104
-0.59558282
-2.10599412
-0.91282878
-0.04851552
1.02770783
-0.93381935
1.98050787
-0.31583060
0.20023946
-1.05882087
-0.48340961
-2.17150606
1.04239300
1.00204329
1.08485512
1.17447178
1.21210228
1.11752066
2.21741006
1.02636844
0.11012518
0.64724783
0.78937511
1.20808007
-1.02921882
-0.22912594
-1.05910262
-0.89455823
-1.87642707
1.57255098
-1.94633905
0.54863723
-0.43799484
-1.94025123
-1.84818920
-2.47936647
-0.13866640
0.71280501
0.75696951
-2.17607231
0.74233557
-1.78455639
0.18425666
0.84133532
-1.15542644
-0.60556252
-2.06950858
-0.52765679
-0.50231664
-2.00953114
-1.32063656
-0.55466460
-0.25224331
0.94270089
-0.00888979
-0.90408611
2.24098516
0.02207523
-0.15390330
1.85994831
0.64237353
-0.69906081
0.85038454
0.84940119
0.81960912
0.52059187
1.17445024
-0.92576257
3.54070072
5.06440587
2.00445709
2.46439161
2.17005609
0.20993347
2.34023778
3.89300750
1.88875912
0.65979023
3.07391748
2.03914114
3.15583502
3.89711242
3.10397936
1.95816554
2.95159565
4.21255017
1.53878479
0.27312693
1.35915817
3.08317128
1.24358795
1.51862827
2.03664810
1.41167668
1.35530733
1.97426897
1.40907011
1.93766311
1.55410667
2.29839924
1.91352144
4.20294701
1.95501774
1.44973899
1.38354130
2.50937870
2.61520063
5.35782280
5.22418913
5.41809718
5.03640726
4.25132863
4.11562457
3.30479141
5.33173037
4.60995219
3.92075720
2.42590184
0.26087886
3.10677840
2.18404604
1.42910730
2.85380373
3.06656265
1.63933728
2.46204426
2.91572928
2.76890439
1.90496438
3.14076386
2.30811042
3.07189191
1.90584481
1.96067979
1.48545262
2.27276958
1.48338369
2.79452056
1.99364080
1.99364080
1.48355935
1.88715458
2.36218257
2.02290954
2.63266522
2.58560522
1.95304092
1.94845799
1.84785700
1.62431443
1.42678503
2.88123361
3.21067180
1.51286151
1.42455081
1.93502060
2.88806628
3.11006774
3.01664693
1.38926403
1.37548421
1.48771340
1.63629829
1.52508882
1.93214843
1.49081559
2.27674384
1.58187472
-4.74062241
-4.48318923
-5.63226911
-4.36192671
-4.29792524
-5.20300370
-7.33139435
-4.62996840
-5.29786243
-4.49438983
-3.87654752
-5.82002619
-4.81646484
-4.04645334
-4.24266534
-3.78148008
-5.60412406
-4.95616351
-5.23113316
-4.37848727
-4.31545311
-5.19615327
-4.39201071
-7.23186065
-4.77001625
-5.62199847
-4.54445064
-4.31248321
-5.31523383
-4.75774887
-4.67391293
-4.55831492
-5.91126997
-4.37494218
-4.76474156
-4.82738141
-5.21405961
-6.29999595
-4.83748188
-6.39759340
-4.70808201
-4.19094988
-4.24139843
-3.68120775
-5.57537107
-3.88577642
-3.92089230
-4.03016334
-3.89374969
-4.13456671
-4.93737449
-4.58126432
-4.21700621
-5.55186763
-5.97269355
-4.10797703
-6.73690720
-6.95269476
-5.10758343
-6.49245125
-6.92893163
-3.78401094
-7.14537113
-4.79232876
-4.85778557
-4.22768819
-4.63268628
-4.77381755
-4.88908494
-4.93753220
-4.26825068
-6.98346242
-4.74362590
-3.09769478
-4.30873793
-4.97944304
-5.25032532
-5.39078274
-4.82626297
-5.32183457
-4.50378602
-4.77065253
-4.25744893
-5.07498818
-4.53327937
-3.77238567
-5.58010965
-4.39101095
-5.46854879
-4.52215236
-6.26927990
-2.97731941
-4.66983317
-5.16727854
-5.14191914
-4.01172317
-4.65731358
-6.17717299
-4.43000433
-4.81169029
-8.18405496
-6.95809242
-7.37404658
-7.42073300
-7.59228444
-7.88001177
-6.55264425
-8.08354607
-7.28348896
-6.45770331
-8.40685049
-7.44761824
-7.82125138
-7.83876055
-7.83758005
-6.80432896
-7.63855767
-5.26044266
-6.84130302
-8.01747927
-5.14542605
-7.90313850
-8.33954853
-8.50693935
-7.67173120
-7.88603649
-7.90538269
-7.88699456
-8.51971675
-8.53028874
-8.32837691
-6.84686579
-8.31990527
-7.86382980
-7.41562948
-7.83086525
-7.38201749
-7.87041452
-6.91494948
-6.74775037
-8.44412584
-7.83306772
-7.45489386
-8.61180290
-7.11435499
-8.38310349
-6.98985847
-7.73884059
-7.67012779
-8.54671963
-8.35824710
-7.76089149
-7.92613445
-7.48672815
-7.79714252
-7.78638207
-7.82308520
-8.41652340
-7.78132389
-7.17752224
-7.86125228
-7.65017074
-7.47233532
-7.44550843
-7.36859150
-7.27110627
-8.17633818
-7.52573834
-7.77282976
-8.25541570
-8.20744340
-7.66156993
-7.48241138
-6.53128543
-7.38113505
-7.44231093
-8.05132814
-8.31563271
-7.99501520
-7.56546568
-7.56279671
-7.51167714
-8.34258375
-7.65959543
-7.87590965
-7.87274485
-8.45730535
-5.60673738
-6.51208783
-6.57938236
-7.91918921
-8.54406812
-7.92156921
-7.04010220
-7.91455236
-8.33027477
-7.71901713
-8.51784007
-6.72559303
-7.90402166
-6.01582559
-3.93662044
-6.18817075
-5.43755113
-3.81418999
-7.00990265
-7.03364143
-6.92495175
-7.02808190
-6.95600300
-5.38989332
-6.90760185
-7.04011779
-7.04673155
-5.18452617
-7.15392321
-7.31258037
-6.75121421
-5.67970029
-5.09762676
-7.18742256
-7.13896719
-7.04216550
-6.88263013
-6.63932327
-4.25594257
-4.41215707
-4.73926851
-4.94329981
-4.48595787
-5.05021021
-6.36601405
-6.86536591
-3.13800396
-6.09069556
-6.89349221
-2.34482267
-4.58116906
-4.94596600
-7.14803398
-6.44513768
-7.13861765
-6.66809196
-4.04460916
-4.38896343
-2.17666843
-7.22190115
-6.90187045
-6.74744392
-5.71810041
-7.24618780
-7.08714544
-7.09619577
-7.05664948
-5.25899725
-6.75446457
-7.10560791
-5.85115664
-6.98918905
-6.52657061
-7.20728311
-7.09970646
-5.23165957
-7.00213333
-7.26349729
-6.56505386
-7.29052166
-6.95168569
-6.95836466
-7.16495131
-7.05313694
-5.98667528
-4.55717052
-7.13006446
-5.01967460
-7.64371546
-7.13125424
-7.14027490
-6.97776002
-7.18025503
-6.97849067
-5.34344219
-5.57507067
-5.51616433
-3.61642505
-6.88797218
-7.15851309
-5.06416060
-4.45660907
-3.26253789
-7.24997021
-7.15756604
-7.03987890
-6.40454995
-7.14318571
-6.59075046
-7.06043993
-7.02119753
-7.03020803
-5.83111245
-4.56345749
-4.58878443
-4.86861639
-4.86920599
-4.00296932
-4.86610753
-5.09069671
-4.59479246
-5.08326386
-5.84091561
-3.45368833
-3.89417027
-4.97123785
-4.23372949
-2.59764344
-4.09344149
-4.93629929
-5.89189998
-3.91085655
-3.87547418
-4.95320797
-5.83961263
-3.31968730
-2.97696027
-5.13061539
-3.73434512
-5.79383373
-4.86475778
-3.27385485
-3.87143607
-2.98310415
-2.67890678
-4.09694207
-3.25350475
-2.81534149
-2.28702489
-3.36914559
-3.53624770
-3.42747864
-3.44130432
-3.93229447
-3.68245865
-3.62841289
-4.91324510
-4.91157287
-4.91452740
-4.91269568
-5.88764021
-5.87162079
-4.41795091
-4.92109253
-4.92670296
-4.92451975
-4.62647868
-4.31173207
-3.79469822
-4.04155076
-4.40962028
-5.71620537
-4.89246160
-4.05635954
-4.57628114
-5.50561527
-5.05148673
-3.40970200
-3.45497127
-3.56280811
-4.92956832
-4.93212671
-4.91693952
-4.93297905
-4.80159558
-3.88620735
-2.56259798
-3.05911142
-4.86877992
-4.17154457
-3.58024403
-3.78791164
-3.48919991
-4.76094268
-3.64860261
-2.70447187
-3.48354630
-3.38302852
-2.93756755
-4.27762834
-3.55262861
-3.65267451
-3.49918391
-2.77522599
-4.89180665
-5.85112394
-4.89842168
-4.26219862
-3.97134610
-4.90925402
-4.16169013
-3.98685157
-4.90934183
-11.78275766
-10.82185801
-10.22596826
-10.54534160
-9.96261749
-10.25798431
-10.23066340
-10.34077607
-10.95205417
-11.12930171
-9.98663435
-10.70889742
-9.62704884
-9.72748354
-9.72589417
-9.47027852
-8.97681957
-8.05063576
-10.28423465
-9.94371258
-10.34689955
-10.69581220
-10.96049714
-9.25317719
-9.76132158
-11.27123318
-10.88579575
-11.20399631
-10.74386598
-10.87993645
-11.23069556
-10.52549548
-10.44446371
-11.92003605
-11.43338990
-10.55748473
-9.34515464
-9.74671966
-11.69300024
-10.48684577
-9.99877401
-9.59691218
-10.66248148
-10.88607194
-12.07218475
-10.73159502
-12.22105147
-12.06426437
-12.05585110
-10.59264800
-12.07968466
-10.61437157
-9.84612435
-11.72592844
-8.27540170
-10.93518624
-10.52267499
-10.97199905
-10.81627239
-8.71895064
-9.75682769
-9.27133026
-8.25006950
-8.94991287
-9.40773848
-9.97853078
-9.34464186
-9.04845675
-10.47702961
-10.50262172
-10.33740474
-11.53717944
-10.89970547
-10.51187744
-8.76411856
-11.58040462
-10.29250693
-12.09019638
-10.90537050
-9.07940098
-10.35188282
-10.00843155
-10.42316222
-10.50015071
-10.25005842
-10.49888618
-11.06014165
-10.52618990
-10.79572716
-9.12594261
-11.67657159
-9.56908406
-10.38485481
-9.27932878
-10.62727839
-11.88519874
-10.76330141
-10.57767223
-12.04318474
-10.59887741
-1.42726805
-2.72270630
-0.93710256
-2.47933238
-1.55197710
-0.48387993
-2.03493456
-1.33236822
-2.22686120
-2.08522868
-0.86732387
-1.73085323
0.27807856
-1.71592772
-1.77652734
-1.03756791
-2.43415704
-1.77501170
-1.35347070
-1.66757211
-0.93685436
-0.27450931
-2.33022850
-1.76328868
-2.47397209
-1.48342340
-1.53423790
-2.48397839
-1.16858754
-2.60046156
-2.12031520
-1.35840459
-2.52610879
-0.81018107
-2.59267978
-0.44925216
-0.68792824
-1.89569610
-2.36855724
-2.67139288
-0.47743285
-2.37817255
-1.40319724
-0.86660886
-2.33772082
-2.07079366
-1.32955591
-0.63527661
-1.74875495
-2.31961394
-2.43812129
-1.71285180
-2.91622604
-2.71002535
-0.25437977
-1.71736648
-1.34658194
-0.81779288
-0.82345270
-1.73073587
-1.09165198
-2.33207657
0.10444797
-2.11102322
-0.79444222
-0.28580227
-1.51721244
-1.75169912
-1.85070360
-1.91730774
-0.76117500
-2.87714175
-1.44414092
-1.04650355
-1.13485693
-1.52378671
-1.17140419
-0.91251033
-2.19465088
-0.78377757
0.20117961
-0.69298539
-0.22495337
-2.78348455
-1.74877414
-0.76140429
-1.87839451
-1.70631262
-0.59475954
-0.27567100
-1.54463193
-0.43532880
-1.58191242
-1.34529435
-1.03649475
0.79353074
-1.62740477
-2.04789791
-0.64394445
-1.39503825
-2.31571001
-1.73239734
-2.88227072
-2.87684183
-4.66644843
-1.32025577
1.60985600
-1.29894641
-0.37379995
1.76946348
-1.63103884
-0.70775840
-3.10878133
-2.82370135
-2.51058815
-0.58597007
0.02627734
-0.63894857
-1.38064927
-1.58396777
-0.72250468
-0.52039550
-0.53790825
-0.79240738
-1.55824666
0.35952961
-0.32301813
-0.17668778
0.40593349
-2.55957159
-1.10108452
-2.92371484
-0.79132247
0.22294734
-2.53942321
-2.64789215
-1.54386478
-2.90924963
-0.89522399
-2.68514827
-1.61105390
-1.31408685
-2.42950487
-2.28997137
-2.34046195
-2.25520458
-1.40913118
-2.84685410
-2.88618963
-2.17548308
-2.75032507
-2.23605633
-2.38685820
-2.02932244
-2.18013029
-5.03158627
-2.37244726
1.29449370
-1.26969866
-0.31969675
-0.72663131
1.46175844
-0.32950838
-0.26933959
0.20424827
-0.49225868
-1.43655898
-0.35099922
-1.20035130
-0.58120943
-0.26061995
-1.12960636
-1.07007105
0.38479108
0.61906176
-1.00147729
-1.05334189
-1.72297181
-1.12731773
-0.53928781
-1.38028573
-2.14757521
-2.32171568
-1.62595014
-1.72425763
-1.70567634
-1.42565539
-1.51021703
-1.19609501
-0.03724521
-0.37116585
-1.80061000
-2.59578298
-2.19605806
-2.31899649
-2.59636790
-5.40015281
-2.82512315
-2.86829090
-2.51227898
-14.59773934
-14.38167439
-14.43950264
-14.36079754
-14.37591781
-14.37234072
-14.35053012
-14.39720782
-14.61575749
-13.57805172
-14.34018482
-14.54590990
-11.27949308
-11.12767009
-14.13202328
-14.78141057
-12.13888061
-14.58019383
-14.29700721
-14.61387236
-14.31559990
-14.41729003
-14.53459471
-10.64193127
-14.40435443
-13.51481509
-14.87528880
-14.41423492
-15.05096016
-11.19326273
-10.78560927
-11.55662864
-14.59890354
-14.59466959
-14.42635070
-14.70696793
-14.41473376
-15.01669506
-14.38836776
-14.91266591
-14.32885059
-14.65030610
-14.38138587
-14.41638986
-14.69648322
-14.98448824
-14.64481219
-14.37481427
-14.65810991
-14.41731262
-14.69212095
-14.54326505
-11.49468736
-13.50445050
-14.24389863
-14.50651621
-14.17822068
-14.09411374
-14.24692046
-14.45436374
-14.59193807
-11.17899594
-14.64938082
-14.19271688
-14.60721495
-14.49102602
-14.74409743
-14.20432363
-14.57962067
-14.67069483
-11.97512479
-14.36873789
-14.61357066
-14.29057154
-13.57030334
-14.36703615
-14.62928778
-14.35431698
-14.37800966
-14.63676464
-14.59759549
-14.02591481
-14.56928522
-14.63080039
-14.38035762
-14.36254466
-15.35470080
-14.58378166
-11.69585351
-13.73163050
-13.38232861
-14.66111839
-14.67705859
-14.66856437
-14.16170468
-14.84089221
-13.67446057
-14.38770588
-14.28872724
-14.23483539
