9.06490226
8.66620790
9.39604448
13.21732430
12.19009437
9.00529254
9.51728609
12.78309596
8.54469078
9.13507266
8.47520961
9.33720117
8.95521720
8.30346841
12.48237713
11.09829874
5.84027295
6.13083005
10.81560492
12.79890520
8.48177620
8.54861923
8.48896054
8.50568563
8.51445816
8.52984037
6.37324405
10.96532445
8.83795060
9.13754219
8.27424201
8.46353805
10.00149758
8.32439691
9.00334148
9.28616826
12.68400049
12.65635978
8.57249581
8.40166642
8.70089156
11.99517428
8.50811947
8.56024964
7.93624003
12.44642370
11.89181772
9.17692313
10.58383365
10.38738309
12.61371246
9.83358055
9.09892960
8.49732388
9.06240150
8.48515901
11.21412675
8.86344819
9.07749565
8.33437472
8.31951017
9.38567845
9.21697695
8.46947690
8.66619589
8.37510626
8.55381700
9.13435632
8.48031834
8.45100564
8.48279401
8.47950328
8.42559093
8.63134059
8.79905573
13.08759234
9.24958505
13.27038113
12.30706671
10.89198694
12.63108700
12.14058224
8.75722943
8.93908921
6.26574582
10.59211541
11.18399371
6.43170260
12.50488397
5.88337494
11.57938047
11.29099832
11.06932201
12.10704519
11.89655646
8.58989793
11.21386673
8.59284542
11.05679826
8.48611972
-2.69851910
-2.06556445
-2.53109058
-1.77805121
-1.90982077
-3.09375938
-3.21998095
-1.62003073
-2.02235762
-1.57538465
-0.71341848
-1.48593938
-0.92624394
-1.51446229
-2.36579876
-2.65094734
-0.74937323
-3.07760500
-0.96228687
-3.56057590
-1.42757014
-1.72406327
-1.34236821
-2.60957555
-0.94645887
-1.45027931
-1.24830670
-2.95228000
-1.28749235
0.40324612
-2.55847016
-2.24658640
-0.18959327
-1.82332692
-2.11096870
-0.53907774
-0.88227568
-2.25402368
-1.02523909
-3.16306134
-2.86324955
-2.32994440
-2.61043292
-2.50243663
-2.01629669
-2.72921467
-0.96404132
-1.98115177
-1.59463510
-3.79602947
-1.13881847
-1.43747165
-3.23692793
-1.47315534
-2.56099369
-1.48985366
-2.50577685
-0.65635579
-3.22145767
-2.45353028
-2.24930675
-2.25808179
-1.25186834
-2.45727210
-1.75475601
-2.54446934
-2.25231311
-3.46407364
-1.68282255
-1.48837088
-0.89166572
-1.29964088
-2.20713050
-1.83303118
-1.79287863
-2.26739067
-2.98275896
-1.75299611
-2.19528487
-0.72739214
-2.35384750
-2.44659573
-2.29771731
-3.13815767
-2.27004235
-3.17368525
-3.14595821
-1.08938231
-1.90575098
-0.80953038
-1.39688806
-3.07320321
-0.93178842
-0.94797300
-1.74008140
-2.66423889
-1.51180389
-2.28220182
-2.48901930
-2.63617574
1.71996164
1.54339043
2.84817487
1.49527790
2.60649486
2.62585886
2.71955101
2.16604688
1.13142094
1.11043779
2.37911890
2.22805235
0.77470896
2.26429896
2.15862421
1.79105668
1.40816686
1.00261783
1.25239056
1.11540861
0.55423337
0.66113893
1.78707564
1.16977118
0.16629424
5.07629865
2.52105854
3.66458316
4.44852740
4.44321619
3.95889023
2.91360347
3.31422652
4.18804947
3.15926352
3.41217402
2.93021833
2.07436222
3.32749295
2.78292215
2.53319986
2.73501336
2.95038981
2.08309393
1.18553930
0.93894198
1.07705946
0.70000145
1.31400504
1.42447161
0.51484674
0.91217559
1.13869151
0.72481018
0.29518387
0.12715768
2.60383576
1.86445397
2.10359758
0.20019310
1.92419969
0.81880732
1.20179720
1.86931604
1.26208777
0.42938159
4.56589400
4.60544815
5.16766314
4.62430857
5.02319663
5.08549654
4.90299888
3.85744982
3.81605632
4.38659267
3.44965973
2.50210367
2.71713166
3.03223805
3.17810251
3.54735908
2.91952056
3.16311723
4.13235847
3.75779656
1.69829313
-0.17499345
-0.12555373
1.09411769
1.07363502
0.99561737
2.41754634
1.04941464
1.29412105
0.34458602
0.92988212
0.30069865
0.46982468
2.34209867
-6.92039076
-5.62407573
-5.87937784
-6.24980001
-6.28946677
-5.72698375
-6.10617828
-5.55518531
-6.06800887
-5.70979493
-6.38354407
-6.27982539
-5.98578298
-6.16484977
-7.41105493
-6.68397341
-6.12689419
-6.75095317
-7.16493602
-7.23236477
-6.29777556
-7.14129647
-4.51871383
-7.31813873
-7.02068554
-6.66061289
-7.21774979
-7.20440470
-7.80149344
-7.51772367
-7.04313338
-7.13603589
-6.99469199
-6.99832647
-7.09188664
-6.26299793
-7.03058437
-6.97262084
-7.38671143
-4.89637815
-7.01396051
-6.99883843
-4.78819681
-7.09891097
-7.35909934
-6.12376329
-6.16125808
-5.82836148
-6.02810392
-6.07810674
-6.08436149
-5.48930106
-5.59698564
-6.59109488
-6.75523373
-6.58199687
-5.53995216
-6.63912507
-7.18065790
-6.86433721
-7.45534918
-6.67135731
-5.95935622
-5.70571494
-5.34824823
-5.34548386
-5.80190816
-6.05146844
-5.73825019
-5.43484666
-6.56281737
-6.43942975
-6.86180925
-7.23914965
-7.52287216
-7.54342438
-7.27058574
-7.61716365
-7.18537451
-7.20118424
-7.47693185
-7.36200760
-6.54004651
-6.64494619
-6.76082862
-7.05888952
-6.19034979
-7.00000436
-7.16825738
-5.72161672
-6.09684274
-6.78103399
-7.01462205
-7.05827274
-7.59411740
-7.08704363
-6.70779929
-7.23664132
-7.00369939
-6.96141958
4.17482377
1.91097526
1.91192697
1.69375215
1.99197755
1.90087191
1.87540166
1.96451048
2.76498294
3.55702507
1.82229305
4.03935228
2.22919098
2.08610325
1.84671806
2.93591344
2.05387590
1.80958032
1.98571175
1.92138893
2.75026272
2.57800780
2.02856489
2.12767794
3.50883219
1.88931314
2.07438126
2.91734720
4.21023744
1.96047308
5.00121613
2.01764665
4.40814704
2.96797955
2.10817268
4.68074369
3.04969917
2.05336530
2.81600362
2.12862304
3.22272884
3.10456319
4.56781356
3.48292760
2.96194903
4.95896291
3.89742468
3.34535477
3.48965723
3.61241423
3.62775938
2.39362908
1.91408708
2.80258195
2.78326385
3.33937592
2.04195766
2.01660236
1.80616702
2.43477039
3.94904755
1.89761942
3.75025241
1.94563766
3.54400309
3.39658529
2.26652952
2.48474014
2.00864533
3.33166387
2.03076756
3.46142306
2.39670062
3.01634422
2.01847324
3.09578172
3.05331368
4.31377016
3.68750304
1.96585457
2.85001106
3.40682864
5.07026364
3.19321925
3.36600563
2.12186983
3.33292302
3.67161703
4.29306893
4.45361586
4.62359081
3.16580508
3.86093406
4.87568003
3.89628764
4.30551854
3.81432680
4.17559079
4.68335472
3.75671310
5.59937529
4.47509037
4.65306761
4.78883954
5.24371621
7.31370223
5.64806020
5.36783398
4.11611489
5.50399472
5.60350626
5.66467231
5.44746596
5.59499131
2.68539437
5.80220154
5.43239498
5.46050119
4.46331239
4.01494140
5.14746401
5.23171604
4.23656877
5.63248755
4.13377288
5.40316131
5.69990180
5.27561573
4.25914995
5.28985462
4.73021001
5.17807843
3.69674520
5.10704922
4.62012912
3.53051836
4.69664135
5.22315298
5.37807192
2.96187001
4.96869745
5.20996979
3.19984571
5.68407263
5.30766138
5.45013047
5.23956485
5.42661322
4.30441857
3.40185474
5.18949127
5.10357016
4.71522542
5.37098163
4.11374069
6.28832767
5.41152736
5.58136902
5.64970346
5.86091537
5.19394671
5.44427065
6.00361161
5.36665938
5.50441768
5.45449938
5.09173617
5.16736418
5.98148129
6.79752079
6.85372540
6.96829580
5.95677237
5.27189894
5.17931145
5.24457055
5.19981020
4.76436914
5.19874378
5.74649740
5.11035171
5.34390481
5.23726498
5.24181527
5.47158316
4.15515596
5.23450479
4.78557545
4.98905705
5.24803008
5.21343438
5.61617361
5.35967678
5.25945116
5.36630701
5.12117111
5.44812512
4.54623000
5.76962202
5.52493217
4.02717839
2.28361715
3.75843327
2.23340727
3.57533428
2.78336957
2.34284970
3.48399187
3.98628846
2.50457848
4.24390754
2.74673107
3.95483580
3.54433245
4.25371205
3.04245857
4.62946251
4.07819283
1.60173846
4.50724114
3.58711430
4.46429360
4.04328958
4.17891801
2.76780271
3.06149126
4.73529925
2.09401697
4.05002883
4.27595269
4.31486805
4.81723259
4.26105189
4.42677467
4.74353828
4.31756211
4.64469009
4.43702168
3.42732445
3.92022678
4.96614679
5.22708303
4.60453748
4.97398873
4.88281926
4.98928333
4.82283393
4.62117236
4.44150502
4.52499946
2.97549447
2.31776048
2.15928290
2.26244955
3.48437527
4.13762848
2.81744688
1.46083048
2.24989192
3.18584586
3.25920633
3.83719159
3.82528720
2.57676374
4.39957326
3.93719953
3.72131642
4.22504986
4.09173667
2.23679509
2.77471302
4.52879311
4.40676790
3.90753006
2.78294976
2.80182868
3.99693024
2.62047476
4.19314460
2.62478668
4.21282140
4.23138436
4.72077126
3.72004839
4.78332104
4.17979071
4.18438759
3.58982507
4.29615067
4.58201748
4.77868304
4.24834220
5.35606687
4.29954969
4.25068316
4.50638424
4.92326821
4.18334609
4.90410486
4.87377613
0.05909378
-1.16342381
-0.05766635
-0.53940878
-0.00029872
0.14372063
0.36540269
-0.10786369
-0.05691610
-0.32453577
0.19557284
0.15754854
0.10760301
0.33392592
1.42145833
-0.29866553
-0.30241099
0.24503217
2.32952358
0.09495085
0.16657920
-1.16285973
-0.09856122
-1.23105151
0.04165410
-0.82910990
0.34986117
-0.03417696
0.14863495
0.13097236
0.23200128
0.03050679
-0.53915519
-0.17177645
0.27402604
1.61264716
0.55982947
0.64161700
0.67192476
0.19936702
1.40896915
0.50668855
0.51392897
0.46444948
0.11825421
-0.03728597
0.66746284
0.47596624
0.35487348
-0.89835404
0.25507168
0.13746031
0.13517600
1.96975814
-0.07071020
-0.51570985
-0.15218429
-0.41601051
-0.18428298
-0.33608566
-0.16786290
0.37200941
0.09267599
0.12812009
-0.63119257
-2.71487438
2.98763767
0.72135527
4.27118047
2.81133693
2.21853814
2.19926397
2.54634497
2.17369128
0.80949098
0.97140974
-0.14224192
0.96961447
-0.01022951
-0.89527982
0.69510096
0.90247581
-1.53361842
-0.01952790
-0.42242845
0.49690206
0.39486142
-1.23474984
0.00528673
0.25318132
0.34427443
1.42424818
0.19002688
0.99734112
0.30897098
0.41736106
0.09280105
0.31643086
0.28691493
0.39241439
1.99518079
2.84460296
3.34269835
0.82772502
1.19367748
-2.67070954
0.87464372
1.06238032
1.82867734
0.29971238
-0.68366697
1.47739986
0.84726117
-2.89173306
0.79671832
0.92687255
1.42383302
1.34626575
-3.06230949
0.89040929
-1.05080594
0.84399272
1.15817645
-2.86307049
0.81412254
0.55022444
1.09466970
1.05576834
0.75001477
0.77737681
0.88986498
-3.23822953
-2.28694695
-2.42279414
0.17898809
-2.99240643
-2.06499731
0.78636749
-2.00917618
-0.07836426
-2.58330487
-2.42155270
-2.70033560
-2.77588577
-2.41458481
-0.60304245
-2.93554582
-3.98764432
-1.96667953
-2.56746882
-2.42634241
-2.30641891
-3.16230936
1.34153942
-2.72648688
-2.39261080
1.86398356
1.78330488
0.80356185
0.86641846
0.97433764
0.68343564
0.86885974
0.71466925
0.85828278
0.90395746
0.46621255
0.46621255
1.93037548
2.10669883
2.95090341
0.56425582
2.44593384
-1.59933380
-3.20244514
1.50556911
0.83152043
0.61458650
1.18398127
1.41198056
0.69830320
-1.83943759
-2.88557560
-2.03810123
-2.87431645
-3.03898903
-3.00732736
-1.91765884
-2.16448550
-2.38127264
-2.49217448
-2.25010232
-2.38508469
-3.07540622
-2.46240265
-2.36915648
-2.32304057
0.62563067
2.67849176
2.05909956
-2.27483471
-3.05385641
-2.19638166
-2.07412784
-4.05399814
-2.36376151
-1.46787537
-5.73492914
-2.26661712
-2.40354588
3.09133116
2.33449623
-4.09177639
-4.10089420
-4.01815114
-4.19416546
-3.97164874
-4.09765804
-3.72957252
-3.85957078
-0.09847338
-4.15098521
-3.67142099
-0.25630524
-0.05317955
0.06319167
-0.53800255
-0.11902902
2.33681878
2.58146604
0.34197596
0.12073305
-2.26505805
-2.35809728
-2.02266890
-3.95918846
-4.47739413
-2.09121852
-2.40695912
-2.04652516
-2.31949343
-2.18141888
-1.93837451
-1.41734693
-2.25575151
-2.13649349
-1.92029014
-1.71244292
-2.30637621
-0.96067083
-2.29593879
-2.29929471
-3.30166533
-5.69450751
-2.95454795
-2.91128701
-3.25643174
-2.91724798
-5.53237893
-2.83652202
-3.11463411
-2.97122114
-4.03907640
-3.96999386
-3.83272062
-3.70319056
-4.00291510
-3.96434013
2.58522105
3.38810966
3.12836788
3.46697282
2.51790013
2.91405207
2.45731465
2.40119832
-1.98581204
-2.48457630
-2.57287889
-1.92740980
-1.77406181
-2.05811069
-2.07327047
-1.85853168
-2.03194341
-2.05464559
-1.57661869
-1.17425739
-1.19152603
-0.75884667
-4.37290170
-2.14799317
-0.94693819
-1.59249908
-1.71334904
-1.59671277
-3.98361989
-3.95766976
-4.07548680
-3.41077668
-1.76477240
-2.77371984
-4.17460806
-3.26682696
-3.27648589
-4.02326286
-3.13786483
-3.57693636
-4.09493085
-3.35533363
-0.37821693
-1.69497290
-1.67563663
-3.42676449
-3.15368015
-1.50300019
-1.57747877
0.25607619
-1.78850839
-1.38733624
-3.20265148
1.04372764
-2.10486876
-2.56955571
-1.79598303
-0.45051650
-1.70937842
-2.87374893
1.55786811
-3.15283126
2.50529983
2.93515376
-2.22901673
-0.03120152
0.76455755
0.58580552
1.27374590
-1.25840997
-1.25553533
-3.84191900
-4.02781322
-2.95369137
-0.20944990
-2.25386735
-2.37694052
-0.44132769
1.86126614
-4.35090696
-2.59919033
-0.74433025
-3.87923334
-2.35358431
-1.51248388
-3.11134806
-1.31637171
-1.73910912
-3.93116645
-3.16557638
-1.97685426
-1.41959613
-0.17983355
0.21777063
-2.66281030
0.73784032
-2.25549651
-2.20598346
-3.00482602
-1.92603827
-3.42630484
-1.85663541
-3.78742387
1.36407213
-2.22590627
-2.00487611
-0.99200669
-0.76567312
-1.79647662
0.41901515
-1.77928469
-1.28562446
1.03886297
-0.22240541
-1.47689186
-0.12597848
2.01119686
0.50432305
-1.52588143
-3.93410077
0.17643964
-1.27875262
-1.90336957
0.46957996
-1.26998474
-0.61734266
-1.57156579
-1.60807911
-2.00176948
2.01898756
2.30498659
-0.20211316
-1.06183916
-1.07378805
-0.87736850
0.39394166
-0.74929889
-1.02275695
-1.04178522
-0.85448724
-1.18221762
-1.05616540
-1.14062919
-0.84233883
-0.87392197
-1.33949218
-1.11740261
0.28999668
-0.87149699
-0.74887436
-0.47840256
-0.44449942
-0.55108671
-1.24119092
-0.66632397
-0.70702957
-0.07996423
2.39411514
2.34642166
2.36226472
2.36007943
1.95881296
2.51199867
2.44471549
1.92917308
2.60546175
2.64969118
-0.29840146
-2.49231012
-2.35756410
-0.88993303
-1.08475047
-1.70139119
-1.04333464
-0.53310298
-0.95464738
-0.72601799
-1.13531747
-0.33349006
0.34980370
-0.94580899
-0.40651959
-1.12911795
-1.27410111
-1.32242664
-0.89425995
-0.80343256
-0.70395430
-0.63802288
-1.22153973
-1.62091028
-0.92522616
-1.31936598
-1.18109325
-1.07336057
-1.07975202
-1.14027569
-1.31599982
-1.10842457
1.82867049
-0.51181912
-0.87336098
0.84204855
-0.95443142
-0.92686068
-0.36655560
-0.63838883
-1.13532200
-0.66376864
-0.78328737
-0.09802540
-0.18598195
2.06094851
-0.19718931
-0.23445934
-0.25822141
-0.47987288
-0.35133805
-0.67281224
-1.07334911
-0.44203888
-0.92897007
-1.32072472
-0.93947021
-0.36652937
-1.23253817
-1.53585296
-0.67283090
-1.25358254
-0.71736588
-0.80090376
-0.83234030
4.04783271
6.31378248
3.11233771
3.37840118
3.29277671
5.20658411
5.07434869
6.40580207
6.52724612
3.27386029
3.31047782
5.70344189
2.64222838
2.65197704
2.64136715
2.40393840
2.60008132
2.09382337
2.49274666
1.60064934
2.15361824
2.33070182
6.42382056
2.25482694
2.65012951
2.50640718
2.60841501
5.16376660
1.86288942
2.82694744
2.72358460
2.59096512
1.65777194
3.51322879
1.87579450
2.06376909
1.85907769
1.92152623
2.77528572
1.99768768
2.35189657
2.29616749
2.32624226
1.40438495
6.17394151
3.18467941
6.43407800
6.33167370
6.27556103
6.40298773
2.79275299
3.21166588
6.32538767
2.68926499
3.87388019
4.09010324
6.64583135
6.74835435
6.84225945
3.87602124
3.34339753
1.01603219
2.57749852
2.46474201
2.36749759
2.55180238
4.97426918
2.71624253
2.36412616
2.54101173
2.84307596
2.66478483
2.69475258
6.21889299
2.55758710
2.04930920
2.89012458
1.95605034
3.02479773
3.16568768
2.01810680
1.86339310
1.52763598
1.84353353
1.63833688
1.77979271
2.49722584
2.32379300
1.98739080
2.03636074
2.07317154
3.01344888
3.21011080
3.29504117
2.19770615
1.96791382
6.35092632
3.12292215
3.14125528
2.39494073
-3.11263380
-3.06712128
-2.80317891
-2.91251484
-3.00281261
-3.28086555
-2.92757109
-3.00289823
-3.07895309
-3.25160935
-2.49153813
-2.74105519
-2.86439628
-1.77339996
-1.60795967
-2.87455927
-2.59281013
-1.95842470
-2.04027748
-1.60492406
-2.73268944
-1.08059743
-2.82108520
-2.76229004
-2.47919182
-2.77619858
-2.80820177
-2.81939813
-2.81949931
-3.14550523
-2.99300688
-2.98027220
-3.02362108
-1.59023460
-2.28134318
-3.07059049
-3.27171506
-1.88116351
-2.97658079
-2.25742777
-3.03753226
-3.27877462
-1.98052195
-2.89191823
-2.17700615
-3.04534940
-3.05059084
-2.99501752
-2.98182396
-2.78598482
-3.11290665
-2.73792933
-3.17794495
-3.01319833
-2.76159753
-3.34404391
-3.36604409
-1.50735443
-3.02625684
-2.54902100
-2.72575765
-1.66951886
-2.74902273
-2.47856156
-2.21653537
-2.98856866
-2.17849852
-2.29252820
-2.60871660
-2.46867143
-2.39630688
-2.89377796
-3.05224504
-1.63956440
-3.17882499
-3.08731381
-2.86832936
-2.96523457
-1.99124619
-1.75081569
-2.89586550
-3.12382624
-2.92214908
-1.96930388
-3.23605600
-2.93805358
-2.76357603
-2.67550533
-2.66195037
-3.01453827
-2.03529512
-3.26193569
-2.93529981
-3.28051250
-3.04466126
-3.24432311
-2.75727561
-2.73445973
-3.00322771
-2.71459838
3.92021296
2.01315091
3.15319895
3.65096576
4.76773684
2.18028477
2.26790989
2.95834289
3.32361459
2.35183256
3.78616732
4.59743354
4.61412011
3.81564602
2.02249756
4.67179461
2.35572142
2.27615156
4.49275778
2.61702196
1.08749323
4.69325839
2.88062609
3.55120623
2.92345575
1.77116191
4.23412234
3.65358682
2.45153361
2.57332720
5.52932009
3.98430728
4.91609465
4.07185164
4.69467306
3.73062594
4.69305955
3.94781921
4.73415512
4.27048795
3.29264827
3.97240240
5.48773248
4.28185174
4.78678025
4.76631290
3.93628019
4.85924982
3.87337961
3.11264070
4.37543164
2.59542067
3.42733445
3.35985690
2.57941691
0.32905500
4.55420600
2.77338595
2.01206919
3.91509029
1.67333221
3.58086458
3.72429097
3.57334365
2.30671625
3.64020800
3.63949157
3.60235595
5.04252902
2.43135679
4.15544890
3.77959190
2.16816430
1.96754538
1.45001919
3.64687175
2.62873407
1.84513069
3.05129739
3.41300700
5.87125362
4.66891822
5.39053279
5.20107222
5.15877050
3.27088952
5.13414085
5.18834518
3.47140940
5.26245529
4.83536139
2.59729037
5.06861839
3.12036149
3.44810988
2.79280738
4.26647344
1.63514267
4.88787423
4.85008571
-2.37280597
1.40558994
1.83218231
1.88017743
2.43620483
1.97819202
1.49790278
1.66182486
-2.32367618
1.57332255
1.72168037
1.56817523
1.61621079
-2.45653138
1.66256590
1.66901746
2.34900439
2.28813660
2.31073897
4.15720466
1.67178125
1.10494218
3.35960411
1.73997642
3.23840324
3.31923679
2.97435037
1.97821301
2.15158693
3.07068425
2.49073040
1.46171291
1.55207704
2.12965370
0.64750190
1.53214983
1.58695283
1.53011985
1.56674603
1.48621012
1.59679178
1.58005458
1.66597921
1.47000684
1.83244699
0.37946949
1.76295524
1.79796026
2.08255120
1.89338924
1.64105830
1.99066895
1.62571814
2.05026817
1.73872019
1.74267019
1.79716695
1.92934127
1.18211218
2.97346179
2.65515243
2.58346184
3.24545485
2.79149930
1.59402844
1.70821685
3.18957060
2.98774515
1.79233427
3.10207590
1.92632497
3.26761926
3.22349107
3.16949543
2.43561571
2.11095360
2.31354765
2.47923651
1.60625047
1.66053156
1.59962494
1.65679499
-2.45574299
1.42966771
1.67291871
1.61054636
1.99517423
-1.01760033
1.40568766
1.45291506
1.38076350
1.48305378
2.63540499
1.52660299
1.54328970
1.37973127
1.43627344
1.14395802
3.07482306
2.34616214
-3.40989736
-4.24454527
-4.20621893
-4.27668839
-3.48393990
-4.58250930
-4.07252182
-4.37140720
-4.13959378
-3.94835996
-4.03448982
-3.46957946
-3.88132839
-3.88914408
-4.24395097
-4.64037727
-4.36039983
-4.23577592
-4.50893564
-5.55909880
-4.30362867
-4.26220079
-4.06530432
-4.17312126
-4.29304467
-4.12951484
-3.31453940
-4.56634628
-4.42256295
-4.59044320
-4.60249619
-3.08426395
-4.72409720
-4.32707435
-2.97609729
-4.27490866
-4.42068468
-3.63388795
-3.74410493
-4.46560667
-4.25114216
-4.17056583
-1.91493421
-4.29059812
-5.58586840
-4.92316054
-4.66995399
-4.56352244
-3.46491394
-4.11987736
-3.40246883
-5.21116516
-4.57119281
-3.88607928
-4.42772738
-4.24992415
-4.42533712
-4.47299545
-4.48789601
-4.32076901
-4.65530821
-4.21506436
-4.11354627
-4.50508928
-4.81057379
-4.22416505
-4.24517933
-5.39167907
-4.21625256
-4.52298117
-4.21645388
-4.70019264
-4.00611343
-4.23086144
-4.06894149
-4.08979211
-4.19700100
-4.59232151
-4.24922260
-4.24097848
-4.14118502
-4.06106179
-4.12356377
-4.20248748
-4.14667706
-4.35995641
-4.36007753
-3.96117283
-3.91360860
-3.84034537
-3.96928790
-4.75199892
-4.26488329
-3.96577102
-2.77921143
-3.81336173
-2.43486314
-3.37110208
-3.64845981
-4.25388917
-3.71915053
-0.98506991
-3.08115435
-4.34855238
-2.29685098
-2.36498861
-2.32072015
-2.39995655
-1.82614759
-3.31539190
-4.99600589
-2.29685098
-3.84002873
-2.65528372
-3.80639296
-0.98178574
-3.83605543
-1.41394782
-1.03708858
-3.18644041
-3.78538652
-3.33697900
-2.72666355
-1.22151876
-1.12294781
-1.92486594
-3.96277701
-0.90463158
-3.87922145
-3.83564408
-1.29576263
-1.61607757
-1.27990330
-1.31986743
-3.83789932
-2.79402414
-1.19228186
-1.21847365
-1.54827341
-1.74113471
-2.48915966
-1.94055848
-2.27480879
-1.64673768
-1.56099539
-4.52991207
-2.69262237
-1.63274391
-3.85885076
-3.21796053
-1.90625617
-3.88638753
-3.21593166
-1.76403587
-3.39374216
-2.43368397
-2.29685098
-2.01107723
-4.64260402
-1.76740799
-1.76577747
-5.00410331
-3.70136337
-4.79137111
-4.37603206
-3.70078492
-3.73702100
-3.13523171
-1.90634379
-0.97882455
-3.84535315
-3.80429283
-1.35706508
-3.81360941
-3.95674655
-3.84770588
-3.88586889
-1.63969884
-1.54278694
-0.98714450
-2.89839418
-0.68475489
-2.70733585
-2.70733585
-2.75190524
-3.10347707
-1.31198774
-0.70786369
-3.65779681
-3.65063354
-1.78405106
-1.75520347
-3.07865962
-2.02354605
-4.42202471
-2.16986201
-1.91859135
-4.28389363
-4.32858323
-2.04206053
2.34250450
4.85465080
3.42447517
2.30471530
2.92160525
4.79536279
2.27685699
4.69491414
2.34177836
3.86619258
2.35913020
4.31623408
4.10915419
4.91599797
4.12068917
4.50353492
2.28107221
3.74386153
4.22805964
3.97220216
4.75266960
4.68652922
4.36937046
3.81638333
4.51854183
5.01540714
4.17415908
4.23223072
4.48981802
4.62786942
4.99872781
5.13563877
5.28404908
4.67057416
5.12787200
5.19461337
4.71277937
4.49571931
4.72610788
4.70003459
4.61600207
3.89606738
3.11802905
2.61173887
4.68312330
4.69349768
4.18099087
2.78091191
4.11520621
3.92724862
5.54315546
4.46717958
4.18727856
2.27786603
3.65123737
4.26152121
5.03757926
4.78862793
4.49888960
3.72366033
4.05920922
3.82173903
4.46829307
5.83212681
4.77788646
4.55046392
4.00491282
4.69617409
4.60727657
4.77010830
4.64051127
4.99119677
4.48546824
4.20841255
4.32209622
3.95362653
4.76244700
5.28509594
7.05005383
5.26172476
7.35441014
7.32963307
6.76085361
7.56384411
5.05408452
4.76835097
4.55695104
4.25081397
4.93712179
2.89508387
4.08934831
3.70151825
2.20436460
3.88605021
4.00888803
3.88090495
3.87989952
4.49409843
3.97981498
3.67638479
-1.08834860
-0.17803766
-1.66694662
0.22987173
0.36150596
-1.01076500
-2.85016201
-1.13484475
-0.86400406
-0.93210891
-0.74634172
-1.00352978
-1.08215423
-0.82305979
-1.25515657
-1.27648183
0.47905411
-0.91349407
-1.10291781
3.55838788
-0.83808685
-0.95075512
-0.94188083
-0.85131354
-0.98171242
0.38395880
-0.98754682
-0.88292740
-1.16025078
-1.30078306
3.56064171
1.93428797
3.60270159
1.10835102
0.86054785
-0.91377752
-1.46361246
-1.59711655
-1.34565713
-2.26330648
1.06899323
-0.29215630
1.11470539
1.17133750
-1.19726240
-1.09914644
-1.45902439
-1.05933318
-2.77042610
-2.81552743
0.48728526
-1.18779742
0.39043966
-2.59403935
-0.81330790
-1.14864526
-1.04421481
-1.13201265
-0.99869260
-1.08526850
-0.96471929
-1.33929160
-1.22801329
-1.07145076
-0.95000389
-0.94296288
-1.33074373
-0.81211696
0.29663903
-0.32598571
-1.16333713
-1.10282126
-1.43497176
-1.36861831
-0.78565215
-1.33105058
-0.77693670
-0.77973947
0.41472102
-0.92606457
-1.23271151
1.16296091
1.00610812
2.55017451
3.72669464
-0.89877018
-0.24292834
-0.79080123
1.07465080
-0.94460642
-0.64835366
-0.89158446
-0.92933279
0.59290545
-1.29909839
-0.88772204
-0.48957790
-1.32180248
-0.84960791
-1.01173318
7.96666457
7.27459423
7.13170925
5.80856807
6.53189479
7.67089032
6.75893944
8.12669895
8.76695326
7.18913221
8.41477015
8.87347805
7.74845437
7.99006875
8.35551591
6.08772077
7.55123146
6.86513828
6.77200328
8.66428102
6.66314952
5.79013612
8.20405606
7.17719310
6.86667515
6.95185216
7.10180060
7.17408332
8.76239648
7.78260217
7.66734332
10.19375867
7.42965953
8.92904790
9.44961330
8.43787167
7.15629743
8.18377745
10.59664422
6.27710055
7.90655401
5.07006129
6.51626940
6.27044702
7.62819596
6.75780016
7.10003843
8.90355959
8.07288907
8.50664739
6.77918825
7.04650389
6.88819799
7.63630410
5.81317253
7.76735152
8.25763253
7.54573364
8.92238835
8.27687704
7.74337572
6.80866324
7.47558572
8.19113587
8.39433441
11.66308500
6.03279303
6.63982674
5.03003177
6.82946335
7.08395894
5.96955536
6.15456667
9.53336440
7.27991691
5.45310790
9.30339963
7.73384169
7.56734090
7.13357973
6.48860480
7.67008413
7.58939704
7.15869277
7.06115762
6.78236175
6.56264997
6.80391623
5.67049701
6.80042957
5.21994108
5.24237125
8.04378663
5.66827001
7.10454435
8.83114898
5.77668338
8.07105496
7.29819600
7.88987801
0.98381893
1.04127511
1.19827414
1.09589246
1.13013158
1.01617891
0.20242767
0.64074196
0.73470797
1.29749897
-0.62464277
1.76244684
1.80342480
0.99874360
1.52271202
-1.17950166
1.36491465
0.37773160
0.36303038
0.32226112
0.88539757
0.63944097
3.54626272
0.62279714
4.68840592
3.64004600
1.67697878
1.42469774
1.32458332
2.21688754
0.96170537
1.95682798
0.32136889
0.59183288
0.74274490
0.21367753
0.27318221
1.07960437
1.84241435
2.07799441
-0.21321401
-0.05076958
1.21986245
1.00877141
1.09119199
1.14871073
0.89483523
-0.52554305
1.25733354
1.87817861
0.91281761
1.13424487
0.28014472
-0.15649146
0.27366693
1.35372578
0.88228674
1.18737210
-0.66532633
1.13970743
2.05887692
1.23258732
0.74806116
-0.47449852
3.03008834
0.65654632
-0.01048797
-0.14947215
0.66100731
0.68362643
1.13166011
1.12046946
2.75937238
1.44609060
1.12835239
1.28364834
2.12004539
0.57284145
0.35481874
0.36726792
-0.26828509
1.90803077
0.62847255
-0.25162527
-0.90572757
1.79371181
0.18349121
-0.38031757
0.61751728
1.10147999
0.10328646
-0.97377334
2.26213808
1.27324496
0.81628377
1.08132412
-0.91349534
0.57508390
-1.23238170
1.01299099
4.71170421
4.28666871
2.48059781
2.72764132
2.50126778
4.08413992
4.83025714
2.77634648
2.80402014
4.17916575
4.02471679
2.26047601
3.86785636
7.17648396
6.95381475
7.29765441
7.45074208
7.24372819
3.70878545
7.14955181
6.49882923
6.91987391
6.49652154
2.40496237
1.77555320
4.42849572
3.56098439
3.53133085
6.33644941
1.67343504
4.10308404
2.65829442
3.15426244
4.19669588
2.82098272
4.99149999
0.74308761
5.93473327
5.58493657
2.29112656
4.31630549
1.90996809
6.62648578
3.90304181
4.32368637
2.31984795
3.40419346
4.13898478
3.71547357
3.06264434
4.87738030
0.49129901
2.51224603
2.84718981
3.47549659
4.38875712
2.27867301
6.99266840
3.03734941
1.99846005
3.65700721
2.35634137
2.69694670
1.82581556
3.96954861
4.11255764
4.22309865
0.23923280
3.50964313
2.86016194
4.95273513
4.76701452
4.85520402
3.18295533
4.41400699
4.61813044
2.88857177
6.29229375
4.82776497
3.82015921
2.11327621
3.94088182
2.80814529
4.06847073
2.35657342
2.42630427
3.51819009
1.85573584
2.50923858
2.46045999
3.69078725
2.78536086
2.64399844
5.10062221
4.00553735
2.11245452
2.31026640
3.74258525
2.25535451
3.78548787
