10.03947736
8.71872257
9.44745681
8.84219085
9.71411150
9.67545850
8.21644386
9.26717778
9.59418635
9.93460390
8.77672853
10.59723123
11.26452877
10.40923059
10.14956376
11.64214632
10.26215970
10.16715159
9.57126021
11.85607185
12.15698404
10.38905905
10.79509223
9.87631399
10.50306054
8.39148297
8.90199418
12.44145143
10.08942925
10.47121199
10.57105742
10.93335820
8.71038338
10.54515514
10.11168482
9.78831045
10.95190324
9.63231754
10.88080652
9.52005442
10.49119504
10.21874308
9.00517193
9.31598051
10.82726722
10.49925974
8.83147287
9.74320200
9.36831785
9.39793774
10.13839792
8.74603724
8.40465881
10.47955511
8.22114431
10.88161886
8.21963833
9.59202565
8.41508002
10.99270424
8.24805170
9.65836255
8.91697820
9.73771712
9.40666626
10.14053271
11.89129505
9.14706280
11.17100810
9.56061772
10.89958583
10.29296227
11.51116432
9.22019315
9.75244549
11.31078431
9.12475799
9.64164208
11.97701290
9.79277733
9.48082771
9.73060033
9.35978110
11.10462371
9.63260870
9.35673212
11.29085143
9.23456612
9.57625437
10.04457234
10.48858901
9.90986351
9.43158419
9.02445133
8.70626253
11.00737339
9.77384744
11.18033744
9.47299287
9.30527517
8.56396227
8.50465517
8.00177971
6.50104564
7.52610382
8.63752114
9.07592003
8.11019824
9.45838798
7.84713958
8.64923571
9.72927989
9.19500880
8.60014398
9.35966935
9.33444595
9.57722888
9.49529780
8.81136848
9.88069933
8.51372460
9.51045131
9.57934370
9.92370644
9.57047295
9.57753968
9.95330135
9.71710365
9.83413056
9.33529023
9.30204249
6.80227642
9.27853577
9.03963012
7.06622309
7.00496045
6.33195654
6.89208025
8.72710900
8.10302379
7.99857742
6.30445112
7.30336442
7.57052287
7.34578167
7.60639474
8.31556585
7.00399147
7.03151454
8.41978838
8.82780015
8.77308104
8.22310532
8.56987132
8.72105943
8.07348235
7.89226955
8.58852766
6.22635904
8.47302836
6.11155949
8.49260746
8.37965566
8.95124731
8.77945824
9.15709721
8.99572441
9.17941308
8.83338142
8.08988304
10.24270125
9.51083371
9.74097907
9.75383008
9.82884807
9.84284867
9.19972632
9.13831854
8.77882504
9.37529196
7.36133467
8.76996248
7.06185147
6.97966932
7.24746065
7.83836072
6.51167544
6.26631602
8.39689956
8.49594617
7.38628422
7.03991448
8.50196392
8.68171112
9.12231217
10.05675510
8.79369204
10.03276345
9.47349356
8.46268112
3.89464238
4.43691476
3.29025273
5.17107548
5.21240721
5.77181659
5.67295660
5.57083243
4.55608245
4.29412225
2.52105284
4.57762791
5.12201715
4.45753938
4.18168348
5.15306359
3.87173855
4.67416261
4.80015421
4.07199884
3.88084608
3.35959822
4.54655127
4.22921066
5.37681781
4.85117649
3.95049988
4.80034351
4.03605041
4.21351451
3.43606293
4.12887209
3.98639388
3.96979750
4.34964559
3.92677042
4.00901715
4.46251528
5.24994494
5.57511714
3.57247614
3.93518325
2.29784843
3.76661419
4.72471012
3.13373863
3.71712998
3.17765909
2.64987962
4.08878098
3.84643759
4.42077272
3.93719728
3.20295219
3.73365574
3.91802354
3.76558503
4.54948586
4.13478843
5.63584952
2.54294797
4.66969943
4.71265100
2.81210070
5.12344182
4.29297836
3.29681155
4.86483854
3.22749641
2.73371579
3.95276969
4.17593559
3.26109577
5.39970135
3.96913039
4.50469183
4.63830973
3.73011739
3.32576721
4.16295950
2.89272717
2.59127800
3.35048344
3.83847590
4.65442422
4.29005932
5.19471150
4.97443938
4.95765233
3.42144714
4.00160990
3.88475412
5.36117395
4.59446801
5.35939219
4.05741208
5.32646471
4.35283704
4.51790295
5.78688520
12.84050858
10.96678916
12.22112400
12.50222912
10.99341834
12.12598388
11.40815221
12.06475559
11.34544676
11.56869953
11.46128072
12.01405204
10.36351590
10.16498609
11.59098403
12.18787438
10.30135217
10.21046360
10.40778393
10.30102774
11.31071693
12.03781815
11.00989733
11.31062064
11.60658795
11.23168409
11.78245012
11.56969728
10.90244668
12.01214054
11.16494687
12.16441954
12.26884833
11.07574141
12.31778172
11.49968057
11.50949290
10.50587971
12.06057781
11.66231850
12.53461045
11.50823078
12.12492950
11.14719481
10.31777257
12.49495172
12.07759963
12.11656352
10.46535606
13.07378441
10.58249945
12.14950001
11.34713398
11.37784509
11.72772038
11.28349610
12.17236888
11.42920587
12.27093361
11.29025942
13.06975004
10.90480699
11.76970694
11.83239432
10.24518523
11.94466642
11.12209289
11.26689258
12.34847020
12.50123497
10.87958186
11.58759690
11.52528222
12.40781860
10.35112655
10.61007515
9.67565647
11.68906918
12.32687397
10.44910449
10.43350982
11.41332248
11.41967604
11.52581355
11.35466928
12.31768963
11.83784385
10.34962073
11.37849141
11.74735221
12.24647371
11.60207825
11.47295576
11.84508156
11.16494305
11.99060945
12.61532771
12.52620217
10.44607431
11.05613800
4.28639807
3.95226333
5.70001934
4.82840347
5.32041082
5.13696808
3.86821084
2.50823748
4.86156441
6.94833060
4.97587091
3.17025510
3.31899004
3.95161235
4.61551063
3.22386223
6.10320577
4.86242684
4.42836319
5.11757254
6.97189933
4.49161959
5.91186973
5.94585777
4.21571741
5.13830914
5.30431317
5.69973109
5.16960446
3.75078272
5.64183712
5.55811819
6.12765257
3.26758753
4.27778996
7.93275235
6.64491997
7.05497852
5.61439773
8.02599584
7.60727716
4.92945435
5.23009698
5.03323967
3.18592983
8.03219680
8.79342996
4.55056282
5.24257749
5.07314557
5.22331321
3.86207534
6.81804944
3.90918656
4.69034175
3.91550799
4.85326823
2.54064161
3.50545384
5.74514898
3.20974233
4.71950721
4.52206254
5.46218636
4.03098636
4.75243054
5.69670393
3.78820008
6.49422984
6.49422984
5.29277173
5.15600497
4.60710872
5.11267619
5.47483126
5.13750502
4.67330978
5.26580310
3.84921314
6.90341671
7.32957161
5.11436735
4.38268376
6.01769871
4.18547151
4.35327773
3.56786389
6.53009375
4.31073680
4.57163639
5.37705257
4.31713491
5.20251257
3.74352698
4.50396275
4.48723267
6.50217894
3.56179129
3.56179129
2.63976263
-5.81539403
-5.17200875
-5.45889662
-5.15669427
-5.62559517
-3.83743462
-5.30090874
-5.20012072
-4.57645749
-5.25453761
-5.07692735
-5.37930624
-5.84119492
-5.39169680
-5.40696967
-5.53560003
-5.51217941
-6.02610743
-5.04638068
-5.45808795
-5.28991808
-5.50937541
-6.80470372
-6.18544533
-5.61724260
-5.23922161
-5.66357068
-5.16631834
-5.74054659
-4.88171580
-5.35522463
-6.12868334
-5.16589192
-6.31457291
-6.02449864
-5.89667409
-7.00791642
-5.82118155
-5.42179102
-5.68749577
-5.47333052
-5.72473671
-5.95595280
-5.12068322
-5.35156340
-6.92392743
-5.25661428
-5.39734430
-5.75496738
-6.59216243
-5.01418318
-5.43362909
-6.04551205
-5.50293614
-5.10657886
-6.11891282
-5.78522533
-6.04726710
-5.31376607
-5.62886531
-5.12589034
-5.41822601
-5.39113615
-5.50341203
-6.18800994
-5.02332766
-5.16459090
-5.02521130
-5.30118630
-6.47512425
-6.68686536
-5.04201115
-5.92322841
-6.02653074
-5.43984108
-6.26976982
-6.05201042
-6.24502659
-5.46176364
-6.16939279
-6.21931358
-5.41968786
-5.82871557
-5.94897839
-5.17649350
-5.94741597
-5.15928854
-6.37226774
-6.07323962
-5.71918791
-6.21204533
-5.86005357
-5.95425709
-6.43023751
-5.63208514
-6.01774145
-5.78928551
-4.86573647
-5.43569576
-5.88283268
13.85386224
14.58589099
14.26416251
15.20397050
13.57668545
13.63036910
13.70310552
13.15015483
14.60060343
11.65914397
13.74113880
13.10963091
14.51662077
12.86971821
14.51567996
11.32989576
14.01640289
13.82077510
14.24558434
14.77452813
13.82467022
10.73964740
12.71705765
13.47148659
10.72695940
14.04092509
14.03696695
14.09778908
13.42562350
14.20383912
14.11646085
13.06387021
14.84845602
14.20633672
13.58713304
14.26948233
12.74360764
13.94300021
13.54588323
10.85953772
13.79314252
13.72706862
14.25832467
13.22754691
14.34063758
13.30270513
14.02805743
14.14046546
12.81666716
12.90668900
14.59417479
10.06898844
9.19696857
13.98324203
13.97355773
14.32021686
13.88012278
13.76624712
13.85272982
14.63013211
14.03194911
13.21052556
13.91244448
13.76569231
13.24944191
13.51428664
9.71896461
14.54354526
11.32913180
13.70810442
14.21220931
14.04669319
14.14396199
14.70639544
13.91391682
14.00276276
13.51921205
14.35350996
10.69266507
14.33008572
12.78311567
10.58707249
13.76893165
13.68335813
12.17263579
10.85448061
14.33479765
12.79664645
13.39575070
13.71671057
10.78244349
14.31851294
13.18917261
13.12677074
14.04777522
14.18845756
13.67437148
10.70177973
13.86350319
10.25715878
11.72830107
13.76435732
13.06328139
14.34718580
13.11948484
12.77831786
14.39106190
13.61298391
13.00481740
13.43988746
13.95272838
14.01824639
13.94929460
11.60379582
12.42196037
12.25295829
13.38180833
12.12987733
12.73847853
11.47881229
11.01457873
12.01680872
12.66117377
13.96303675
14.43530051
13.40021195
13.28506829
13.83619798
12.29203705
13.41610206
12.54234494
12.68332235
12.93741366
13.24776891
12.90047848
13.03617394
12.00980662
12.05011528
13.16692819
12.66690528
12.43610808
12.66383445
12.52341840
13.51179558
12.18425295
10.87799040
14.11220823
12.62582978
14.21593271
13.81575079
13.82965207
13.42312486
13.95301908
13.45856609
13.88794515
14.11821364
13.44945632
12.98184381
13.66505563
13.18847285
13.12287374
13.55221153
12.91155527
13.36156221
14.30217276
11.29341069
13.06998457
12.68678571
11.78210611
13.39423187
12.45498021
12.01827863
10.93450924
12.44842544
13.07377247
12.25536058
12.98533688
13.96757216
14.19448705
13.24787975
13.08570710
12.48682870
10.78166101
13.01385819
12.93555080
13.54160402
12.71522497
12.66330243
12.42560012
12.79012044
12.46661750
13.16116201
10.53043313
13.35458161
12.40927940
13.99775870
13.07224953
12.35127196
11.90587868
12.93329055
7.20214368
6.76465324
7.17484205
7.46096457
7.48688550
5.69043595
7.32058818
6.10150701
7.66217054
7.04055822
7.30977262
9.08023150
8.06118617
6.42457058
6.20088118
6.30719063
6.76897103
7.22201333
7.52055806
8.58237906
7.83484492
7.30868384
6.14621622
8.72014345
5.30176831
9.32984292
7.29847341
6.67811775
6.84598501
8.73514397
9.02593215
12.17494281
10.91135794
12.29858197
12.03998870
11.71855777
11.73401369
11.92377914
11.66608710
11.91903091
11.45796221
8.82597554
8.84915325
7.42545901
7.43822896
8.88562990
11.06924652
8.11429955
9.32135969
9.24071162
8.78823638
11.89609825
6.18364847
7.16833005
9.25685894
6.41454819
9.12900635
7.75522954
5.22380880
7.05827566
9.08031097
5.55426254
7.64793130
7.64752802
6.00685131
5.97557319
6.87819274
7.44563698
9.27374097
5.90086164
7.28674764
6.93607195
7.33011996
7.58915286
7.06929718
9.44554761
6.24364676
9.53947475
7.44712744
6.54251633
9.02532912
6.06599228
11.32121340
11.56818900
10.45903127
8.14841832
9.53694651
9.10686601
10.13832582
7.94569803
9.62053608
7.69419981
7.10209144
7.88773263
8.10798591
8.37602962
7.59883982
7.11343056
7.21283317
8.06404514
5.00389098
7.49280061
4.09517055
7.23287704
4.73133801
6.55299245
6.75004128
7.68357528
5.42016315
7.15022456
5.01662530
7.39631972
4.94442692
6.55811108
6.10092861
6.03094426
4.97830754
4.94370146
5.30401554
4.94707581
4.97363921
6.36335635
4.89613542
5.74247496
4.52777824
5.64250501
7.45391977
4.83973708
4.88603054
5.22248387
6.25182264
6.71544397
4.69277903
6.51929578
5.17171812
6.00034343
5.15114137
5.30040892
6.45349795
6.03449089
6.75536974
6.82388713
4.41847146
5.62987850
4.83257035
6.30642946
7.39323031
5.36588348
4.27429974
8.15648322
6.98705963
7.97511290
4.90126378
5.83827011
5.98136104
5.10968384
4.69143750
6.31055906
6.00244486
4.79325958
4.75209664
4.67180498
7.29569122
5.00994474
5.36618791
5.79244146
5.16831415
7.96978635
6.42957925
8.77785394
6.87523943
8.00008626
5.43715618
4.69590658
6.69490939
5.11076241
6.15275356
6.39367188
7.59890576
6.16934060
4.75734231
6.01612141
6.18609673
6.17528365
5.97417784
5.98544726
4.71525153
6.52086916
5.04444359
6.09922926
6.00112336
5.87206635
6.19858097
4.95744814
4.83123639
4.42675240
6.48710807
4.89281917
7.21568259
4.58200181
0.35669390
-2.62869590
0.58461519
0.06830254
0.41826158
0.49938198
1.02012693
0.35054793
-1.93501742
-1.76731110
0.16045545
0.77567417
0.03013421
0.12932284
1.14598785
0.60228537
0.10572633
0.25073012
0.10919956
1.15749111
0.17950708
0.46940637
0.66395773
0.81930722
0.34453231
0.21368683
1.04214485
0.18855256
0.15553327
0.14460965
0.54928033
-1.73101838
1.19338890
0.38632183
0.51419995
0.51567503
0.37116464
0.58989008
0.51386109
0.70124672
1.35396590
1.49297035
1.17413626
0.93984432
1.30076961
0.88901617
-0.18307763
0.92576071
1.00377954
0.70838755
0.16223893
1.09217925
0.61887297
0.20381637
0.34864847
-2.10735782
0.23533327
0.11548950
0.24408395
0.97868667
-0.16477750
0.07516667
0.00124768
0.75280077
0.60000606
0.30369918
0.65415283
0.36657311
-1.63777874
1.00295042
0.62458976
0.94739377
0.70482526
0.19994605
0.86987937
0.73533942
0.63447889
1.07684689
1.21279572
0.56158243
1.31340160
0.64076565
0.57253890
0.50462736
0.76257835
0.48041149
1.53980706
1.08223484
1.01959326
0.79430922
1.44095739
1.13616142
-1.23043074
1.37208410
1.04807043
0.40179297
0.50906939
0.86391419
-3.47277522
0.70606780
3.92401930
2.76861144
2.32233843
2.18053602
2.83475660
3.55400886
2.29318147
2.34922593
6.92036969
4.73026274
2.74770731
3.48459273
2.70252017
2.66758873
2.71659778
3.62803156
1.94384815
2.64406710
2.80065058
2.90335662
2.12093363
4.43834013
2.94651729
2.14005038
2.58463443
2.53281604
2.72989091
2.84043850
2.08664894
2.32235846
5.27148622
5.91266986
5.95527614
5.64244717
5.35268846
2.14129329
4.54272679
1.96819548
4.24565878
2.64528651
4.23762881
2.15530474
2.55346351
2.33955849
2.68718085
2.64304486
3.80295716
2.65120846
2.74064949
2.06215606
2.02280066
1.81639791
2.55623492
2.40379051
2.49295035
2.08008102
2.30699588
2.68811541
2.72002295
2.92593380
2.07220197
2.65148016
2.65825148
2.57772328
2.90486756
2.92934912
3.88931414
2.19103711
2.79592979
2.15798356
3.32982484
2.08913653
2.24370156
2.69459469
2.73675980
2.02777144
1.90240784
4.64581546
2.59983571
4.40268683
2.29392144
6.59621581
3.23832080
7.28197045
4.76570998
5.49346960
6.55323593
6.14390827
3.45095538
5.25675975
5.76598949
2.28553697
2.18135643
2.27741197
5.28033079
2.58204194
2.89160692
3.81189587
3.43737804
2.45270309
-3.35954661
-3.99757590
-4.97459427
-4.68207174
-4.10757602
-4.04468846
-3.91592842
-4.35822240
-3.92391667
-3.96706169
-3.39802663
-4.35007171
-3.57934388
-2.62159060
-2.51295061
-2.35096420
-4.01867190
-2.61609393
-3.36649722
-2.40758077
-2.94577951
-2.32867689
-2.07983014
-3.66852258
-3.92660884
-4.57874877
-3.81643755
-4.69369497
-3.77832331
-3.72267671
-3.57147944
-4.60615689
-3.94935057
-3.62811279
-3.57677051
-3.67146281
-3.08601113
-4.48046050
-3.78705181
-4.95103760
-3.77203674
-3.47113480
-3.95899824
-3.17727749
-3.98954899
-3.86879065
-3.89409007
-3.88461439
-3.68410408
-3.76508562
-3.84304755
-4.22766835
-3.64513497
-4.52328850
-3.74170534
-3.77438887
-2.82869991
-3.98549278
-3.66129961
-4.29119242
-3.88282560
-3.87803630
-3.84609645
-4.02391839
-3.35428007
-3.85360586
-3.00354277
-3.93312511
-3.80010593
-1.66475713
-2.28752995
-1.54012428
-2.22217388
-1.92321819
-2.42990498
-1.70329220
-1.36829689
-0.24630364
0.95374579
-2.51415293
-2.67458069
-3.82868786
-2.70061950
-4.74512959
-4.06654729
-4.74617479
-3.83614957
-4.07354315
-4.02537325
-3.62048724
-3.93736096
-4.01302953
-4.37971317
-3.99913789
-3.78443407
-3.78898374
-4.71328779
-3.68205678
-3.85534669
-3.61828021
4.52250705
6.19126282
5.25413606
5.25024023
4.68831877
5.21985492
5.11248521
4.94147769
4.51820203
4.11943486
5.33736034
4.46264805
4.98694509
4.97607457
4.79890369
4.46249520
4.70551105
5.37709262
4.98730991
5.02069077
4.97715893
4.75048289
4.37872718
4.66648810
5.14295803
5.17517591
5.37653701
4.54002481
4.73735149
4.53256052
5.49790368
5.70595564
5.42976873
5.31334190
5.30198319
5.80502524
5.11509674
5.24975873
6.27192393
4.89581882
4.35923795
4.63872435
4.74586960
4.30603440
4.91218809
4.33791934
4.95606355
4.42215926
5.08499137
4.46212640
5.12821249
5.08430828
4.91177287
5.19829371
5.55650616
4.70368467
4.61312068
5.12978421
4.93083402
5.17754045
4.71819491
4.76942711
4.58777739
4.95253452
4.46398525
5.50093601
4.10913889
5.01275967
4.51853955
3.62357312
4.67175863
5.44717910
5.25424180
5.93616630
4.71924296
5.12334482
4.99278131
5.78190172
5.18375152
5.72722863
5.99365958
4.96223168
5.81164772
5.07743975
5.66513692
4.88364216
6.64562060
5.91664110
5.97026875
5.92474509
5.37309321
5.29609268
4.55088138
4.55458969
5.07055149
4.54123649
4.57610605
4.48020908
4.51429828
4.05770026
4.76666955
5.05962267
4.72196128
3.82276324
5.39318830
5.30765207
4.07626597
5.51150841
4.26584394
4.31509059
4.60821227
6.89051063
4.86007849
5.70014500
5.94068717
5.03569512
6.04776072
5.17606482
4.77829602
5.57436214
4.59464355
5.43498241
5.73525384
5.05061236
6.03015760
5.55226344
5.26542654
5.26271531
5.26992078
7.44253628
7.54128172
6.67159106
6.48773199
7.62041524
8.05347046
6.43434875
7.78741099
6.79232921
5.55422486
4.43947172
4.19058030
3.50450932
4.08974142
2.18964264
5.14255087
4.64621671
3.70731059
4.70127607
4.28224754
3.96632829
4.57745146
3.99529093
5.47830467
3.96242688
6.35776182
5.55007138
5.24808235
5.67701759
5.76825275
5.08689959
5.13607155
5.64015244
4.16317827
4.79219655
6.13183678
5.41814815
4.80222541
4.43835429
5.35380386
5.40414188
5.73572414
5.78138949
5.13557026
4.01766926
5.76920485
6.72125551
6.64426065
5.50021979
5.38183363
8.02283074
6.52072567
7.10832790
5.86191758
7.84497605
7.69855628
7.34348315
6.84844242
7.59983110
5.88969585
7.15381427
8.22348979
7.10511550
8.15131039
7.50606815
2.48714306
6.42483756
5.21715672
5.45013453
5.43749924
4.45284078
2.78817660
1.25569964
2.88163539
1.62191354
1.61482898
1.83674239
3.69355841
3.94149939
2.94642613
3.46473121
2.81087590
3.74442485
1.51690004
2.72112479
3.24016417
2.96969217
2.67361063
2.79668186
4.38674972
2.74481585
1.93798354
2.48641198
2.11094406
2.29230901
2.72598835
1.95983135
3.68359447
4.99105451
6.27805165
5.69906961
5.49678047
4.46686286
4.74368883
4.44518679
4.41378445
3.99707798
5.05166057
3.09111585
3.12141032
4.85245572
2.81070122
4.05802151
4.35341056
4.33513070
2.12493326
2.96960780
2.35306667
1.98864110
3.61993854
3.68983982
3.00095981
2.06851576
3.02766934
3.61145395
2.39408197
1.86740460
4.29289068
3.47561044
3.75352987
5.32209106
5.19753918
6.17432006
2.73139542
2.41328332
2.79690624
2.98049798
2.57679746
3.77834179
4.34221023
1.91823110
2.69568269
4.20653965
3.48111343
1.69095690
3.48174882
3.69046820
1.81086873
3.33771564
2.86617521
2.76156603
2.60049026
3.25535910
3.22634112
5.27444356
1.30962330
5.13108721
4.86494802
3.41290931
4.02028626
6.69292773
4.21460995
4.90614270
3.06626919
2.86478712
4.82511761
4.17680741
0.74358637
3.83640080
4.00861082
3.03999583
5.89801190
6.12439083
6.39996149
6.24727323
7.75285264
7.21093005
7.02218646
7.28819539
6.98446326
5.79684459
5.65969665
7.15403140
6.87929747
5.69231351
5.75033647
5.50099879
6.88244583
5.67779592
7.48722500
5.15906102
4.49970971
4.76895304
5.72246321
6.36347754
5.06381533
6.68834681
5.28176595
4.70856853
4.36034486
5.21457723
5.79150375
6.34028102
5.77787249
5.94797869
6.26345784
5.08425847
5.71776090
5.17829306
5.87001981
5.84019003
6.27703839
5.29842799
5.71719944
5.48076860
6.18246017
5.17257648
4.89149264
4.39080226
5.48181381
5.59027991
6.51350638
6.76111522
6.10312071
7.01211237
6.08270885
6.15992390
5.65883911
6.81620131
6.53073981
5.98229201
6.02203449
5.82156149
5.86426610
5.28687152
7.30257669
5.82506660
6.24382614
6.07344587
6.02766721
6.06617513
6.64492465
5.63237756
5.59697824
7.16428782
5.44773717
6.82698865
5.68489738
7.10233245
6.38993253
5.06590016
4.33726937
5.43397348
4.84050158
5.70957309
4.50958243
5.07134336
4.35004189
6.14960231
4.31098731
6.45621575
4.29360555
6.36853669
6.20272849
5.47585124
5.55668699
4.83273675
5.58610939
5.89279691
5.25119584
5.12678509
12.02733395
11.73816603
12.35117316
11.40990064
11.17845672
11.93732786
11.34574340
10.20491658
9.65555593
9.80710238
12.16088184
11.97143415
11.14528547
15.13830694
12.68009086
11.30948105
13.82322290
12.73934435
12.58412962
12.10143635
9.36844876
11.25350572
10.25462825
10.14223015
10.85413174
9.24454565
10.56996103
10.37416581
10.83776718
10.27399006
13.06260611
9.93658717
11.24598320
13.19472552
11.88431610
12.12342073
11.26391556
11.50566645
13.48259496
10.51298653
11.40363665
10.76847411
8.51571367
11.58735148
8.72091067
9.73966928
10.37139946
12.13099114
11.53007212
9.17746586
9.62219223
12.39481344
12.37590921
12.72020100
12.47601530
10.84297012
13.74212103
9.49455431
14.09123834
13.49314956
10.61445877
8.96085356
11.00991797
9.17766198
13.70161111
12.17376605
10.36688169
9.93775272
10.57792391
12.08770797
8.92830755
12.63945676
10.59425247
9.34701050
13.16673051
9.67780368
9.15874747
10.90295643
10.05837596
9.07072705
13.19646111
11.70253095
11.13494699
9.89209447
12.51542259
10.78513456
9.15508672
10.78148608
13.16731108
9.32017607
10.61142113
10.92382909
12.67945907
9.42646778
10.61082508
10.28786774
10.45210198
12.78362944
11.81224488
10.02245618
6.83788774
7.15819004
8.58028703
8.39184196
9.01293377
9.04302271
9.04453783
8.78365144
8.80782837
8.71026785
8.22090639
8.51339429
8.49690434
9.19505423
8.88771180
9.08834617
8.45844186
8.51794755
9.73114601
10.03150451
9.50287824
9.09055949
7.70396393
8.45143353
8.00925617
7.95614746
7.29583008
8.07660124
8.41486545
8.11025075
8.22975922
7.52736272
7.67398804
8.22762115
7.61540588
8.34279503
8.29785741
8.71413109
8.18655736
8.40792911
8.32250996
8.25260134
8.46009615
8.37859480
8.97575895
9.26034871
8.43446130
9.19191629
9.37210178
9.24416164
8.23279470
6.92872256
7.95226532
7.70414494
7.53351882
7.75559258
7.36640247
6.95407569
8.14219350
7.39593420
8.36753194
8.47176747
8.20911173
6.80207365
8.53857556
9.66763041
8.59510907
8.60252872
9.29682892
8.20986417
8.50014667
8.69240427
8.28333407
8.12421997
7.43113004
8.66660865
8.25592189
8.09338001
8.54104708
8.30581528
8.14474517
8.32415630
8.25783886
8.46760958
8.60649846
8.21630499
8.84462663
7.38270040
8.61902174
8.18691022
8.02795201
8.10014728
8.28506734
8.00445222
7.93330990
8.16715973
7.99938547
8.24022722
8.22283425
8.23808738
3.81959051
4.00332827
4.54869781
2.34893513
3.90041350
3.48616540
3.10194480
3.00553610
3.63991889
4.49630918
2.19733465
3.87293114
2.93958987
2.45664949
2.64607636
2.04004651
4.36584631
4.03605369
1.58700097
3.81736566
2.97408598
3.98698373
1.48163122
3.38900478
4.38056646
1.66399261
1.28528654
2.61368367
3.20890396
3.69677437
3.28934609
3.28150367
2.92644390
3.07645140
3.02395511
4.13100058
3.95761377
4.01528200
3.59299625
2.97955752
2.25840376
3.24613807
3.22744977
4.30825474
3.19209110
4.22560632
3.97767270
4.18455662
3.11854792
3.21797038
3.07897684
2.25095016
2.36954195
3.41641611
2.99537787
3.08297069
2.99923587
3.34407221
3.11588083
3.91493925
3.22398801
4.00115873
3.98635234
4.43035849
3.37038897
3.22229202
3.23981372
3.13382428
4.01232785
2.17765498
3.95446253
4.39673648
4.04688456
3.06628986
3.93208556
4.07091914
2.73308537
3.80277832
4.10958570
1.50416351
2.77283583
3.09663451
2.74440380
3.75424789
3.03406059
2.26384057
3.80457292
4.09360769
3.55434388
3.25942843
2.71779575
2.28123418
3.67492242
3.61313965
3.63567854
3.59745295
3.68757774
4.01314505
3.66729225
2.25929503
8.37332172
6.20749232
6.92050860
6.06797469
7.59630078
6.36287184
7.27332536
7.53179763
6.50015990
7.00319784
7.08551808
8.17359925
6.02306471
6.97091108
7.32696726
7.07446540
7.48209167
7.22867074
7.85893669
7.72777292
6.89195603
8.00346686
7.25965805
6.99847384
7.56078596
7.50634294
8.04265883
7.64002300
7.03900357
8.68329321
8.01572520
4.57179031
6.37156130
6.58386242
7.04024093
9.22483681
7.13253255
8.06232005
6.13583242
7.31296428
7.87660801
6.54882764
8.85126757
5.75870524
8.30809500
6.66240337
6.18902386
6.72935131
7.83093578
6.19597623
6.20511537
7.00648705
8.26588850
7.32368380
5.56415222
8.51144236
8.09121213
6.90049996
8.72938831
7.07525408
5.81234970
6.98853984
5.77866371
7.20302064
7.57447550
5.77058093
6.54292608
7.00981702
5.60070752
6.74781435
5.03668368
8.26409371
8.70250541
6.78416778
6.76482328
8.09359273
7.97288899
6.90209842
8.53210555
8.17287323
7.78468407
7.05717948
7.30702586
7.83064543
7.55980422
7.36563696
6.64906720
5.54029863
6.98572366
8.11724684
6.07155510
6.12394652
5.95004795
8.79488460
6.06873170
7.46233433
8.18195285
6.29086946
5.93270555
7.38902611
10.66672821
11.07845340
10.02132683
9.14909069
7.70386782
10.14915134
9.08958638
7.64672431
9.78564593
8.03046651
6.92328750
6.92689595
8.21516709
7.87447521
6.94900506
9.63053823
6.96549797
8.11507489
6.86765801
6.91566991
8.02638884
8.83715355
7.61967852
8.25975559
7.43712448
9.20832633
8.24490062
7.09079744
8.86628936
7.82034352
8.04356738
7.00196583
7.00412446
8.27215027
7.36929943
6.61788369
9.22147526
6.63374348
8.08983199
6.87836781
8.39416778
6.06467062
7.07477172
8.23968522
7.38122924
6.06306048
6.67239943
6.98321382
7.23210423
8.03693329
9.48839590
8.94637333
10.31421730
9.29250615
9.60528647
9.28154280
11.32556769
12.10341588
9.44108659
11.65544617
9.04678386
9.01048959
6.99915015
8.83627994
9.97911154
7.52172843
9.38015315
8.27536508
9.79192872
6.86984843
9.60854781
8.90470281
8.96718220
7.19971530
8.36466108
8.25752982
7.53572151
8.12331820
7.66801766
10.47105934
7.37415254
6.94784475
7.11346287
8.52559218
7.92632424
7.82808943
8.15870246
6.37024467
7.00497934
9.12463623
7.07274511
7.02648346
5.91777094
7.96351130
7.04491493
7.87789498
7.68293030
7.46902553
8.07012900
6.64429532
4.82949040
5.13868131
4.94755596
4.82375959
6.21103419
4.94055842
4.90807950
4.94526078
4.76579060
7.65932278
4.88640375
4.94015037
6.19883917
4.69925079
5.12541694
5.27301738
5.13527951
4.89227819
5.89502542
4.96048412
4.85979131
4.91906666
6.12187371
6.14509993
6.26419046
6.25877677
6.50529596
6.05977949
4.63262695
6.10314473
5.94010591
6.18757837
5.89161863
5.98061876
6.89286409
4.80641961
6.10659706
6.11188940
6.04247406
6.11572237
5.92890201
6.26455067
5.76116305
3.28444502
4.86705373
5.94051277
5.11862641
4.93180051
5.01269466
4.92695035
4.88884194
4.88834398
4.67688708
4.19422887
4.94536343
4.94711004
4.94638785
4.94821106
4.97783729
4.88229442
5.26557038
4.88746927
4.87100809
5.97497600
4.88304168
4.81921380
4.95807235
4.95154951
5.67621169
6.25604295
7.94736729
5.89172063
5.90466873
6.04153595
6.30317998
6.19659047
6.36590786
5.62129244
5.99686889
6.18644523
6.19948855
6.22206236
6.31288772
6.17400741
6.04593579
6.30721006
6.13988494
6.54878596
6.17051114
5.95190849
5.89547064
5.86128366
5.73238602
5.04270579
5.07885155
6.15709944
4.96027332
5.85912311
6.40935462
5.02979248
