-44.65947385
-44.56974759
-44.68911274
-44.64089348
-43.86232621
-43.86232621
-43.86340286
-43.86340286
-43.80443811
-43.86234189
-43.87528605
-43.87837494
-43.86984410
-43.87412761
-43.88683728
-43.94864642
-43.88047658
-43.88269639
-43.91528524
-43.91059525
-43.77390763
-43.82248206
-43.83438710
-40.16240369
-43.16633663
-40.54981905
-41.95516878
-45.05145860
-47.55101079
-40.18183103
-40.53364722
-43.51061241
-42.41465097
-40.37026218
-43.95897668
-43.91945221
-43.63585241
-43.67819436
-43.86984410
-43.86664545
-43.64471741
-44.00113850
-44.00273680
-44.12260944
-44.17001429
-43.86340286
-43.86340286
-43.86340286
-43.86234189
-43.86662977
-43.86662977
-43.86664545
-43.86557151
-43.86446361
-43.86340286
-43.86340286
-43.86340286
-43.58701972
-43.60408596
-43.49485040
-43.57881432
-43.77402755
-43.48160366
-44.02236955
-43.98498971
-43.17538528
-43.28612464
-42.00513716
-40.15097688
-43.23995179
-43.19849669
-40.14554385
-43.96565863
-43.96809520
-44.02675908
-44.08301456
-44.09265092
-44.11131344
-43.71306504
-43.67747402
-43.75893122
-43.73838138
-43.95593404
-43.93014334
-43.96150883
-43.92275617
-43.92097790
-43.92597707
-43.86234189
-43.86340286
-43.86234189
-44.39451531
-44.55044451
-44.66430529
-44.29750739
-44.27121223
-43.62129207
-44.53538681
-43.27961803
-42.84933306
-16.83505245
-16.00138438
-16.98758613
-16.73844850
-17.07639992
-16.73391237
-17.87839902
-17.31227951
-16.58830713
-17.00295432
-16.37584077
-16.91118547
-16.39260899
-16.30950376
-16.62912857
-16.66461377
-16.57374086
-16.82826566
-16.78538986
-16.54493970
-16.70710726
-16.11805515
-16.37526649
-16.53506284
-16.51810136
-16.83056609
-16.90248452
-15.85339622
-15.68811128
-16.94462349
-15.70431554
-16.64406783
-16.56060873
-16.40449894
-16.47277844
-16.69199182
-16.57256225
-16.62365763
-16.90352243
-16.90541650
-16.57897797
-16.64916105
-16.41370077
-16.98701621
-16.25944562
-16.98303732
-16.51282584
-16.81971495
-16.89125285
-16.59455065
-16.65769174
-16.14021599
-16.74216983
-18.42040544
-16.77846506
-17.13882737
-18.22558108
-16.78340178
-16.48153841
-16.95017553
-16.63852582
-16.97142015
-16.99473323
-16.29878234
-16.35314375
-16.28357952
-16.50940871
-16.91773878
-16.41058700
-16.97581631
-16.79594564
-16.68798349
-15.88152841
-16.14225551
-16.44511158
-16.91672277
-16.54850160
-16.82133507
-16.49422344
-16.65703200
-16.76353912
-17.14519067
-16.58654264
-16.19518461
-15.92410736
-16.35677451
-16.05809804
-16.59018045
-16.79012382
-15.94666278
-16.50783950
-16.42223799
-16.77420375
-15.83214064
-16.49347036
-16.19085864
-16.48247169
-16.44850649
-16.68063388
-16.70078948
-26.53630124
-27.52743405
-26.86444432
-26.36887199
-27.39388260
-27.63244434
-26.95875021
-27.48105678
-26.15079758
-27.74287022
-26.14707456
-27.36563511
-27.12647531
-26.42963644
-26.43017921
-26.79711529
-25.72480049
-26.03079247
-26.35249990
-27.66347874
-27.50231970
-25.53545353
-26.90388514
-28.03729444
-25.15795332
-28.10454244
-27.27844552
-27.45405364
-26.37068908
-26.87903920
-26.74346837
-26.80807909
-26.47204375
-26.07382541
-26.73233714
-27.44281299
-26.66210233
-27.59471324
-27.49833585
-25.92323310
-26.78180609
-26.58048871
-25.82778215
-27.85564240
-27.51915444
-27.01086389
-27.11744099
-26.87593885
-26.89431587
-27.45636422
-27.89642522
-26.11940264
-27.44464950
-26.98685828
-26.42887726
-27.61603656
-26.79291076
-27.82697511
-26.53040014
-26.73108513
-26.97344287
-26.73273447
-26.86662994
-26.74077907
-27.27356378
-26.16373390
-25.81866115
-27.48256462
-27.44337406
-26.62408514
-27.41854960
-27.45451549
-26.59729527
-26.94385622
-28.15182567
-26.54542726
-27.61938939
-27.39491727
-27.84127586
-27.20947267
-27.44349971
-24.60876151
-26.97288301
-27.08613847
-28.03181108
-27.45159534
-27.51876661
-26.65014310
-27.93529702
-28.87134359
-27.41727550
-27.63374593
-27.46903143
-27.35140678
-27.05992670
-27.89207563
-26.46862821
-26.52772868
-26.75110712
-27.46729380
-24.73273503
-22.57523043
-29.08651066
-29.56077259
-28.96301710
-28.94470692
-25.02937913
-22.78739606
-28.94929776
-26.89809304
-25.40956496
-25.68492339
-24.72466820
-25.14681221
-25.20967714
-24.73035198
-22.97202967
-26.00540574
-29.13952883
-28.54666989
-28.74897114
-28.82568176
-28.76185860
-29.31451822
-28.50175820
-28.93867370
-28.66398550
-29.18140487
-28.88271308
-28.81515217
-29.22233418
-28.52630967
-28.68381839
-29.03495405
-28.77783228
-28.67233863
-28.86125078
-28.79853207
-29.20993847
-29.26563671
-28.70414290
-28.76438350
-29.23945364
-29.23653879
-26.05499927
-26.36939766
-28.69689270
-28.81424558
-29.68030347
-28.74839908
-29.10723998
-29.17222298
-29.21317445
-29.16158982
-27.55490663
-29.36736946
-29.34940224
-27.47828234
-29.44690545
-28.70064236
-28.57679384
-28.57933051
-28.69270972
-28.84706932
-25.03054551
-32.35945784
-33.34508481
-29.94556927
-28.74486261
-29.37652560
-29.33495157
-29.35462934
-28.80740233
-28.90571839
-29.35639794
-28.71204419
-29.37022531
-29.28543832
-28.58484475
-29.60316134
-29.62032514
-29.04163370
-28.86086999
-28.78945293
-29.76780694
-29.62608221
-29.09187824
-28.73294386
-29.40531204
-29.12079332
-29.28425887
-28.69601226
-28.58492323
-26.34446733
-29.29131162
-28.84234720
-29.91524095
-28.96255994
-28.66589522
-26.67074059
-33.15208005
-32.83466100
-31.92330619
-32.15681397
-33.19305094
-33.43840942
-33.52405014
-32.38767243
-32.18249740
-31.71850471
-32.12353174
-32.56447556
-32.33611898
-32.29713021
-32.75813668
-32.85980765
-32.44744829
-32.42624777
-32.56815883
-32.08268082
-30.75809793
-32.43056809
-31.37463482
-31.35946366
-32.90453700
-32.77015333
-32.93349654
-33.02979129
-32.60908519
-32.52458704
-33.47842564
-33.47379789
-32.95827238
-33.52106290
-33.53237948
-32.54410050
-32.16012336
-33.14072214
-32.50734452
-32.51582572
-33.54734521
-31.81369111
-33.51681408
-32.50677127
-33.01649871
-33.37586082
-33.36448425
-32.89488112
-32.88887358
-30.93548151
-32.87988063
-33.48109789
-32.88665467
-33.12808402
-33.74444393
-32.35798770
-32.49440113
-32.36328555
-32.48277864
-32.89638043
-33.25918254
-32.63602842
-30.88201931
-32.36512576
-31.70366496
-31.39224722
-33.08184429
-31.88164023
-32.69281144
-32.86839373
-32.57746637
-32.63841565
-32.68500506
-31.32652838
-33.02433783
-31.59640686
-32.11742977
-33.20276404
-32.18099661
-31.76199354
-31.11932902
-33.54678248
-33.55619772
-33.54649887
-31.63235314
-33.17409803
-33.53583661
-33.53753549
-31.49874269
-33.54156135
-32.43213404
-33.27228388
-33.58318625
-32.26057517
-33.20905998
-32.78938531
-33.47861750
-32.72471520
-32.89065087
-32.24507319
-25.77911004
-26.50108517
-26.29235529
-26.00900491
-26.33910346
-25.53848908
-26.39851724
-26.33511951
-26.57603356
-26.50535675
-24.85133973
-26.93145558
-27.06224292
-27.56909376
-25.75295132
-27.51808883
-27.83012914
-27.47562435
-29.96736781
-27.60274962
-25.89320279
-25.78698944
-27.40943015
-26.44269992
-27.50487398
-25.60134427
-27.26804631
-27.30001488
-26.24794137
-26.66862611
-27.86846780
-25.90236416
-26.77107525
-25.97731365
-26.97001928
-26.29329308
-28.32692293
-26.84968462
-27.27849650
-25.46161132
-25.61201591
-26.34280210
-27.12974497
-28.08582158
-28.41573758
-27.33495358
-25.51909899
-26.36456330
-27.10375416
-26.92814114
-26.64698698
-25.19046311
-26.03221304
-26.34747156
-25.49680541
-26.14177286
-26.14192488
-26.75791468
-26.01805943
-25.81569391
-26.84561102
-27.50204197
-27.34446969
-27.61041853
-27.25400045
-27.50605818
-27.03652222
-26.54238962
-27.21585432
-26.54835071
-26.86783750
-28.61254011
-28.59163781
-27.00226465
-27.08136741
-26.96814916
-26.96254315
-28.65937122
-27.11548873
-27.45480008
-27.14325598
-24.90319839
-27.05532909
-26.79524311
-27.74344403
-26.55606668
-26.68580211
-26.80725388
-27.57726308
-27.39805337
-27.56611405
-25.92424634
-26.79052839
-26.24675897
-26.59566104
-26.85526922
-26.81825951
-26.19546098
-26.50624767
-26.38749081
-28.46881571
-29.12319183
-27.12154121
-26.21409481
-26.14920114
-28.88023381
-29.01715930
-28.03847564
-28.08642251
-26.08931561
-29.12457319
-26.30096725
-28.18225481
-28.21786997
-28.00901307
-28.32090662
-26.95395023
-28.04904930
-28.21893921
-29.65878506
-28.22834776
-26.92705051
-28.67473596
-27.83942166
-28.30348591
-27.82734853
-28.18951215
-29.00301357
-28.60534405
-28.06177932
-27.58454173
-28.81730968
-28.57294621
-26.61770940
-28.29718967
-28.34158362
-28.83258725
-29.73237925
-28.25902381
-28.17806302
-27.18004907
-27.06626933
-28.33680941
-28.44502570
-26.83482745
-27.85748555
-26.89985582
-28.35423068
-27.66316303
-27.61398347
-27.69712516
-26.68927448
-26.77757702
-28.48553366
-28.68986783
-28.56142460
-25.73046440
-27.59660875
-25.91909825
-26.24219883
-28.88983553
-27.45778448
-27.27384603
-27.66428200
-30.41366248
-29.69381917
-28.01493402
-27.95112922
-27.16605530
-27.37258329
-27.79806845
-27.67114763
-27.18077002
-28.26789883
-28.01265176
-27.99834214
-29.05937008
-28.57391447
-28.52284086
-27.62106161
-27.62804358
-29.08730431
-28.95909253
-28.38824211
-28.26644914
-27.71656401
-28.23581963
-28.33733199
-29.64543205
-28.23451394
-26.96295566
-27.98989984
-28.92594044
-29.22532476
-29.41652730
-27.25516993
-29.71860309
-29.38765620
-29.29791191
-29.33050056
-24.18473312
-26.11597387
-25.54593871
-24.09621048
-25.23537867
-25.62526981
-23.99498987
-25.61609086
-25.04825674
-24.91846993
-25.45307242
-24.42845785
-25.76270555
-25.74573102
-24.44180516
-24.48277210
-23.24969746
-23.81945095
-24.40584515
-21.84094615
-21.70829321
-22.24109571
-22.17251373
-22.98176981
-22.90180192
-23.05775621
-23.01862582
-23.56323616
-24.10990560
-24.25581295
-23.47930947
-24.11913787
-24.00827752
-23.15393194
-23.18422416
-25.84423827
-25.26724622
-25.25021075
-23.02991598
-23.77468863
-25.35256696
-24.69091505
-24.65890704
-25.65028846
-25.51900735
-24.52804156
-25.56539583
-25.25302557
-24.14083457
-24.17430993
-23.16540126
-23.12144855
-23.91574831
-23.36371601
-23.09111959
-24.07693760
-25.71299769
-26.22082426
-24.40764664
-23.38608000
-23.40503678
-23.53221119
-23.99496956
-23.23454674
-23.32747136
-23.41719984
-24.03184621
-25.79462988
-24.77200619
-25.99636687
-24.65788363
-25.52132538
-23.80322478
-25.11919483
-25.52332865
-24.69178864
-24.73944422
-24.47113463
-24.26992473
-25.16430862
-25.38008914
-22.61458124
-21.64731399
-21.41808075
-21.73519543
-23.15936481
-22.20290117
-21.83860777
-22.41842789
-23.62000417
-21.42925680
-23.32601249
-24.19732849
-25.40683609
-23.77361185
-23.54357533
-23.55600632
-22.85853355
-23.75662163
-25.50734647
-24.65427840
-24.84659942
-22.40956025
-24.40766258
-23.92421719
-23.41342966
-23.16711981
-24.62458867
-23.51265375
-24.72171820
-23.93334774
-24.24600806
-24.30342491
-22.73307171
-25.86480943
-24.91286919
-23.62691094
-22.66676480
-24.20572421
-26.05584131
-22.28475971
-22.20714349
-23.32871909
-22.09450570
-22.76646691
-22.89315533
-24.59767454
-22.37146348
-22.80484422
-23.28491473
-25.06638066
-23.58448399
-23.03318041
-24.21623672
-24.50083580
-22.31977495
-23.08200026
-26.18380236
-24.59263759
-24.20916417
-24.34261286
-25.21914335
-23.83515559
-24.08468009
-26.03850375
-22.77098787
-24.59098320
-24.33301121
-22.29355654
-23.75640827
-24.25720488
-24.76899920
-24.82952220
-23.69373336
-24.60401811
-24.13178761
-24.54300163
-24.67532521
-25.64207506
-24.37833814
-25.69288376
-25.80536882
-23.47479832
-24.59179378
-25.08693883
-23.33531127
-24.97393647
-25.56089444
-22.58415857
-24.31198400
-24.09571735
-23.74256812
-23.13441927
-24.36362879
-24.22082509
-24.36646468
-23.59010152
-23.23091594
-22.44598542
-23.38804922
-23.31992840
-21.91901843
-21.89131342
-24.55366870
-23.98156852
-24.52286074
-25.21448889
-22.91329560
-23.07690041
-24.61055688
-25.11898491
-23.81873373
-25.30264774
-25.03842778
-24.25754677
-23.84341424
-24.07669363
-23.00391100
-24.46110444
-22.62461763
-24.14339077
-24.89149792
-25.83354403
-24.42292874
-23.85169725
-24.32984004
-24.36945590
-25.09072271
-24.89822154
-24.72712017
-24.24270472
-24.23665561
-23.86068016
-23.21216556
-23.95268497
-24.40939045
-23.39632331
-25.36390012
-25.11955000
-25.06567494
-23.98533552
-24.75214255
-24.01404433
-23.46098122
-23.82580110
-24.33713101
-24.18056132
-24.18842997
-23.35544816
-25.28927788
-25.02797281
-24.55989837
-23.95472439
-25.66638650
-21.96341434
-21.51885119
-23.31751127
-24.29529416
-24.22389852
-24.33288937
-24.55023165
-25.32560434
-25.01290757
-24.57592907
-24.10399555
-24.45055402
-24.83810500
-23.60891173
-24.41813069
-25.26383928
-23.58618518
-25.01682245
-24.35650086
-25.04378226
-23.27793345
-24.56821125
-24.81186136
-24.84840804
-23.30636647
-24.46539887
-24.34772424
-24.79642428
-25.00281175
-24.37580039
-25.06994616
-25.71614315
-24.73232657
-25.22714642
-24.46905338
-25.90888396
-24.23620637
-23.48278034
-24.26372115
-23.26189215
-24.11321074
-25.16256813
-24.42351140
-24.52493129
-24.36058844
-23.84330001
-23.25928073
-24.23589370
-25.21929002
-24.09403177
-23.86959398
-24.51861127
-24.02739071
-24.57351697
-24.81866196
-23.09796919
-24.42597598
-22.92654350
-23.14783694
-24.95314747
-22.73258248
-24.50292032
-25.17514625
-24.31177701
-24.34139628
-23.95427306
-28.75841363
-28.77856908
-28.53186706
-28.93689459
-28.59425556
-27.95935150
-27.91060365
-29.00927308
-29.13309827
-29.12641953
-28.93336422
-28.67618240
-29.14877567
-29.10331875
-29.09680534
-29.11090140
-29.72105925
-29.12893637
-29.10922957
-29.04184728
-29.11456316
-29.39749993
-29.23545131
-29.21184613
-29.24311748
-27.95364872
-28.15397679
-29.28177281
-29.04630103
-28.83976133
-27.28259025
-29.42169157
-29.27297123
-30.19395895
-29.32290277
-29.39300770
-29.20462117
-29.48516637
-29.39112719
-29.42921791
-28.97063402
-30.18796787
-28.46211090
-27.92550730
-27.45719957
-27.93734902
-27.75547776
-30.55440947
-28.82571012
-27.22985699
-27.11787885
-28.52894659
-27.12033355
-27.37804028
-27.30909744
-27.48477619
-27.45339940
-28.89897518
-27.61526445
-27.22973798
-29.18592056
-28.32109673
-27.86529545
-28.20462345
-27.97091804
-28.17411399
-29.44593833
-29.26706543
-29.00533547
-29.22422292
-28.88372450
-29.09775784
-28.54248830
-28.45206026
-29.07390986
-29.08067784
-29.04226325
-29.03698218
-27.62725116
-28.04001958
-28.20986315
-28.61401016
-28.69887412
-30.63628577
-26.50259623
-27.74771875
-27.38386772
-27.65508385
-27.65996876
-27.54484071
-27.56843210
-29.03501813
-29.51948612
-28.81777535
-29.00334037
-28.86714473
-28.93605577
-29.20868768
-29.34305370
-27.29705176
-14.87307236
-17.43070971
-16.41079459
-17.70029190
-15.86665100
-15.97403022
-17.40442601
-17.83826510
-17.34855195
-17.90050480
-16.61689515
-17.97582193
-16.00578120
-16.30022996
-16.52587040
-15.72894116
-16.50487007
-16.87392060
-17.17700395
-17.22103687
-17.58190504
-15.19630234
-16.23122863
-16.36174788
-16.57989171
-15.62446464
-15.19503786
-17.16481726
-17.33720684
-17.63845402
-15.61296774
-17.00453600
-17.17256786
-17.30210996
-16.57380837
-15.97191998
-17.32067095
-16.36533755
-17.01357429
-17.24078247
-17.74934700
-16.75102827
-17.60110714
-17.64790589
-17.07547903
-16.98684054
-18.31271877
-17.60754183
-16.54692133
-16.50423917
-17.50572204
-15.87791484
-15.21292311
-16.51448236
-15.21987962
-16.08918127
-17.71917487
-16.68771733
-16.48264737
-16.85765060
-16.52466444
-15.92897065
-17.69202162
-17.01692015
-16.25463023
-16.15291056
-17.30970829
-17.59051101
-16.92898697
-15.86296419
-16.09415811
-17.30737552
-15.52985561
-17.23946864
-16.08914343
-15.76140098
-16.17615576
-16.15061808
-16.55035370
-15.33247358
-17.58567798
-16.78672526
-15.44600237
-16.74964714
-16.13347295
-17.10355989
-16.14030217
-15.73512077
-15.27079748
-17.25646226
-17.34702475
-16.29500122
-16.69237227
-16.63267469
-17.39284444
-16.56171562
-15.91119323
-16.83817875
-15.47882001
-15.54533020
-21.31806132
-20.03709232
-21.30966389
-19.77019817
-19.54013013
-20.72891575
-19.86810918
-21.39325712
-20.57772590
-21.48812376
-19.63323529
-19.17373977
-19.75694034
-20.91255882
-21.30568858
-19.98507266
-20.97233831
-19.78353140
-20.31175165
-19.10848064
-19.66175188
-20.72360211
-20.74741582
-19.12520963
-19.58682065
-19.77400703
-20.87407305
-19.80815742
-20.59159036
-19.85179643
-20.02805838
-20.99573022
-21.76475552
-20.74020791
-19.94110762
-21.57364918
-20.83010865
-20.19958528
-19.77269008
-21.04474095
-21.63678085
-20.77775222
-20.81414370
-21.99679438
-21.31622934
-20.71361566
-21.79464501
-20.98814266
-21.70700326
-21.71425345
-20.85613073
-19.36120699
-21.04797816
-21.67993075
-20.77578899
-19.79023407
-21.68363746
-19.82763757
-20.87103982
-21.00561477
-20.69835597
-18.91152199
-19.34459129
-21.54892296
-20.73535315
-20.91473528
-20.89936038
-19.82500415
-20.85337440
-19.69716922
-20.78290342
-19.86777054
-19.84299091
-20.98384260
-20.65409180
-19.70939113
-19.63183525
-18.99715967
-19.93163717
-20.92505982
-20.54624200
-20.86539489
-19.88901262
-19.94047262
-20.66091238
-20.89541285
-20.44965261
-19.64391268
-19.20374764
-19.51445737
-19.67892817
-19.58564359
-19.77626895
-19.70895381
-19.93640164
-21.59144578
-21.11839522
-20.74222192
-19.70100480
-19.88937522
-31.01774357
-31.27397846
-31.20977025
-31.39616143
-31.44920556
-31.39682780
-31.33264445
-30.96667476
-30.94873613
-30.54017124
-30.72488732
-31.04721243
-29.55133041
-31.17805172
-31.23023289
-31.39749983
-31.29307813
-31.03674595
-28.64597436
-31.42742923
-31.19961141
-30.66865383
-31.19419869
-31.30900374
-31.42589405
-31.43841390
-29.67374190
-31.43200973
-31.45132373
-31.32644270
-30.99039641
-31.06840661
-31.06074511
-30.97073710
-31.35507634
-30.96173291
-31.36588428
-28.94566060
-30.18418216
-28.73879170
-28.70436975
-29.40344556
-29.78932908
-28.71213641
-29.49355897
-31.25672915
-31.24321125
-30.99110486
-30.88305008
-31.29024577
-29.55668762
-31.25960630
-31.20739401
-31.26656042
-31.04117494
-31.30127565
-30.98327529
-31.29945939
-31.27931520
-31.30482303
-30.73941510
-29.32709125
-31.19584566
-31.09949318
-30.76101250
-31.10527303
-31.41353923
-31.18534448
-31.20215482
-31.03969465
-31.38854966
-31.40708283
-31.03293398
-30.87690668
-30.91541182
-31.29720096
-31.20104313
-30.97216520
-31.42275834
-30.98948285
-31.05158444
-31.38131722
-31.33018825
-30.96247750
-30.02481219
-31.38317090
-31.29445879
-31.17181008
-31.35179126
-31.32927852
-30.65462155
-31.32238675
-31.32258246
-31.31600059
-31.32177231
-31.31022991
-31.31588580
-30.85550163
-31.30899122
-31.32496792
-17.02359283
-17.55227221
-19.46599481
-19.29198235
-18.36039770
-16.54478896
-17.60079936
-17.02677249
-19.44540188
-18.54031124
-18.67181526
-17.31394942
-18.81188417
-18.76890696
-18.73068363
-17.75457431
-18.78857166
-19.42407060
-17.38211502
-17.99794956
-18.21605745
-18.42504053
-20.42040372
-20.16690977
-16.00352365
-18.65056435
-20.40022283
-18.31755673
-18.86811133
-18.99071973
-18.17017087
-17.09072333
-18.06969936
-15.44008305
-15.63218338
-15.45251467
-15.19415485
-15.31049894
-15.34301428
-15.87139807
-15.69019420
-17.10586630
-17.30487597
-17.35595404
-17.79186223
-18.06776587
-17.05322379
-19.14355152
-19.45927269
-18.43134288
-18.43527022
-16.30142203
-19.34445414
-18.43525073
-17.90024108
-19.13953775
-20.46860271
-17.28220953
-19.48301651
-19.17534527
-17.93738981
-19.36535318
-18.91773642
-18.18344264
-17.32441248
-16.75920784
-17.09627901
-18.29120652
-19.96173289
-18.62437729
-19.51541383
-18.77165652
-20.14278229
-19.16034501
-19.24278135
-19.47023545
-18.43882253
-19.56456440
-18.94507939
-18.73791326
-14.37455540
-15.59124369
-15.13044097
-15.69627621
-14.97207312
-12.45831723
-13.68620930
-18.15646358
-16.97647667
-16.84980782
-16.88813503
-17.07372636
-17.02080311
-17.15662384
-17.46753078
-17.22138827
-17.42147383
-14.83595639
-11.73011155
-12.83304026
-27.89355853
-28.44650237
-25.51455060
-28.51150059
-27.75587277
-28.38523104
-28.47147593
-26.49097290
-28.17719348
-28.46095451
-28.33607037
-28.47160290
-27.81842080
-25.61407326
-26.13423838
-27.23506684
-24.25749611
-24.34956532
-22.10532773
-25.88714079
-26.21568590
-25.25421550
-27.03283581
-25.30590251
-29.32576122
-27.92597342
-27.99199563
-25.77310215
-28.10009160
-28.12474771
-28.20926536
-27.46040806
-27.48148239
-28.23253139
-28.62945301
-28.62277774
-28.64336971
-27.82596856
-27.84989946
-28.62623805
-28.65150902
-28.60302014
-28.00137258
-28.65586432
-26.15745424
-28.58524344
-27.81184954
-27.62636611
-28.40375525
-28.45234326
-28.01637639
-27.93164231
-28.45025404
-25.77726678
-28.45376821
-27.90303954
-26.24572904
-28.62173228
-28.65686043
-28.30315231
-28.58890983
-27.87275320
-28.57728665
-28.59334440
-28.49052887
-25.14071639
-27.33416049
-25.97739579
-26.84355434
-26.11841612
-26.08828020
-26.27687773
-25.95232466
-26.08299049
-27.72719890
-28.61618918
-28.35632960
-28.40503133
-27.76473676
-28.24452921
-28.23021188
-28.19356215
-27.54779877
-26.23535600
-28.30809289
-28.36205053
-28.38756290
-28.39357812
-28.57576596
-28.45387547
-26.19858692
-26.04806366
-26.40142824
-28.64236218
-27.94974105
-28.65805535
-28.70377182
-25.59756077
-28.36532806
-26.27143335
-21.93518737
-19.20300127
-19.11871765
-18.96962605
-19.13847063
-18.86717906
-20.66393029
-22.59266982
-22.65650465
-19.64552100
-20.31015613
-18.79007355
-18.80607494
-18.92340539
-22.32533216
-21.80095626
-21.16552592
-19.23261528
-20.14323367
-21.00542458
-21.28581409
-18.32722335
-18.76139565
-22.06977718
-21.30267739
-19.66542582
-21.85082672
-22.03782357
-21.09775348
-19.09064642
-18.65611391
-18.88482200
-19.22155806
-18.79119116
-21.95390674
-18.65053453
-18.64307374
-19.24642377
-19.04058559
-21.94226382
-21.87378893
-19.00289221
-19.74292986
-19.27638905
-18.64494847
-19.05894747
-18.94597905
-18.69172816
-19.28068610
-19.61440308
-21.00647771
-22.59657560
-20.31676941
-19.47354971
-22.28993179
-19.50815881
-18.89850428
-19.30834636
-19.37158869
-18.86531455
-21.29711142
-18.56054277
-19.23191781
-19.16242753
-22.45257069
-19.31910407
-18.51841198
-18.93296594
-18.78126574
-18.90557204
-19.47815623
-19.26302605
-19.25232404
-20.27983373
-19.45305443
-18.91023596
-18.44594811
-18.53657793
-19.45337966
-18.56542634
-18.26807609
-18.27185203
-18.43657640
-21.00141137
-18.93472915
-21.15450423
-19.00810082
-19.12862573
-19.04368348
-19.27532097
-18.65232734
-19.09187498
-19.38230712
-22.41497919
-18.59754989
-19.44091049
-20.10758287
-21.62621452
-19.27756391
-21.69007629
-23.94456854
-25.08698495
-23.40662792
-23.48508736
-24.13423065
-24.23243716
-23.48154432
-22.31414052
-24.92057526
-22.57045192
-24.84062233
-26.49399460
-24.77701582
-29.64338904
-23.58183172
-24.09866981
-24.00808291
-24.72662089
-24.71862456
-24.63131526
-23.71658353
-24.81226372
-26.45766865
-25.79785483
-24.45240128
-23.84806041
-24.70750168
-26.34750033
-24.92654649
-24.46035603
-22.09845852
-24.15153348
-24.82090914
-24.37218631
-23.64434201
-23.32462688
-24.04324106
-24.85067392
-22.08726780
-24.29959886
-24.19007357
-23.12717815
-24.09897738
-22.05538291
-23.23931397
-23.42775575
-23.46805306
-23.37448472
-23.57259906
-23.16400084
-24.48915294
-24.12042843
-24.33071404
-24.21325486
-23.16763741
-24.33843102
-24.91249759
-25.32295934
-24.56219848
-24.76717157
-21.95432036
-24.41250244
-24.68109475
-24.25488477
-24.63128878
-23.61200940
-23.51797221
-24.32396161
-24.39160777
-24.49767712
-28.43974176
-22.95512212
-24.41306896
-24.50975555
-23.92658299
-23.85853245
-24.64352696
-25.13986606
-23.44406229
-23.44596765
-21.31938593
-24.24884196
-22.78292976
-24.70345049
-24.45482650
-24.02846031
-21.88446731
-23.49036378
-24.57832237
-22.36500204
-23.55171750
-21.71591872
-20.62170843
-23.22893588
-21.90540200
-23.76983595
-23.32219077
-21.99147195
-23.36327683
-23.29852974
-18.24301184
-18.89714312
-19.26937362
-20.94432213
-19.42409473
-19.38235255
-20.30920508
-19.19007814
-19.19822957
-19.19903775
-19.13558291
-19.08106775
-18.94510487
-18.36344839
-18.86317853
-18.51919996
-18.85489472
-20.22321278
-17.89749688
-20.14834170
-18.73795033
-18.93467526
-19.20081707
-19.97431269
-19.12903197
-18.98705902
-19.14830463
-18.98712899
-18.69950195
-18.50572170
-18.87220397
-18.75263971
-19.03679198
-19.01403081
-18.18143442
-18.53129967
-19.25517108
-20.15236476
-19.58232575
-18.94525732
-19.46927736
-19.29654164
-19.11079681
-18.77352721
-19.26556157
-19.12587669
-19.55342089
-18.95157127
-19.25582113
-18.84911633
-18.23052877
-20.12959332
-20.54070553
-19.10783021
-19.34858667
-19.52113994
-19.01826016
-19.39075869
-18.09901504
-19.40137462
-18.85899732
-18.23134976
-19.33299477
-19.28175492
-18.37490126
-18.17587813
-18.89800954
-19.53676805
-19.37895804
-18.67039899
-18.06719337
-18.94044315
-19.00508921
-18.59222314
-19.36021376
-18.45089571
-18.69067202
-18.80217826
-18.41413020
-18.31553458
-19.52278931
-20.15305760
-19.02554855
-19.89177319
-20.91951034
-19.91464045
-19.30089050
-19.27391242
-19.18493750
-19.08629997
-19.18722371
-19.27259826
-19.15905364
-18.99122006
-18.96801814
-19.03232309
-18.56741139
-18.39958485
-18.31483226
-19.18246711
-22.24407885
-23.11950456
-22.16028395
-22.98683208
-22.18172708
-23.12671616
-23.17555335
-22.01826750
-24.22534946
-21.84974724
-22.30128169
-22.22236509
-22.24346276
-21.87295518
-21.77269913
-23.24886831
-22.71219700
-22.17616395
-22.33354137
-23.14556179
-24.10313465
-21.45691692
-22.01123780
-21.79439435
-22.01638197
-21.96185209
-21.89649443
-22.06410094
-21.78435281
-22.06535987
-23.15465345
-22.25202519
-23.31971532
-23.32456068
-23.13591927
-23.45948286
-23.57163366
-23.52700820
-23.63629186
-23.15203459
-24.32472567
-23.43850216
-22.87616290
-23.61781992
-23.39093419
-23.25441868
-23.29007261
-23.75323979
-23.14006072
-23.70880375
-22.23191273
-22.10672051
-23.19130784
-22.18563020
-21.98091179
-22.18707351
-22.01392436
-22.01708581
-22.09034645
-21.77399055
-23.05784953
-22.91406330
-22.11419521
-21.40536257
-21.70272108
-22.18952047
-23.21359707
-23.14909583
-22.11558186
-22.18276281
-22.17462951
-22.09115014
-23.51653088
-22.31315046
-22.53218259
-22.05796080
-22.33529908
-22.57970176
-22.39312975
-23.00511567
-23.68185285
-22.59541377
-23.19992691
-23.77147717
-23.32560766
-23.12096575
-23.27190352
-22.94362868
-22.98927171
-22.13344290
-22.15159090
-23.11397513
-23.23508369
-22.69957641
-22.96646826
-23.50371240
-23.05313857
-23.36003147
-22.07637465
-22.16821590
-15.34224002
-15.28029463
-18.54689919
-15.09087858
-14.73135856
-14.97540227
-15.80364074
-14.62933196
-14.59262290
-14.24290255
-18.93112511
-14.45572252
-15.20233137
-14.49323161
-15.16046017
-14.97949964
-14.12482111
-16.28296309
-15.14130918
-15.98749438
-15.79877826
-19.40000165
-19.31004018
-15.75435482
-15.17547649
-16.30025945
-15.17760722
-15.51421745
-19.61721405
-15.43288600
-15.48491760
-17.50962592
-15.54742620
-15.72985296
-16.80165417
-16.61386209
-15.07206067
-14.76203099
-14.82069396
-15.85516708
-14.73647908
-15.63873870
-14.19606337
-14.33781403
-14.59410596
-14.68150783
-14.74681838
-15.12675885
-14.33694372
-18.94946565
-14.82488211
-15.07461369
-15.89794054
-19.13905137
-15.26305243
-14.56889196
-14.30063770
-14.70170363
-18.61031024
-19.03680368
-14.69254423
-14.91959427
-14.45462843
-15.26950086
-16.04569726
-14.85063702
-16.39127063
-15.62249617
-16.19039867
-15.44003187
-14.58840689
-15.43963090
-16.02397397
-15.94876968
-14.74274008
-15.36735266
-15.29079124
-15.55166184
-16.16772233
-15.79862087
-15.06375542
-15.57128334
-16.35984413
-15.59079230
-15.32986886
-15.64269149
-16.00319125
-15.03007252
-16.07479409
-16.28057815
-15.72455619
-16.35301187
-16.50093069
-16.06177283
-16.10671714
-15.97878775
-16.25299839
-15.64550531
-16.24423270
-15.79371903
-24.14296528
-24.51929388
-23.47985116
-24.42087513
-22.95364554
-24.38998853
-23.59408828
-23.56057364
-24.34126899
-23.89185881
-23.41676882
-24.05929385
-23.79162604
-23.65664390
-24.41495458
-24.02965966
-24.19863390
-21.77779420
-23.96300951
-24.04721045
-23.77025320
-24.49405582
-22.32158359
-22.28821494
-23.12335837
-23.13585251
-22.52063986
-22.52886817
-23.41623781
-23.41566586
-22.92357825
-23.53681697
-23.53900377
-23.52430483
-23.52476813
-23.63156611
-23.52264117
-23.41759633
-23.53410704
-23.53879342
-23.52745313
-23.07027355
-22.87031932
-23.51545631
-24.15897130
-23.65647599
-22.71840015
-24.01678319
-24.34083529
-23.87494318
-22.77017535
-23.73132825
-23.89276683
-24.05995523
-23.71941393
-23.95434849
-24.26559291
-24.05820973
-22.61382604
-22.78772170
-24.99116199
-23.88506930
-24.04531694
-23.67868177
-24.08395762
-24.29054491
-23.96490435
-24.03400558
-24.06659858
-23.54077423
-23.52285874
-22.49458494
-22.91503089
-23.10248998
-22.92001928
-22.48909798
-22.29125756
-20.79468342
-22.85623233
-22.77561426
-23.37957101
-23.51910423
-23.32792101
-23.52003064
-23.54970684
-24.33530762
-23.40177897
-24.07255857
-23.56264513
-23.49795322
-23.47826192
-23.50637543
-23.54326975
-23.53900377
-24.56652140
-23.40558976
-24.29729135
-23.55211373
-22.57825812
-24.04798210
-19.27170014
-18.52666441
-19.59049784
-19.63627082
-19.18099908
-19.78457048
-18.97775378
-19.86863244
-20.08244453
-18.76736090
-19.00280434
-19.03666751
-18.99710398
-18.83714781
-18.96216603
-19.94920907
-19.67184420
-18.99330399
-19.02455801
-19.86970473
-19.02730815
-18.78487403
-18.91172086
-19.66840017
-18.99467423
-18.00515299
-18.99946182
-18.94164827
-19.05259801
-19.67162417
-18.96670682
-19.68829988
-19.30470713
-18.82459822
-19.07303978
-19.78678657
-19.57840987
-19.03089839
-18.85108780
-19.56058191
-18.66968792
-19.61852116
-19.71884163
-19.84350426
-19.83140228
-19.02023886
-19.01493879
-19.30775786
-20.33083812
-19.91297094
-19.74504227
-19.73982924
-17.84660703
-20.32975996
-18.34049758
-19.83628668
-19.05685662
-18.47050132
-18.86378617
-20.00001105
-19.71895106
-19.63660648
-19.86781194
-19.63268063
-21.01535001
-19.75273833
-19.78666036
-19.73003799
-18.54518667
-19.07095468
-20.42278651
-19.04395589
-18.98337075
-19.11622799
-18.95049977
-20.05992082
-20.66031674
-18.89661508
-18.53154867
-19.58023062
-19.67566001
-19.68120918
-18.89830607
-18.94938074
-18.66010283
-19.70502724
-19.82254099
-19.81540002
-19.70729136
-19.58454401
-18.32427421
-19.17774661
-19.93679023
-19.59133782
-19.61448297
-19.55452323
-20.97242284
-20.61640520
-19.95049403
-19.28715069
-39.06227822
-39.05936047
-37.38266430
-39.05974135
-39.05992617
-39.06136174
-39.07850867
-39.12714057
-39.07340441
-39.06150754
-39.04369769
-39.04679237
-34.76511528
-39.10959698
-39.01683542
-39.06364232
-39.04527607
-38.91755182
-39.06061622
-38.55803469
-39.19400665
-39.04775305
-39.04519633
-39.06396123
-39.04509202
-39.03256335
-39.03003695
-39.05067883
-38.93202988
-38.92804815
-38.92915688
-39.16530936
-38.94067731
-39.05593280
-39.06210807
-39.05509930
-39.05292217
-39.05471388
-39.05297744
-39.05325433
-39.05123867
-39.06600964
-39.06255090
-39.02589663
-39.04716327
-39.00988737
-39.01466332
-37.85040972
-39.01832490
-39.01103168
-39.00860387
-39.01392348
-39.02163433
-41.61892436
-38.75138563
-38.79741201
-39.12232321
-39.20113186
-38.99415418
-39.04433691
-38.94296911
-39.02770168
-39.12593913
-38.90121457
-38.89422092
-38.90073991
-38.90672575
-38.96450827
-39.13237925
-38.99247639
-38.99523720
-37.00985218
-36.58525257
-36.90913747
-40.96849869
-37.78107935
-38.87311378
-42.46858412
-38.87483781
-38.96634961
-38.89500149
-39.05168306
-38.92191194
-38.91179877
-39.12320581
-38.94244394
-38.91298747
-38.90986235
-38.92124190
-38.91439703
-38.92726494
-39.13491921
-36.56887589
-38.08966305
-36.62873618
-36.65117677
-39.12167856
-38.86878851
-37.01473299
-39.06034449
-24.02625333
-23.36446566
-23.22313406
-23.26384279
-23.10565017
-23.17652361
-23.10531882
-23.39114504
-23.13139589
-23.32133420
-23.01675803
-22.88499239
-23.19633782
-24.03292899
-23.02422784
-23.29453904
-23.48120769
-23.30592184
-23.10488106
-23.06544768
-22.77049682
-23.83577273
-24.43339621
-23.65148982
-23.48896382
-22.74735632
-23.50852163
-23.88346376
-23.85010470
-22.63749916
-22.70957162
-22.97860700
-22.59804815
-23.01757133
-24.23242390
-22.69555122
-22.73585277
-23.18146923
-23.02079160
-23.63742309
-23.04366430
-24.04914700
-23.16795843
-23.47432309
-23.00275369
-23.03783085
-23.29795685
-23.26485630
-23.72178307
-22.99784239
-23.44180495
-23.01735621
-23.66296075
-23.69733745
-23.48946859
-23.13972923
-23.23380209
-22.93279983
-23.20536659
-24.33471506
-24.25706354
-22.86300056
-22.79194866
-23.09198258
-23.41782637
-23.13771809
-23.62524665
-23.04842936
-23.86071373
-23.00739811
-23.17516190
-22.80085096
-22.88955934
-23.14984445
-23.29383170
-22.66134004
-22.98837511
-23.24891783
-23.20265243
-22.86931906
-24.21334651
-23.29222871
-23.07074527
-23.06261751
-24.52442584
-22.99348278
-23.32928545
-22.97030383
-23.12787464
-23.27372503
-23.14940444
-22.95317571
-23.15152601
-23.15226907
-23.06274239
-23.28999647
-23.17565220
-23.31771874
-23.71565898
-23.17202861
-24.05686383
-24.07381739
-24.08695249
-25.16053920
-24.14413575
-21.80161982
-23.60376185
-23.94684841
-23.32568525
-24.39612095
-24.95126580
-23.12939230
-23.32099607
-19.88310095
-20.17504059
-20.19503871
-20.25307733
-20.21849244
-21.07370272
-19.69967133
-19.90213767
-19.73014878
-19.79970067
-22.58000631
-23.32535449
-21.40273108
-23.58856811
-20.35740885
-19.57605510
-20.64688733
-19.85415085
-23.97138800
-26.08773780
-19.54726334
-19.76718770
-23.72068424
-22.62705671
-23.21468491
-23.40457614
-23.68811252
-24.65675024
-22.94433373
-23.61563927
-23.94027514
-23.63377423
-23.59408629
-23.55562798
-23.86882768
-23.64929921
-24.34043735
-23.77567082
-23.96418545
-23.53235822
-23.87952880
-25.20575205
-25.92900182
-23.38334093
-24.15808726
-23.94019851
-25.95579726
-25.01506747
-23.80776436
-25.51784518
-24.33887657
-24.15510772
-20.38010244
-20.21682933
-19.65599092
-20.30986448
-20.03682348
-19.93997792
-19.71478023
-20.51275272
-20.55444232
-19.94998828
-22.19315326
-21.00345550
-22.87693650
-24.48035458
-23.12144334
-22.48955394
-23.32061552
-24.63136155
-23.43943896
-23.37171456
-22.73310139
-23.96646759
-23.78271354
-22.74178788
-24.10812885
-23.51374851
-23.51795987
-23.85805387
-24.33453417
-24.79757548
-23.88331236
-23.67113272
-23.91112267
-23.89556327
-22.31893083
-20.24904600
-19.41473894
-20.11704617
-20.10821326
-20.14554650
-20.00710117
-19.99599038
-19.40569431
-19.59942321
-20.48044729
-20.12001600
-19.83143414
-19.63746645
-19.49563844
-19.75752549
-19.73936986
-19.79208771
-19.92082912
-21.54977209
-21.48160499
-21.56268865
-20.23450762
-20.09362657
-20.41600231
-19.81202007
-21.90485009
-20.33650999
-20.33714021
-21.33400194
-20.37942470
-20.14277069
-20.30899739
-20.28386864
-20.16366442
-20.31293603
-20.14490774
-20.60203009
-20.36392070
-22.83670293
-22.26409499
-23.25284168
-21.70430036
-23.30369048
-22.26396240
-21.73986293
-22.27579617
-19.88320103
-20.66027372
-19.95367344
-20.15860724
-20.26892037
-19.89702199
-19.71789669
-20.08246272
-19.82368812
-20.00938973
-19.69091500
-20.08901773
-20.38692108
-19.55081497
-19.88945100
-18.65855344
-19.60581471
-18.99832767
-19.61553203
-16.13139734
-15.02518167
-18.64891879
-19.02028800
-19.59653399
-20.40995665
-20.18857009
-20.28834962
-20.26689845
-19.24106068
-20.40329508
-19.60778658
-19.60499779
-21.18807575
-19.59010913
-20.23556158
-20.25669814
-20.48469106
-19.80593693
-20.03070712
-20.09677893
-21.61883419
-22.40483382
-23.16443088
-22.05821499
-21.52071337
-22.83716051
-20.85356946
-21.52824557
-19.29996777
-20.58094983
-19.98920964
-19.77523154
-20.12037028
-18.19541289
-21.93789689
-22.38563545
-22.19390028
-21.67216298
-21.78593351
-22.11973111
-22.22691428
-22.10451564
-22.02682684
-21.78702591
-22.54304460
-22.99243260
-21.91698779
-22.45854279
-21.86490961
-21.93513012
-22.70267248
-22.10416756
-22.54014193
-22.08390538
-23.52434147
-22.47825230
-23.68637818
-23.37748131
-23.63951513
-23.60783642
-22.57504417
-23.60055035
-23.27565360
-23.97671856
-22.53707808
-22.13440785
-24.47877741
-23.48934472
-22.78024865
-23.15662547
-24.02898174
-22.80114802
-23.51565896
-21.19810925
-20.93055532
-20.79511895
-20.45667341
-21.60469625
-22.56707894
-21.16478956
-21.57740201
-23.06658274
-21.67563343
-22.57057286
-22.25642827
-22.13446585
-21.75464103
-21.93885048
-22.91966688
-22.56692233
-22.28737967
-23.19063820
-21.87046530
-22.42428192
-23.25624274
-24.07997359
-23.39626141
-21.75984912
-22.91268074
-22.46451787
-21.84837152
-23.39407623
-22.18567717
-23.05309418
-23.60835940
-21.96243017
-24.66671280
-23.68439841
-24.67052558
-21.91350717
-23.47764735
-23.35083180
-24.21583542
-23.39256933
-24.02566564
-24.04582823
-21.66376774
-23.04736363
-22.83152758
-22.68126430
-21.84265879
-22.58272899
-23.48684613
-22.96648531
-24.28384622
-23.31330654
-23.06565637
-24.13388018
-22.23114018
-23.40322635
-23.36010001
-24.37252502
-23.58602848
-22.74763195
