-18.38926762
-16.36569920
-18.15924645
-18.21151054
-16.77867970
-19.58262505
-17.90795027
-17.92273148
-17.96702752
-18.11614597
-16.85316578
-16.94469840
-18.52633250
-17.01674868
-19.52289970
-18.55400813
-17.88576953
-17.02685988
-18.02569388
-16.50761077
-18.39615099
-16.91409334
-18.21493621
-16.72129744
-17.66452761
-16.34412791
-17.76546719
-16.23966975
-16.78364849
-16.97474356
-16.92695459
-17.37984884
-17.83146787
-17.65132701
-18.16298286
-16.77964366
-17.40981552
-16.90713764
-17.16259265
-20.56017402
-17.50488708
-17.81017359
-17.74697073
-17.70956398
-17.54783258
-17.69071602
-17.73637529
-17.84177756
-16.20007790
-18.77619187
-18.72692548
-18.17109275
-17.75401588
-17.52119850
-18.21284603
-17.85335148
-18.72441374
-17.74080503
-18.00026711
-17.69113572
-16.25711668
-18.03921979
-17.77526471
-17.52394354
-17.77631339
-17.81476579
-17.49591086
-18.57818707
-18.53488241
-17.26855387
-17.69981050
-17.45090835
-18.22065311
-17.20227389
-17.03650641
-17.12117886
-18.49214345
-18.02561563
-17.65006501
-17.96533580
-17.84558017
-21.25889873
-16.44087445
-18.04305626
-17.89951977
-16.70109662
-16.43415903
-16.60633279
-17.88895114
-17.90143078
-16.96203606
-17.98665226
-18.33194497
-17.63082522
-16.16321276
-18.44317587
-17.36918797
-17.97931835
-18.47520832
-17.70534073
-21.52807252
-21.12443069
-18.66152227
-18.80854910
-19.32270826
-19.57332359
-19.40021920
-18.99101841
-18.74853071
-18.21248582
-19.27361664
-19.25202472
-21.14867321
-19.10076228
-19.91733425
-19.57943354
-19.38276472
-21.12625179
-18.88770101
-21.42311225
-19.15718572
-19.33479199
-18.78751626
-21.77088827
-19.57168701
-21.08548457
-19.44250587
-21.69961335
-20.96222293
-19.50577396
-19.39299943
-17.94742444
-17.96611340
-18.03495265
-18.88118257
-21.21984539
-18.85459994
-19.37564256
-18.08093822
-19.52627837
-17.40379347
-20.43178333
-19.26946001
-21.25962958
-21.56331541
-17.84993138
-18.89734626
-21.68824037
-18.34649571
-18.93923164
-19.54248903
-19.42555010
-20.06296751
-20.67820571
-19.09323535
-19.59629125
-19.44286622
-19.16399103
-20.11987425
-19.41207451
-17.98458539
-19.28136486
-19.24307795
-20.00374645
-18.38165335
-21.41658318
-19.42946000
-19.91951384
-18.76793877
-19.91312534
-21.26820111
-19.42310830
-18.70256730
-19.40176444
-17.79421211
-19.19288609
-19.23164636
-19.19662708
-19.05833036
-21.13298539
-17.59421900
-21.03178705
-19.02669218
-18.91690450
-18.36697625
-20.50499965
-18.98114346
-18.23495785
-19.93193757
-19.02439981
-19.13879835
-21.26099158
-18.82347918
-19.95062018
-20.86060097
-20.88982758
-19.16651241
-17.78256919
-21.18461528
-18.27094806
-21.77778769
-21.87743613
-21.93825441
-20.63659850
-20.76923168
-22.18862543
-24.00081931
-21.30401820
-21.97675723
-20.70311013
-21.84669962
-22.72809203
-21.60052023
-20.62630720
-20.75692057
-21.65679421
-20.48431183
-21.45033818
-22.10562047
-21.72705415
-20.67661161
-20.68051432
-21.80550382
-23.72435903
-21.94679779
-21.26326072
-21.91015052
-21.37394835
-21.94664472
-24.10871814
-21.54962642
-21.85413318
-24.16172745
-21.47496654
-21.63615525
-20.97724862
-21.02177751
-21.61021145
-21.21796211
-21.15613009
-21.13385084
-20.99910160
-21.34390861
-23.84132418
-20.69256486
-21.80987633
-22.00403230
-21.01312894
-21.75225411
-24.23663966
-23.76436615
-20.68227353
-21.09886887
-24.26999784
-24.41496642
-21.65051100
-23.12890750
-21.96338972
-24.21152832
-22.30546321
-21.53397746
-20.44937887
-23.52885876
-23.45478526
-21.89226950
-21.85962875
-21.83864449
-24.11768879
-22.04292813
-21.48603268
-22.15712165
-23.18756316
-24.05050316
-21.29553595
-20.58931391
-21.86766856
-21.47679747
-21.54137629
-21.94083633
-21.57754464
-21.51460877
-21.75480290
-21.81169122
-21.64537102
-21.54331559
-20.57619762
-21.66580273
-21.92282212
-21.75050018
-21.43618304
-22.05045017
-23.83656630
-24.02065070
-21.43105191
-22.11564580
-20.42601399
-21.24005448
-21.55478993
-24.17567772
-21.55992217
-22.60816984
-22.62975310
-22.93337876
-20.63141681
-22.90829033
-22.79276979
-23.77026518
-23.70869382
-21.42248622
-20.68998129
-21.22725312
-21.10465131
-20.37274634
-20.37017159
-19.29485929
-21.59164141
-23.89057735
-21.52205889
-22.84699534
-24.17664511
-21.70604530
-23.38873595
-21.83749954
-21.93949329
-23.92065073
-22.65398194
-22.62085836
-22.99193426
-21.16487400
-24.07875918
-23.35916497
-24.19715004
-22.70875338
-23.00198021
-22.44712047
-22.80093270
-22.85977478
-24.11972879
-22.85866883
-24.16531379
-20.94106023
-20.81436101
-24.30199306
-22.02398619
-24.17861210
-22.71554028
-21.10196028
-22.85626975
-20.78575502
-21.15997404
-20.23830671
-24.11487098
-22.24206640
-22.32973864
-22.79058310
-22.64658583
-21.02663329
-20.89617549
-20.66405322
-20.91516196
-23.77430161
-21.12878545
-22.06786768
-20.64252270
-21.83501972
-21.14093623
-20.91619321
-22.56825315
-21.15171984
-23.80051791
-22.22671798
-20.82299917
-22.12821813
-24.12254578
-23.40411562
-22.71834129
-23.46488301
-21.27284851
-23.42723236
-22.79551010
-23.56948397
-22.86764278
-21.01737678
-21.45179996
-23.83983801
-20.74997965
-24.23804510
-22.71492521
-23.40408656
-23.59799866
-22.21468999
-21.63440622
-22.44147032
-22.26875822
-22.72667573
-24.74216473
-22.21462178
-22.74004455
-21.62081680
-20.39090269
-27.80625821
-30.95952894
-30.38482756
-30.44666373
-30.44666373
-30.38474361
-30.38482756
-30.38482756
-30.89451765
-30.44666373
-30.38474361
-30.25469094
-30.20040924
-28.58311611
-29.92707995
-30.20236672
-29.26197280
-30.44666373
-30.38474361
-30.38474361
-28.67588124
-29.95681671
-27.76125058
-30.11441312
-29.19465705
-30.10528873
-28.95772808
-28.32432010
-30.44674768
-29.33940228
-30.38491151
-30.38474361
-30.38482756
-30.38482756
-28.11880564
-30.38491151
-29.45198340
-30.38474361
-30.38482756
-30.49771900
-30.38482756
-30.44552461
-30.44560856
-30.49780295
-30.44569251
-29.62277319
-29.46653779
-30.54435590
-29.31889705
-30.44666373
-30.95810758
-30.44657978
-30.44666373
-30.44657978
-30.44674768
-30.44666373
-30.44657978
-30.44666373
-30.44666373
-30.44657978
-28.17695377
-27.61976835
-27.00448715
-28.06266418
-27.99569736
-29.65110822
-29.20520030
-28.76934456
-29.64876031
-29.86572931
-29.11066328
-28.96935280
-28.58274218
-30.14568308
-28.01436376
-29.86443097
-29.42909689
-31.02036129
-28.53920641
-28.56611193
-29.67850247
-30.89451765
-30.44657978
-30.44674768
-30.44657978
-30.44657978
-30.44657978
-30.44674768
-28.48512142
-24.91941652
-28.42972481
-25.77482259
-28.44035958
-29.56774715
-29.66656134
-29.33397480
-26.98225174
-27.79604285
-30.23557467
-30.27062429
-23.72207753
-23.92155461
-23.71135763
-24.75188362
-23.60911488
-22.79589506
-24.12588049
-23.73723442
-24.46365720
-23.89018235
-25.27968606
-22.32083605
-24.74775469
-23.90571737
-23.68122902
-22.23919970
-23.76724519
-23.76847491
-21.43403496
-24.02123570
-23.63173951
-23.91133824
-23.27742069
-23.06633434
-24.38226686
-23.94037319
-23.67598553
-23.74871389
-23.79831822
-23.94657079
-21.58235861
-23.12995190
-22.30416870
-24.13030925
-22.09130402
-23.47402126
-23.77285576
-23.75528269
-22.33380712
-23.88618163
-24.00524085
-22.31321424
-22.04066474
-24.96702490
-22.79942857
-23.24457438
-25.83616859
-25.45869882
-22.68964368
-23.32098447
-21.69102985
-23.71575803
-23.41382817
-23.90560640
-22.68242166
-25.32243816
-23.74253629
-24.01653555
-23.76471261
-22.79464179
-23.46850129
-23.03784244
-23.66028692
-23.64078587
-23.58400115
-23.61813036
-24.46390834
-22.98861109
-23.71245479
-23.59574623
-23.94528961
-23.47452393
-24.19702625
-23.61517193
-24.13434542
-24.28654209
-23.48031574
-23.64083241
-23.94802485
-23.36052475
-23.57526505
-25.32433375
-22.06904870
-22.04231751
-22.58007390
-23.67082497
-23.73536344
-25.14819759
-24.21858851
-23.31898280
-23.56812396
-25.16881472
-21.89288897
-23.72443438
-23.52192782
-23.90731315
-22.32918595
-23.85767077
-22.30939252
-22.36438883
-29.85437487
-29.58293294
-29.85118760
-29.42373071
-29.85044277
-29.78475512
-29.85637078
-29.85857759
-29.42619165
-29.63181054
-29.82356358
-29.81744418
-30.17769223
-29.81633252
-29.81638236
-30.28351285
-30.37216839
-29.80561371
-29.45738492
-29.80078472
-30.06515112
-30.06518809
-29.51991719
-29.82836550
-30.05842611
-29.82460895
-29.82733505
-30.05743566
-29.83282794
-29.82988828
-28.86919117
-28.68152812
-28.25176770
-28.43453237
-28.52608792
-29.06076435
-29.14307937
-28.37719661
-29.33053754
-28.87014920
-29.74699539
-29.99232003
-28.84997396
-29.43008702
-28.76294201
-29.45195054
-29.86340864
-29.46085725
-29.82168271
-29.71304833
-29.86939274
-29.32317488
-29.85653393
-29.85641158
-29.88235396
-29.47671794
-29.57826484
-29.87533231
-30.10049097
-29.96409376
-29.82226598
-29.59577590
-30.18119143
-29.90881884
-29.66490620
-29.82254810
-29.81918093
-29.81945541
-30.49509785
-30.21246899
-30.03563888
-30.31479486
-29.83210461
-29.80787412
-29.55295616
-30.07142004
-29.93529038
-29.94895838
-30.07120639
-29.84151056
-29.14517229
-27.73307765
-29.39111940
-28.96919646
-27.47956911
-29.20966306
-29.21206429
-29.10552713
-27.44455643
-29.48486597
-29.16768966
-30.43782835
-29.78173419
-29.76490865
-29.76876979
-28.86385624
-29.47849920
-29.75100877
-28.83957592
-27.96755470
-22.50698099
-23.12428122
-23.73245512
-24.49933344
-24.86815634
-23.96982319
-24.79888194
-23.74810853
-23.87499327
-24.98160483
-24.89112374
-24.87149780
-24.80410393
-24.84057964
-24.86650151
-24.94937047
-24.66998499
-24.45139278
-24.86161434
-24.86489417
-24.31509850
-23.61775398
-24.14495270
-23.32489008
-24.58491118
-24.86204048
-23.73393553
-24.04110618
-23.64221703
-23.70965376
-23.91759049
-24.03072267
-23.66689085
-23.35028505
-22.38755016
-23.39247920
-24.71257798
-23.29297013
-23.25866049
-23.35902678
-22.16980688
-23.10771430
-22.88939528
-23.19874563
-22.74165869
-24.44660302
-24.68332886
-24.91283738
-23.64115843
-21.93812615
-23.64141595
-24.57134951
-24.15914164
-24.70490528
-24.83196349
-23.50576895
-24.65108934
-23.68504346
-24.67178962
-23.40511711
-24.10613459
-23.82625890
-24.73355141
-23.79761027
-24.92424080
-24.81952733
-24.73576040
-24.76485132
-24.91470271
-24.63294279
-24.72922770
-24.88162408
-23.67182271
-24.96137320
-24.93571505
-24.92150679
-24.83918942
-23.79951486
-24.44800768
-24.82534963
-24.78730233
-24.58025527
-24.84727574
-24.84203100
-24.82288265
-23.71930268
-24.86886891
-23.36748263
-23.01302386
-23.44791035
-24.62853504
-24.07050886
-22.28884406
-24.96830361
-22.27522805
-24.74952815
-24.89349977
-24.73607374
-23.59272128
-23.56658194
-25.13788565
-24.73564377
-22.70598385
-20.48748412
-22.59667033
-22.24699890
-25.07035976
-23.85144980
-20.97383884
-22.29301217
-25.59297493
-23.05942206
-22.09848856
-24.53670250
-20.72608849
-20.66861408
-21.37236168
-25.83961177
-24.71958630
-24.50866021
-23.04734932
-21.14180950
-22.96123265
-23.22744510
-21.27755021
-21.61570261
-20.82648640
-20.87474536
-22.04520170
-21.02061221
-19.39400610
-22.56153586
-22.86276015
-20.73475983
-20.69726519
-24.19061839
-21.41814164
-25.16673102
-25.02828187
-24.28395011
-24.25185300
-21.96534556
-19.02894370
-21.01024412
-23.87986365
-22.39236893
-23.14725811
-19.52724332
-19.58750210
-24.43318154
-25.40241646
-23.28879109
-25.07265747
-24.26867461
-22.64172674
-25.01889441
-22.00918995
-22.38951583
-23.74739252
-23.19385968
-20.87677206
-24.00155020
-21.88955652
-24.18604172
-22.07242898
-23.88830842
-24.55246463
-23.29788332
-22.93416139
-23.44385781
-22.45518504
-22.81930413
-24.08437528
-23.05049422
-24.88146508
-23.13255572
-25.48441387
-23.42267475
-23.24231997
-22.58845155
-20.77389071
-21.00781246
-23.04563910
-22.75158619
-25.30711994
-25.41375986
-23.29257079
-22.51817049
-22.87041436
-25.54984518
-20.72410168
-26.00139308
-23.98661902
-20.80830266
-21.65290864
-24.05012119
-21.57399861
-23.68393618
-21.64217449
-24.07180148
-20.02010747
-20.00871647
-19.91656181
-19.89134518
-19.94560130
-19.96582274
-20.13678601
-20.05607858
-19.91672913
-19.73082319
-19.91019018
-20.09333710
-20.08763808
-19.96236477
-19.74747264
-20.16880528
-20.92465799
-20.31582256
-19.94222007
-20.06472845
-20.42992167
-19.92931664
-19.99284518
-19.42691660
-20.13392664
-19.84269980
-19.90072213
-19.64627544
-19.85114474
-19.86570537
-19.93541483
-19.92952564
-19.97336150
-18.93847812
-19.98689914
-19.77883207
-19.71490322
-20.07708688
-19.08769514
-19.77244822
-19.37692389
-19.75436181
-19.13415458
-19.89275458
-20.08338099
-20.17545711
-19.35613529
-20.03440750
-20.74633102
-20.06068364
-19.93744853
-19.89057774
-19.71475975
-19.88145891
-19.56722968
-19.97581924
-19.85167768
-19.88853460
-19.77805204
-20.17636556
-20.04672036
-18.57276868
-19.92891283
-19.88000276
-19.71611620
-19.19412689
-20.07523508
-19.96747215
-20.36064230
-20.07885476
-19.83925157
-19.02974466
-20.02840297
-19.94103608
-19.82350350
-19.98349784
-19.86269475
-19.98499940
-19.69734556
-19.89452092
-19.85929936
-19.95737104
-19.69248423
-19.46557393
-19.00664911
-19.75032291
-19.91724308
-19.90900911
-19.77543228
-20.03029135
-20.22059346
-20.10541788
-20.17186503
-19.99858281
-20.19474787
-19.69620870
-19.95204361
-20.09728038
-20.19093550
-19.64064968
-27.59330922
-26.91119750
-27.03061150
-27.25736797
-25.45394345
-26.41973084
-24.91975728
-27.49494139
-26.34192553
-27.38796405
-27.33712832
-27.49331684
-26.29637806
-25.41383636
-27.11992992
-26.66446152
-25.21844978
-26.61770625
-27.17768769
-27.04040388
-26.79890344
-25.47798898
-26.67259430
-26.68293649
-27.12556040
-24.23590961
-27.25175241
-25.41900356
-27.17384168
-27.03206629
-27.03245816
-26.22377606
-27.03877922
-27.61951611
-25.33853057
-26.22422120
-26.22473871
-27.39190896
-27.39104379
-27.39079174
-25.43079258
-27.45597941
-26.22474296
-27.39661965
-26.76514897
-27.48142446
-25.81102103
-27.18418266
-27.21374338
-27.49494139
-22.41740508
-27.20585198
-27.71110217
-26.23722477
-27.00604489
-27.33580553
-27.14211516
-25.28835895
-26.89710846
-24.35142120
-24.45072399
-28.13047481
-26.22474013
-26.27896060
-25.27682686
-27.39662913
-25.32490919
-27.23006728
-27.53697958
-27.53672753
-27.49295085
-27.49269880
-26.38408033
-26.86583918
-25.72888851
-25.75009906
-26.67985601
-26.79547264
-27.13752193
-25.29037825
-26.17504979
-27.09710344
-25.80174141
-27.34126274
-26.27963100
-26.38470356
-27.49468974
-25.86074305
-25.55269345
-27.16974810
-27.36478433
-26.94488160
-27.20299749
-27.15849587
-27.10538258
-27.46178033
-27.21936790
-26.10731351
-27.44184735
-25.16868840
-19.88765021
-22.21072727
-19.81177825
-24.09978190
-21.46885119
-18.95701934
-22.53596351
-19.37100182
-21.92719627
-20.93946565
-22.00514489
-22.98144608
-21.27414363
-23.38616901
-23.19005430
-22.75477088
-22.53896365
-22.96608646
-23.76827821
-22.93140150
-18.58578504
-20.57721167
-18.78929465
-17.72871929
-17.23241372
-18.93237703
-20.46727803
-20.55394978
-20.09924546
-18.30458550
-21.83692106
-21.89423537
-19.77573831
-18.08476292
-20.11611005
-19.64242186
-18.91689504
-22.76568977
-20.55140449
-20.62263081
-23.46527903
-22.01814323
-21.64958984
-21.11449650
-22.36389762
-19.01781918
-23.58422418
-20.98907016
-22.82184665
-23.29794151
-22.05831945
-21.04207785
-21.64747471
-22.41138411
-22.97984745
-21.22380392
-20.82050312
-18.76254521
-19.97666978
-24.67977790
-21.77049385
-17.73941098
-18.51467553
-18.61464150
-21.80962965
-22.40819373
-22.96721083
-22.70592216
-20.03650305
-21.22538506
-23.36450619
-21.67905073
-22.59728689
-18.97101229
-18.61121053
-18.15682369
-20.23402372
-18.02760421
-19.25024478
-21.83498795
-21.02084081
-19.47704515
-20.25359739
-21.66462842
-18.67692018
-20.45781358
-19.82968772
-22.19352658
-22.79363932
-23.66745573
-21.75029311
-22.26221720
-22.39620235
-22.15240730
-22.17200779
-22.05473497
-22.41749262
-24.16815024
-22.77083938
-21.92509023
-16.48264590
-15.10884877
-14.77926744
-14.94028985
-14.27706860
-14.39018144
-14.72345971
-15.07189893
-14.37012161
-17.22984481
-15.59412623
-16.02153074
-16.59006301
-16.16832898
-15.34819938
-15.55921948
-17.79506358
-20.47057087
-17.11995639
-18.34789670
-18.10530293
-19.78170292
-17.60746115
-19.95442944
-18.66120994
-18.11356641
-16.30257898
-15.30412607
-14.89657884
-19.64308892
-16.30416402
-14.86399156
-14.26420279
-14.92083878
-14.95517142
-15.42902227
-16.02699731
-16.12985747
-18.50120204
-16.71262350
-18.93369071
-17.57272407
-16.05353389
-15.68270128
-14.64823565
-18.60044972
-15.09526031
-16.14120121
-15.54642228
-16.52743386
-15.06559019
-12.88596929
-15.84682284
-14.56820166
-14.53501010
-15.44071048
-14.41557089
-13.60776559
-13.41662856
-15.24594741
-14.62704427
-14.90312272
-14.68730637
-13.91360218
-14.84589664
-14.12004370
-13.01519346
-13.75471418
-14.66503552
-14.15191360
-14.47052155
-14.73015509
-14.81851246
-14.97314483
-14.30315464
-13.98024790
-14.48314192
-16.01166948
-16.29457667
-15.30363796
-17.35415898
-18.19326319
-18.41254363
-18.53590428
-16.96678070
-20.97462603
-19.03300873
-18.55270845
-18.43391503
-15.30161718
-15.85219907
-14.77944535
-15.85496334
-17.49337659
-17.77864216
-17.13449352
-15.83973578
-19.63642756
-17.08822288
-17.33039274
-19.32208257
-22.20871337
-21.15117106
-23.81265735
-19.96057273
-22.19341536
-22.06676835
-20.22232872
-23.60962722
-21.95351603
-22.02169873
-20.42613110
-20.05218102
-20.46723884
-21.84859314
-20.81293838
-21.90371362
-21.27862808
-21.12092199
-20.39442778
-23.50036935
-23.49833393
-21.26434667
-20.46237758
-20.95868352
-20.06598488
-22.24451451
-20.96013917
-21.59013414
-20.66577384
-21.53724057
-21.95507180
-22.25786783
-22.49906305
-22.08545565
-21.12121812
-22.53688674
-21.45864027
-21.57990490
-22.89803232
-22.53441125
-22.01575543
-21.76574550
-21.09617940
-20.33679754
-20.72682213
-21.40306281
-21.60330063
-21.81194972
-21.90567225
-22.56990771
-21.96421142
-22.29979038
-20.64733087
-21.15756089
-23.26327120
-20.81635439
-21.15059263
-21.21187772
-21.28663648
-21.56411765
-20.25051847
-20.06932622
-19.29353172
-19.62156783
-18.88042753
-20.57936890
-20.37139673
-21.19615998
-20.42133918
-21.09885182
-22.18409691
-22.57140615
-21.88838228
-21.74360350
-21.18842946
-20.19174566
-19.84992774
-19.81024381
-20.55831172
-20.78146219
-20.39040166
-20.42491272
-21.86848153
-20.40237814
-22.50854729
-21.22021941
-22.30750657
-20.49955260
-21.43238805
-20.85046588
-21.24431469
-21.89907208
-21.62775797
-22.61772809
-22.97965604
-22.66883404
-19.67053217
-21.27374258
-21.57866208
-21.06656901
-20.70009686
-21.16226715
-21.23162792
-21.19040559
-19.30493329
-19.18633547
-20.10418657
-18.38778214
-20.78913229
-19.52731926
-18.90978530
-21.69546319
-19.08643961
-20.22498933
-20.35431373
-21.61957803
-20.54751284
-20.09338875
-21.31678934
-20.10981440
-20.52121242
-20.74092232
-20.24476238
-19.48016201
-21.31935471
-19.40230831
-19.40230831
-20.88995045
-20.94709561
-17.59894632
-16.69826744
-17.89731265
-18.46803450
-16.45651166
-15.59177262
-15.17705522
-16.33446138
-18.39978811
-18.76474336
-20.61271811
-19.85502738
-18.79857681
-19.27650683
-19.78785110
-19.79058165
-17.72308886
-19.88672717
-16.82911702
-19.18160884
-21.13579618
-20.92962765
-18.70752794
-18.93655884
-18.84222073
-19.18172329
-19.86241315
-20.78662224
-21.12925207
-19.70617784
-20.65690804
-19.88759955
-19.27705800
-20.81606863
-20.42352269
-21.06331643
-20.58749090
-19.71363811
-19.71807707
-18.53559033
-20.66646706
-19.94705742
-20.88062224
-21.46195719
-18.52245961
-20.46755058
-20.37489157
-20.25920284
-20.95568097
-19.94034837
-19.81920125
-19.85697543
-17.31424145
-20.40470009
-17.00128876
-20.43437322
-16.73764896
-18.69228579
-18.96735263
-18.91087987
-19.59688076
-19.10341216
-20.09617323
-19.17783843
-19.74911775
-20.03184411
-18.82384450
-19.46950543
-20.71549165
-21.02931970
-34.29830453
-33.39253946
-33.73216790
-33.67053075
-34.05431883
-33.42372009
-33.57328217
-33.57544033
-33.46359546
-33.69113304
-34.30987624
-34.29833254
-34.30178356
-33.89633921
-33.96236018
-34.05576792
-34.53265835
-34.53166481
-34.51546017
-33.39789215
-33.56158196
-33.46090319
-33.34806064
-33.57210264
-33.61651112
-33.56012501
-33.45250967
-33.78192929
-33.43724287
-33.58160262
-33.71816053
-33.64804838
-34.26167012
-33.95430472
-33.48417788
-33.82842057
-34.22817394
-34.17113694
-33.39482958
-34.23127484
-34.63300388
-33.91038485
-34.04727151
-32.82449965
-33.94039525
-33.90763625
-34.63735516
-34.65318944
-33.91229871
-33.79910008
-33.52359563
-34.14751698
-34.62696032
-34.23039394
-34.57080665
-33.95723782
-34.54664859
-34.54863720
-34.20475350
-33.90605071
-34.14279669
-33.84277442
-33.92407561
-34.25208100
-34.47155581
-34.47169534
-34.46584521
-33.47549055
-33.40778020
-33.65214225
-33.73220237
-33.52108734
-34.30855019
-32.79768447
-33.66939392
-33.61009814
-33.77884164
-34.46171062
-34.45095783
-33.73351633
-33.44835335
-33.43632888
-33.38973207
-34.20715123
-33.95956570
-33.57556817
-33.87704646
-33.62119496
-33.98152503
-34.31134321
-34.33363347
-33.80602828
-33.80113046
-33.80910107
-33.89895638
-33.49182140
-33.23284658
-33.91890001
-33.33771408
-34.44773968
-25.39132903
-26.25173657
-25.11348548
-26.77018222
-25.94476871
-26.48413890
-26.43058843
-24.97541995
-26.77422817
-24.94191092
-24.45528398
-24.41020401
-26.25411704
-24.42466739
-27.13002493
-26.31966771
-25.75494976
-25.89839859
-25.05051038
-24.71301052
-26.15883193
-26.62616854
-26.56141626
-25.63208543
-25.39217757
-25.65779286
-26.77873345
-23.45780048
-24.26732648
-23.97699365
-25.15455877
-24.54521245
-25.72409045
-23.34961425
-26.04203755
-25.02238184
-25.82700858
-25.14219302
-25.40878060
-26.72050570
-26.65257254
-24.77750199
-26.75104256
-26.45845091
-24.47042039
-25.11928943
-24.83075323
-24.70120143
-24.39704238
-26.71346358
-24.63508023
-26.18638296
-26.39610527
-26.38639066
-24.79396506
-24.89279482
-27.94432956
-26.05000277
-25.77703274
-26.31548222
-25.17187826
-26.37667521
-26.72254653
-24.56103265
-26.01716744
-24.79169481
-25.02398088
-26.44889943
-26.58232815
-24.59159336
-26.52720079
-26.49448598
-22.71488008
-22.30935933
-23.29088600
-23.77238222
-23.20498347
-23.47268495
-25.03508082
-24.58642060
-25.63888043
-25.42714498
-26.40421618
-26.71183505
-26.15992894
-26.28162722
-26.48741803
-26.60608940
-25.64586131
-26.74409835
-25.26734360
-26.82757272
-25.09032802
-24.64759295
-25.77272552
-25.00142285
-24.97458074
-25.05575817
-25.86690168
-24.88277661
-17.66934229
-19.88093987
-20.26192666
-19.02041052
-18.09902211
-18.02591652
-19.05519190
-18.98171702
-21.26470333
-20.62457844
-19.53879177
-20.76029033
-17.73369077
-17.91573117
-17.48845623
-19.50187818
-17.23961721
-18.08599580
-16.71607657
-19.63039382
-17.73703874
-19.51346818
-16.60291651
-17.40840856
-17.06686648
-15.36999702
-16.49433337
-16.04862838
-16.37889320
-16.44877521
-16.03017881
-14.55691806
-16.52567549
-15.75787696
-20.50091460
-17.87934800
-18.23509796
-17.41357201
-20.41080816
-20.18864634
-18.40383324
-17.81987416
-17.35827652
-20.39872706
-20.54628716
-17.49885959
-17.14401166
-19.15053648
-18.47281392
-18.43734697
-21.19801632
-18.63109191
-18.70837557
-19.87272046
-18.45066881
-17.96146920
-18.62050773
-18.42919898
-19.45667416
-20.14619685
-20.45430757
-20.22664881
-19.03669240
-17.18610022
-18.73569511
-17.55230347
-20.30061113
-16.24780222
-22.56765092
-18.66936640
-17.57566684
-17.47752213
-18.12707265
-18.11043483
-18.12779932
-16.81641754
-18.98481903
-17.41721908
-18.39291257
-20.77931948
-18.21175409
-19.11204511
-17.13309293
-20.07825570
-19.11479294
-19.19880864
-17.81084945
-20.70713319
-20.35138131
-18.46434515
-17.93046232
-18.13934590
-20.45160479
-20.36154990
-19.86362031
-20.39481157
-18.99716601
-20.25162549
-18.49336030
-18.11334166
-21.39940402
-18.45282762
-19.17327639
-18.51996706
-18.42240435
-17.02649942
-17.59318779
-17.93481955
-18.34946937
-18.54119074
-19.99271024
-17.96146599
-18.35006261
-16.37320858
-17.85201841
-17.53288119
-17.71346306
-17.79895849
-17.18235401
-17.46492198
-19.39802087
-19.42981901
-18.76382754
-18.87335644
-20.23689875
-18.27880344
-20.30098313
-18.61926187
-17.66142578
-20.19765109
-19.61787786
-21.28186722
-19.88236544
-19.48380580
-20.01102957
-19.70267243
-19.51550104
-19.91762039
-21.71445826
-17.92396640
-20.07012072
-20.06467202
-18.38632321
-20.17672483
-20.33021892
-20.10754595
-20.08902936
-20.03717288
-16.79143014
-19.76365016
-20.55857875
-20.41975223
-21.65728509
-20.15168201
-20.28603653
-20.09607265
-20.46280617
-22.53397706
-20.18134413
-19.29288248
-20.32229203
-17.49909458
-20.32069222
-17.84352056
-20.64858003
-19.66520757
-17.13884115
-20.04691326
-19.54638032
-20.15805083
-13.70114907
-16.87792299
-19.81353993
-17.92487911
-18.65045418
-18.16101483
-16.80962927
-19.05434892
-19.11471126
-19.98988465
-19.61080162
-19.99520336
-20.61368448
-21.82100941
-20.12693471
-17.14337279
-19.54162939
-20.01571480
-20.31754429
-20.25516687
-20.05468832
-19.47280282
-19.99426125
-19.94607005
-19.99309347
-20.53221123
-19.81846989
-21.10088591
-21.04415603
-18.81076033
-19.75642352
-18.18549750
-18.35926546
-19.39129875
-16.08228304
-18.85490266
-17.68269599
-18.15481219
-20.05066555
-19.88534783
-19.10720660
-20.25899401
-18.54427726
-17.71726449
-19.52253537
-18.17009851
-16.28385850
-19.51515984
-19.53690564
-17.66511446
-19.54732219
-17.04490719
-19.61518267
-18.76249556
-16.79460533
-17.55348916
-17.12508831
-19.28213999
-19.51397215
-17.69486132
-20.20338045
-19.11163524
-18.98596432
-19.16320095
-19.94878197
-18.41451354
-19.63926824
-17.36650577
-19.98273004
-16.27776549
-19.86569780
-18.91408825
-19.77387775
-20.05744524
-19.89047048
-19.27605649
-19.49249064
-18.18086682
-19.40520417
-17.33319582
-19.75894739
-19.95949727
-19.93364013
-17.42775680
-13.50874119
-16.33570203
-13.58051645
-18.51378254
-15.99949265
-19.83228634
-17.27396656
-16.13287476
-16.63596806
-17.62609222
-15.93824902
-17.87257968
-18.57118503
-17.83871421
-16.72106525
-19.44855093
-19.28951419
-18.04862677
-19.50611470
-17.13933317
-17.95496191
-18.13360838
-16.98884604
-19.49171032
-19.73530665
-14.90579365
-18.92621199
-19.59425287
-16.99392678
-19.47693541
-19.45518397
-18.99680118
-17.17453960
-17.89239995
-15.53798391
-18.25280068
-18.71263095
-17.12763267
-20.29233928
-19.63340571
-18.52412804
-19.24179517
-22.26163640
-18.60972203
-20.08384819
-16.95431233
-10.32561135
-11.17814057
-11.13435315
-11.44377262
-10.92328454
-8.01914679
-11.32281410
-11.09595911
-6.43940339
-6.88418529
-7.62890225
-8.18684188
-6.91372598
-11.06601421
-7.66465231
-9.69049703
-9.25833152
-8.47129129
-7.76977929
-9.07423401
-6.92464241
-9.19200276
-7.88537302
-7.08712999
-7.83616291
-6.79219276
-6.00912141
-8.49746389
-6.32652362
-6.97757830
-6.95090138
-8.45596639
-6.66306255
-6.40069428
-8.42755291
-7.87466199
-6.97168767
-7.07061473
-6.06194887
-10.71201455
-8.14973784
-8.30225748
-11.02583887
-11.10353525
-11.29718920
-11.40904738
-8.85970881
-8.30836571
-10.12581458
-7.93510124
-9.66292000
-11.11129915
-11.49478661
-8.30073132
-9.60129065
-10.53752538
-7.06046266
-8.13151419
-7.32664127
-7.57021746
-8.62933228
-11.41721546
-11.43363514
-8.08278181
-11.51408906
-11.29859921
-11.64270877
-10.02665911
-11.44364962
-10.25642008
-8.96791464
-8.07372104
-9.97191575
-10.73811305
-7.62998939
-7.99870183
-11.21195673
-11.76469815
-8.09447434
-11.45372258
-8.78491327
-11.18116629
-7.46323052
-6.27192439
-7.24565453
-8.51643986
-12.39349025
-7.26513923
-9.18312549
-7.80685894
-8.14202566
-6.91408712
-6.37163991
-6.40367486
-6.47069865
-5.99665957
-6.19315026
-7.26155246
-11.77369832
-8.42077909
-26.70235995
-25.34137760
-24.18670139
-26.26524005
-24.30184263
-24.57471386
-27.61321939
-25.21525226
-25.98966257
-23.92787849
-26.36681694
-23.89793067
-22.79099022
-23.57924979
-23.58594577
-24.28971994
-24.13546720
-23.77154038
-23.38882955
-23.85975288
-24.23079261
-25.93166680
-25.82400604
-23.64392335
-26.41793012
-24.26331976
-23.50557554
-24.29435080
-23.46956164
-26.04017404
-26.71797432
-24.00133784
-22.44957214
-24.10420387
-24.63341561
-22.75404828
-22.59124577
-23.93671026
-24.77701917
-23.40889054
-23.42171608
-22.70738452
-23.50476207
-22.83914317
-22.92235475
-23.17860752
-23.85613295
-23.43912694
-22.64851913
-23.26398802
-23.26134716
-26.10018711
-23.07109500
-23.67720651
-24.17450627
-26.19307275
-24.41886018
-24.21378078
-25.22460396
-25.69620740
-26.39077677
-24.90672218
-26.28669489
-24.75361331
-25.06161008
-23.96444662
-24.16462405
-25.57180976
-23.78706752
-26.64483643
-25.57102618
-24.01070103
-23.55252993
-24.69975846
-24.05587887
-26.51731364
-26.51714574
-26.18809587
-26.64551242
-24.36915839
-25.95446522
-26.19020464
-26.19020464
-23.01460707
-22.54117043
-23.04121957
-25.48623415
-23.78544621
-23.06381776
-23.57281306
-23.92706715
-22.71724273
-23.21976620
-26.13093583
-23.86963477
-23.50191730
-23.82809956
-24.82123004
-23.60759032
-23.04883971
-20.73908429
-20.89999394
-21.04906569
-22.10562960
-22.32294309
-21.48720023
-21.66440601
-20.99129182
-20.97195110
-22.43852289
-21.07419377
-20.98820239
-21.26971667
-21.00707349
-21.98958655
-21.88300916
-21.20187281
-21.47655432
-22.04507183
-21.01410863
-21.66614320
-21.31171258
-20.15372747
-21.40371948
-21.37713484
-22.59103913
-19.85065764
-21.77358702
-20.57040947
-24.13645640
-20.61972858
-20.90432474
-21.39399922
-21.68906572
-21.47844354
-21.15424620
-22.17017008
-20.98461949
-21.36282934
-20.60598648
-21.03800161
-21.17539312
-21.03196436
-20.97522554
-21.55277417
-20.54056301
-22.10320104
-22.68163088
-20.29270227
-20.65284023
-21.34286101
-21.44391489
-22.24833964
-21.58107676
-23.51087130
-20.73404022
-21.02340608
-20.63460143
-21.41956942
-21.29981920
-22.91514976
-21.14612976
-21.29720479
-22.24292710
-20.78024044
-21.73332370
-21.00635508
-21.47889100
-23.85769810
-22.36792972
-20.91539405
-22.23356850
-21.60008827
-22.01855909
-21.01851743
-21.25149462
-21.95167274
-22.80404302
-20.74371605
-22.16237681
-21.99223463
-20.88622827
-20.69675756
-21.07867772
-21.00060917
-20.36220514
-20.93153574
-20.59164891
-19.81342898
-20.99097333
-21.20153701
-20.28034856
-21.13420230
-20.78175467
-20.55041912
-20.08241385
-21.17330641
-20.29887818
-21.21776181
-20.05682035
-18.72727530
-19.16026056
-19.08927783
-18.16310706
-17.00964302
-20.12630495
-21.66790032
-20.79200837
-21.30220104
-20.73301307
-21.79851667
-21.37601070
-19.54627359
-19.75820860
-21.68850738
-21.09015141
-19.15066314
-19.71542634
-19.00275034
-21.42657925
-18.78009862
-19.25962020
-19.01574595
-19.67452753
-21.98444217
-21.84352376
-20.63801826
-20.06960454
-20.54520830
-19.96724425
-21.68915656
-19.66553456
-21.84879166
-20.69176318
-22.05667597
-22.05667597
-21.47602106
-21.12493608
-19.68743211
-20.68891213
-21.69545829
-20.69234930
-21.07121704
-20.77183945
-19.67148311
-21.85708744
-21.72289240
-21.41820356
-20.20725007
-21.79951930
-20.08956887
-21.03336844
-20.62781661
-20.43420414
-20.05276841
-21.53223894
-19.75694324
-21.98426155
-18.11805493
-20.87703099
-20.55690042
-20.27580068
-20.09762195
-21.52214147
-21.52912285
-19.18986568
-21.84939441
-17.85550856
-21.62696543
-19.53952595
-21.26788277
-20.03126721
-21.76870892
-19.99785642
-21.24810712
-19.87753450
-19.36810500
-19.43699640
-19.05548208
-22.11334245
-22.05667597
-22.05667597
-22.05667597
-22.05667597
-21.98426155
-21.98426155
-21.77389379
-21.15803231
-18.83369899
-18.63156572
-21.56175289
-21.28829627
-19.94332243
-20.17900323
-18.04939492
-19.73926130
-21.49139339
-20.55534184
-20.87661960
-21.60062460
-15.37163652
-16.16718004
-17.77979065
-15.14445765
-16.13405819
-15.79854528
-15.79482244
-16.79113325
-19.71253609
-17.04131819
-17.43344246
-16.09378785
-16.82928134
-17.70405818
-15.04766348
-17.25565084
-16.01811500
-16.31431292
-15.43814991
-17.04941736
-15.85543400
-16.51921025
-15.05932565
-16.11154452
-15.40199995
-20.01431757
-13.34057187
-18.00182122
-16.53583838
-14.74498102
-16.53920275
-15.61470260
-16.70944710
-15.31883804
-14.88544583
-15.73936678
-15.64833024
-14.48383801
-14.15965837
-16.19369179
-15.71848428
-13.59925806
-18.27551858
-17.40696109
-16.13106771
-20.08637812
-15.81980483
-14.27979573
-16.46741843
-16.57964566
-16.75423568
-15.51292977
-16.14465712
-17.05137982
-16.30177438
-16.55518668
-15.81081848
-17.71538547
-15.92884555
-15.94821561
-16.60309286
-19.32292581
-15.09879815
-16.25418835
-16.01224465
-15.45212809
-14.15814998
-17.20861897
-17.09242586
-15.94782353
-14.53321392
-15.46529744
-16.73298589
-17.38960256
-15.92672401
-16.74751859
-18.21315830
-16.45550327
-16.38257972
-17.51448741
-16.96142632
-15.14514958
-15.71163061
-16.62066481
-16.00823921
-16.51407315
-20.35387502
-16.51624870
-15.72713653
-15.51325576
-16.81223704
-19.58436351
-17.10435692
-16.74623901
-14.97677232
-14.85948591
-14.86114761
-17.11937895
-18.20856597
-15.20901014
-19.08479546
-19.08974821
-18.49448010
-18.82044693
-18.82945548
-19.42061609
-18.75878087
-18.50840474
-18.50018409
-18.75984150
-19.27179535
-19.28194547
-19.27160372
-18.51581356
-18.84034751
-18.30484670
-19.07776110
-19.43228954
-19.27237673
-19.27239417
-19.06082939
-20.06326282
-20.38980262
-19.81271092
-19.04313973
-19.27008586
-18.12678333
-19.42179459
-18.79381633
-18.90210047
-19.28161273
-19.65288983
-19.11549127
-18.67808788
-19.07245392
-19.27128482
-18.69659744
-18.48984774
-18.69092663
-19.61588298
-18.49441822
-18.81471548
-19.42854121
-18.49359739
-18.81578316
-18.49437041
-19.08076244
-18.31845591
-18.81572062
-18.49447429
-18.83172596
-18.83440918
-18.82250636
-18.76121373
-18.83653747
-18.51161541
-18.83458324
-19.21718314
-18.52790369
-19.06441653
-18.69177946
-18.53918417
-18.69468764
-18.89832643
-19.17315324
-20.28418156
-19.88202600
-19.15246544
-20.34710316
-19.47568225
-20.32683070
-18.84326107
-18.84126589
-20.00074319
-19.44285811
-19.21806788
-21.71453919
-19.59111029
-19.42566497
-18.83315663
-19.18237193
-18.27623474
-18.52392874
-19.20364909
-18.60428412
-19.32184670
-18.44185207
-17.84028220
-18.13378254
-18.88023383
-18.73056668
-18.98226087
-18.55956174
-18.24556131
-18.50895850
-18.50935744
-18.26163061
-18.26783472
-18.86176645
-18.84845666
-8.87040425
-9.21542049
-9.22561519
-9.75480210
-9.31368830
-8.95652758
-8.97787766
-8.84074292
-8.49147744
-9.00111520
-9.13446214
-8.37613226
-8.43276377
-8.43463942
-8.25297194
-10.27620748
-8.61447283
-8.69957773
-8.27851774
-8.35570837
-8.37301375
-9.14749742
-9.01969269
-8.86044221
-7.50918113
-7.58701763
-6.67922744
-8.10839256
-8.71872163
-8.39510422
-8.92969182
-9.04460530
-8.53123529
-8.62922362
-8.19048674
-8.81459880
-8.59816319
-8.40505918
-8.69190676
-8.76327149
-9.60806946
-8.39702091
-8.38829561
-8.19780467
-8.80530875
-8.51927398
-7.55256506
-8.19113096
-8.35455854
-8.22710596
-9.17116246
-8.06306328
-8.99100270
-8.01973272
-9.98568233
-9.16341582
-9.15658403
-9.23301935
-9.46278649
-9.03098510
-8.95914087
-8.48899083
-9.46821616
-8.46645595
-8.99103156
-8.28869998
-7.95398262
-8.23768047
-7.62872447
-8.80170966
-7.79632932
-8.41268593
-6.44991578
-7.76584088
-7.80102595
-8.65882897
-8.37926458
-8.06635378
-9.26896928
-8.87207314
-7.96904421
-8.56960023
-8.63231290
-8.24884817
-8.39889708
-9.10197189
-8.42468533
-9.94175760
-8.88413528
-8.65425833
-7.98826756
-8.70818109
-8.47283060
-9.10007307
-8.82630719
-8.50415137
-8.63408789
-8.34173553
-7.26345771
-8.51372932
-19.78219019
-17.87378064
-19.74025254
-19.99075695
-16.59495939
-19.62084579
-19.85690388
-18.61345101
-19.13405550
-19.52714334
-18.68775902
-18.67919117
-20.03369969
-19.71243303
-19.72260144
-18.51264915
-20.19931976
-19.38053562
-20.03772528
-19.15253668
-16.40943285
-19.94702394
-19.60672405
-18.84002965
-19.93319727
-20.55475898
-19.98653763
-19.01636025
-18.60269741
-19.26303384
-20.11056138
-20.28646745
-20.47868161
-20.37375157
-19.79361870
-20.05675709
-18.83509733
-20.39482677
-20.10822082
-19.53879269
-20.78586949
-19.87919653
-20.59143836
-18.71152896
-19.98109487
-21.12603083
-20.46580912
-20.44185625
-18.68359112
-21.00414275
-17.22996543
-20.01065379
-19.86664460
-20.49605734
-20.72500547
-19.19332902
-18.26282471
-18.26039721
-18.22135534
-19.55260818
-19.41287574
-19.75260804
-20.22428105
-19.59078870
-19.50517558
-19.34371237
-17.79009438
-19.35635502
-20.37822628
-19.72450120
-18.85404623
-17.52575499
-20.56328131
-20.68842680
-16.53407373
-20.03504756
-19.40875534
-17.31106230
-16.02479347
-19.91518687
-18.90541902
-20.09233090
-17.62677565
-20.58542919
-20.60767405
-19.33498336
-20.91270337
-19.50665972
-19.16410246
-18.91239976
-19.89448048
-20.28166175
-20.55069902
-16.97324492
-19.01142957
-18.85107107
-20.30779095
-18.16411382
-20.57279151
-18.55716043
