-30.22927722
-30.75527170
-30.55820221
-30.77346924
-32.87724506
-30.34209238
-30.57028404
-30.82272457
-30.86283410
-30.36186839
-30.98640962
-30.73742185
-28.65883994
-28.39403745
-29.03003576
-32.90304836
-29.96028071
-28.51190949
-31.93306459
-29.55245500
-30.52520065
-29.60581355
-30.62052099
-28.53945007
-31.43907945
-30.17693964
-29.63672550
-30.31494416
-28.92863060
-31.60787964
-31.60675921
-32.09326100
-31.95116896
-32.79876432
-28.97704989
-29.03650831
-29.86808608
-29.73085447
-29.41845884
-32.66981111
-30.02102539
-29.22458256
-29.12031473
-31.90549047
-29.40868117
-30.63890774
-30.38724955
-29.34782842
-31.62443781
-32.68870709
-29.91155619
-32.02982913
-31.23588143
-29.94869566
-31.98943528
-32.85201240
-32.82608347
-32.83995058
-32.03684827
-30.00571297
-29.65315128
-28.60085302
-30.40219567
-31.59254965
-29.59873743
-31.40311982
-27.79551230
-29.32833052
-28.30956433
-31.35585202
-29.90091956
-33.02710065
-31.74466588
-29.98819134
-30.36296269
-31.62508673
-29.46934969
-30.78989382
-29.64148695
-29.76328875
-29.99816632
-32.87950070
-31.40668287
-30.58479116
-32.69136535
-29.80867528
-31.69939228
-31.77522112
-32.99491875
-30.25773725
-30.11918158
-29.89534110
-29.75033417
-30.81956777
-28.86471645
-31.78851636
-28.31149130
-30.74052765
-30.63304463
-30.75287768
-36.80551498
-37.43681004
-35.27237828
-35.04286619
-36.15924526
-35.02393167
-34.67662920
-34.94277709
-36.48868259
-36.54738744
-36.78031508
-35.28745746
-36.93529372
-35.24930681
-37.49172965
-36.86786366
-36.69437492
-37.77845540
-37.27121536
-36.47364680
-37.04204120
-34.85779673
-36.66444861
-37.11747924
-37.23180827
-36.35923332
-36.37396812
-36.21509860
-37.15038115
-37.72006413
-36.54878905
-35.76745970
-36.20324296
-35.46039948
-37.21643686
-36.38158257
-37.28562080
-37.09526500
-37.29482545
-35.38306725
-37.32902370
-36.72089723
-37.27291950
-37.74161713
-36.67387394
-36.84848997
-36.82129170
-37.15227121
-36.35629019
-36.64010196
-36.49705618
-36.68921413
-35.01587963
-36.27288810
-35.03574422
-35.12669036
-35.64658910
-34.90667241
-36.42492113
-36.76676406
-33.93908350
-36.07682006
-35.02339416
-35.16099993
-35.36372536
-37.49768343
-37.40528434
-37.15260175
-36.02047417
-36.20569141
-37.13117286
-36.55693321
-36.52651431
-35.59082017
-36.84783679
-36.44450610
-36.20291474
-35.18009585
-36.83138775
-36.66885813
-36.09375178
-37.43724916
-37.70042544
-36.34549663
-36.23083875
-38.11197864
-35.72327555
-36.85754067
-36.73610398
-36.75245812
-36.61532718
-36.71225832
-37.37272109
-36.56178707
-37.71986029
-37.75489199
-36.64440122
-35.66535508
-36.71237324
-36.77345638
-25.86876946
-25.74048896
-19.95115391
-22.82412786
-23.21091608
-23.30140879
-24.35630434
-24.55600356
-25.62842348
-25.24698983
-29.65801806
-27.75488781
-28.89672412
-28.21105181
-27.78962620
-27.88071586
-31.57003865
-29.62901123
-28.78675671
-29.54133772
-30.62461179
-30.50709393
-28.83864828
-28.61257181
-30.17030260
-30.59915303
-29.53201603
-29.17694623
-29.02774801
-29.14143986
-29.75632890
-29.09983078
-28.91726889
-30.17653120
-26.81542851
-25.25092994
-27.64092909
-26.12739843
-28.36907601
-26.73499626
-27.12843292
-28.21497399
-27.92421818
-27.62789739
-28.91461177
-29.10157779
-30.47278851
-29.71921130
-29.11559519
-30.56096035
-30.03812121
-28.59306186
-28.74981666
-29.60021711
-28.93711033
-28.81975967
-30.90016403
-29.56489104
-29.55422043
-30.55807743
-29.72122901
-28.81308611
-29.48889751
-30.64626520
-21.45920479
-20.39998028
-18.63087141
-18.50045252
-18.26467674
-17.12640620
-21.49311431
-20.78351232
-27.14065927
-18.51076668
-30.67646304
-28.48585618
-30.38324091
-30.48891154
-30.02694204
-28.53531032
-29.88563675
-28.78839745
-29.80846054
-30.45721391
-30.00232653
-28.94523653
-30.55510040
-29.95195196
-28.68665772
-30.03239238
-28.81395645
-28.87044905
-29.07954009
-29.90355189
-28.81876877
-30.14184404
-28.83335044
-29.11473367
-30.67973103
-28.80047197
-38.04881936
-35.97619054
-38.12822551
-38.34439909
-38.34296204
-35.78321029
-38.34439909
-35.85422835
-38.06273573
-36.28762562
-36.90565902
-37.62324453
-35.77215088
-38.10724703
-36.25987959
-38.12562631
-38.32480513
-37.78393245
-38.32480513
-38.45880507
-36.18871382
-38.06260925
-35.97894944
-36.17930808
-38.04561850
-35.94665523
-38.23786735
-37.35402843
-36.05344129
-35.23235247
-35.86037548
-37.69462792
-37.66612768
-37.78604292
-37.73664552
-36.30259167
-37.69472678
-37.69574732
-37.69574732
-37.64454317
-37.70140959
-37.77806134
-37.67594529
-36.28928060
-36.04799982
-35.03509656
-37.56754316
-37.35351495
-35.07219865
-32.56619085
-36.90818786
-35.76049418
-38.33162982
-38.33341110
-38.33730224
-38.33874879
-38.18705895
-35.92663638
-37.65903527
-35.01145683
-35.43659324
-35.38376939
-37.94781250
-37.79239963
-35.61613927
-35.40189372
-35.59093128
-37.52518460
-36.56733778
-37.43148918
-35.46019090
-37.57617359
-38.36525565
-38.21899147
-35.99686156
-34.24920470
-34.98863896
-34.86839049
-35.79344689
-35.35568803
-35.54646944
-37.96960977
-37.72780293
-37.93888758
-37.85553995
-35.72107665
-36.32355491
-34.76946757
-34.21929127
-34.36725141
-34.15695356
-31.75270292
-36.70842197
-33.48011603
-36.56089331
-37.42557505
-38.33585595
-38.33763415
-38.32805634
-38.32984448
-29.15562728
-29.14771193
-28.64589692
-29.20929456
-29.25809825
-29.34924066
-29.01315360
-29.18692625
-28.84322798
-28.96467905
-28.59864579
-28.67201564
-28.99079264
-28.99747121
-29.06748801
-29.29051693
-29.05112430
-29.05206303
-29.06799366
-28.86531825
-29.05648333
-28.91858288
-28.97575951
-27.61718587
-28.41556009
-28.26958710
-28.14254519
-27.82953678
-28.43734039
-28.49104815
-27.96898351
-28.50810843
-27.57693043
-29.13253367
-27.85254955
-29.03600357
-28.00636556
-29.77845753
-29.10240708
-27.81994802
-27.22256167
-28.31126784
-28.98473293
-28.99647074
-28.99121015
-29.12691092
-28.92467275
-28.95040911
-28.70405368
-28.91883438
-28.32837875
-28.95230891
-29.04749254
-28.98101936
-28.95648005
-28.98564760
-28.35936598
-28.93018015
-29.07090438
-28.96698765
-28.94697013
-28.97527461
-28.90153143
-29.10262745
-28.92194008
-28.88465301
-28.46826435
-26.75388607
-25.97930162
-26.97693337
-25.58421802
-28.15522248
-27.26561601
-27.59728628
-27.50121735
-28.26599701
-28.88737030
-29.02806647
-27.10998777
-28.73024850
-28.46677994
-28.54392500
-28.13936391
-28.63413890
-27.41143181
-27.80760070
-29.10514764
-28.60257118
-28.99033609
-28.99352233
-28.39786207
-28.99185541
-29.06060124
-28.84893779
-28.98495498
-28.95453567
-29.10577785
-28.69266239
-28.38754468
-26.92737862
-29.02089732
-28.44274588
-28.34784644
-28.57792787
-28.61231332
-28.29064919
-28.61534175
-29.10898324
-28.35768532
-29.03486423
-29.16604532
-28.74377636
-28.57061783
-28.65969577
-29.31545877
-28.47451873
-29.03353789
-29.27360565
-28.57852037
-28.52285499
-28.42807290
-28.43882623
-27.96111601
-28.49688764
-28.41854492
-29.38719672
-28.49829877
-28.60192933
-28.56405444
-28.16758021
-28.14473868
-28.10934362
-27.89023782
-28.28168470
-28.88751285
-29.13590835
-28.17254637
-28.68744970
-28.51718579
-28.12991671
-28.60282143
-28.50288667
-28.24810867
-28.82087400
-28.30385009
-28.85574438
-28.21296367
-28.81645757
-28.99524003
-28.86243544
-28.58853248
-28.96335386
-28.75768928
-28.73043505
-28.90143811
-28.93885007
-28.48887224
-29.17626822
-28.44872207
-29.36197270
-28.88046083
-28.27422602
-29.47392503
-28.44669029
-28.37213625
-28.32344305
-28.35579835
-28.30168933
-28.32583377
-28.55546911
-28.65098083
-28.64527895
-28.21938117
-28.48325096
-28.59271597
-28.38428982
-28.28658390
-28.29481838
-28.46368956
-27.88226749
-28.50941062
-29.26669821
-29.18675724
-28.17929186
-28.87888826
-29.19354793
-27.93379298
-28.72052260
-29.28245394
-28.64794689
-28.29825420
-27.13665482
-28.76211291
-28.92964308
-27.48746355
-28.80950868
-28.39062026
-28.63749030
-29.06172364
-29.13177545
-38.10480032
-37.28778300
-36.82704793
-39.44687505
-37.21087779
-37.39476890
-37.37262027
-37.39232343
-36.84347317
-37.30021029
-36.56934124
-39.14907479
-37.27235707
-36.53174725
-37.03655163
-37.14452713
-38.83325285
-36.07877575
-36.98329070
-34.72293432
-36.59565025
-35.99528121
-36.60146729
-35.81950900
-39.73121691
-36.63944055
-37.42945373
-39.51233791
-36.59972495
-37.28464243
-39.93133907
-34.81046247
-37.45603800
-39.97356945
-39.81664772
-37.73294170
-37.26142857
-37.82767588
-37.03370135
-35.76642148
-37.52645700
-38.27060980
-39.35455254
-37.57899869
-34.94543395
-39.39206315
-38.94826530
-38.08396368
-37.40042516
-40.64039710
-38.79316090
-39.99108616
-39.57713075
-40.90055773
-38.68017240
-38.90027737
-39.08263003
-36.80500878
-39.09544258
-39.66064435
-38.15737883
-36.89258039
-38.87194413
-38.63842349
-35.64860770
-38.83719118
-36.31007245
-36.06873308
-36.13482296
-37.54325362
-40.00177036
-39.19934859
-39.86968461
-37.61048017
-40.08534100
-39.06779462
-38.72392891
-40.73814172
-40.88587362
-37.09471575
-39.98142773
-39.33157444
-37.64103961
-39.36899915
-39.40201373
-37.28496243
-35.93511855
-36.75179913
-35.26101969
-39.37101100
-40.23397778
-39.09308285
-40.02917370
-39.02791296
-41.01671753
-38.97835750
-40.06903233
-39.33089897
-36.82346073
-36.99900346
-29.13371635
-29.03021316
-28.80466280
-28.45899082
-28.11110548
-29.77276673
-28.00412101
-28.25985146
-28.65539931
-29.18002355
-29.55643599
-30.32282562
-29.66798142
-30.25816946
-28.65889976
-29.99586942
-30.02278528
-30.19422566
-30.05895419
-29.85714998
-29.62856846
-29.12483162
-29.55311889
-29.56117222
-30.17156942
-29.66766299
-27.95050536
-29.61936876
-29.20210489
-29.04024653
-29.95428469
-29.37874393
-28.70645541
-29.23844260
-29.94672458
-29.61897620
-31.08967885
-25.23472385
-29.28759328
-29.75487134
-28.43498341
-29.96702393
-29.59089207
-30.02442938
-29.99973131
-28.00903154
-28.96785445
-30.00811268
-28.49466171
-28.87368832
-28.89449975
-28.34571969
-28.15964999
-28.97902859
-28.95546984
-29.78934359
-29.34623926
-29.92860767
-28.61052742
-28.36735710
-29.82157948
-29.86425294
-29.43021940
-29.42702341
-29.95844607
-30.33757159
-30.03327553
-30.55707989
-29.54478094
-29.95866374
-30.18546731
-29.81188431
-28.98154292
-29.80658684
-24.97253968
-27.73900023
-25.50558876
-25.26403322
-26.36646124
-24.94893723
-29.97756775
-29.74653694
-29.69087280
-30.01243062
-29.39840887
-28.45491245
-28.92391127
-28.11341309
-29.83005705
-29.77266237
-29.50876749
-29.46630321
-29.85902270
-29.77194609
-30.26395464
-29.94168372
-28.36356375
-29.61318075
-30.37621380
-30.33372923
-24.78534321
-24.56227308
-24.20713125
-24.90782280
-24.58240012
-22.28280376
-24.64358609
-24.71479517
-23.72929104
-24.99482978
-25.22753937
-24.02966007
-23.79075526
-21.49325082
-22.44994583
-23.76420167
-21.09337302
-21.10858058
-23.55666350
-23.72540834
-20.49453032
-22.52155537
-22.24157595
-23.27212054
-20.91342271
-22.33343175
-23.21531038
-21.92845217
-22.62267631
-22.15401331
-23.03355728
-21.81622165
-22.20051381
-21.35222829
-24.68930541
-22.52245965
-22.40789997
-21.81992158
-22.78890553
-25.62659491
-23.82862790
-25.12242066
-24.05353775
-28.29751102
-24.23092059
-24.20404892
-25.48562298
-24.87648975
-24.62935276
-23.85172718
-24.34238515
-24.98149864
-23.74199476
-24.38688660
-24.20603667
-23.46119809
-23.81769041
-24.75000840
-22.94291232
-22.18512840
-21.94833929
-22.60209557
-21.64849231
-23.58610373
-22.82932170
-23.41874916
-21.37530195
-23.45693363
-23.45790963
-23.32907841
-21.78529997
-23.56599761
-23.22032247
-23.35643975
-21.75362589
-22.60014791
-22.85815440
-22.56640196
-22.93820103
-20.13148923
-19.25215169
-22.48370973
-19.27975591
-19.36204604
-20.49037290
-19.26476551
-19.20893517
-18.88350726
-18.66883593
-22.23951960
-23.38632818
-25.01866768
-24.96317481
-24.89786457
-25.10782002
-26.37542393
-22.91310538
-25.61200267
-22.12066716
-25.48613282
-27.57140501
-27.31959967
-30.92259815
-31.05457147
-29.38408382
-29.90576129
-28.12523975
-29.92053712
-30.86668422
-29.72807872
-28.91797487
-29.64659916
-29.02302170
-29.27705381
-30.61800250
-29.72882796
-28.60259647
-29.29588021
-29.08733069
-27.80512889
-28.80685533
-29.37005957
-29.66292512
-27.98097405
-30.98578479
-28.68050496
-28.60185456
-27.42212940
-27.31805206
-28.01332035
-29.37439801
-29.09909505
-27.56784907
-27.62722443
-28.62716496
-28.48910591
-30.59518131
-28.50345534
-30.88345838
-29.25755139
-30.08539957
-29.04221536
-29.76867952
-28.96308251
-28.45150635
-29.04375616
-29.41985043
-29.63315088
-28.91723592
-27.98720209
-30.90421539
-29.68085590
-31.03343808
-27.94192320
-31.31886186
-28.86899652
-27.95812951
-29.81135602
-27.88469222
-27.15528361
-28.90011361
-27.14595674
-28.79144734
-31.07403977
-27.74989722
-30.90323617
-27.90845449
-29.38146143
-29.14059567
-29.49866678
-28.36042430
-30.39263647
-27.79021187
-29.03815657
-29.72594779
-29.14508950
-29.16485658
-29.35605134
-28.96076453
-29.52889095
-29.10500413
-29.57203458
-29.82163235
-27.02190262
-28.82426161
-25.57663896
-27.71707187
-27.40955559
-29.00669793
-28.54764608
-31.28498987
-29.17985983
-29.32738958
-29.16099655
-28.92767909
-28.61561703
-29.13375275
-29.14534417
-28.61883426
-27.45468276
-30.73641419
-32.67125621
-31.49004302
-31.30189743
-31.82887071
-32.70356020
-32.92274153
-32.51172712
-32.49275602
-32.82271667
-32.74385301
-32.53116750
-32.80251951
-32.69008445
-33.02842313
-32.31629657
-31.00255886
-32.04193659
-32.29446619
-31.45415709
-32.25307528
-31.66738079
-30.86872761
-31.95187629
-31.24727691
-32.19418584
-32.49654882
-32.20583575
-32.08272734
-32.25482277
-31.90189897
-31.56292918
-31.52930458
-31.36945482
-31.15566802
-33.28667709
-29.75293136
-30.93786372
-30.94826163
-32.25435581
-31.68152987
-31.41620498
-31.56150032
-32.46516761
-31.41090309
-31.19973349
-30.81569422
-32.75740135
-31.39484773
-32.50119067
-32.77262121
-32.54744213
-32.80160953
-32.38375161
-32.50877316
-32.67381111
-32.78829405
-32.72606102
-32.62115579
-31.15404933
-31.40630627
-31.32543605
-31.99819249
-31.21497812
-31.61620308
-32.19930642
-31.67463173
-31.38582358
-32.54046112
-32.59795468
-32.08568850
-32.04507251
-32.67598096
-32.43455215
-32.69306320
-32.39815507
-32.64423816
-29.84013533
-31.25444884
-31.61788360
-30.83617650
-31.35416253
-31.38830414
-31.31950518
-32.33742662
-31.56375241
-31.51058246
-31.60886109
-31.56355355
-31.00807022
-31.48149963
-31.76375383
-32.06110720
-32.36533683
-32.90974524
-32.81184178
-32.40595513
-32.78904145
-30.85294958
-32.95418355
-18.48396410
-19.39143888
-21.28984343
-18.04531141
-17.48362472
-17.55869892
-16.87258341
-17.63200007
-19.72555318
-19.76203088
-18.85154284
-19.59843205
-20.24122998
-17.18154486
-20.06710216
-19.38499430
-18.30419987
-18.96525393
-20.45068039
-19.10883733
-18.06903267
-18.10528528
-19.12185235
-17.65904066
-19.42580958
-20.41276459
-17.90363961
-19.20683585
-19.64548897
-18.40958876
-19.52238348
-19.63118571
-18.92880294
-18.91506600
-20.74788612
-19.62545998
-19.44393307
-19.30737753
-20.52206528
-18.88985366
-17.50819463
-18.10861819
-20.78269866
-20.88200208
-20.68891573
-21.23414351
-21.64963146
-18.40465525
-19.63377751
-20.32859953
-21.60972721
-21.58835333
-20.94273152
-21.28163302
-20.97940309
-20.65821403
-21.95095939
-22.40782459
-20.71608603
-17.80197297
-19.61959554
-18.72165240
-18.83063012
-18.90079654
-19.45764218
-19.56678687
-22.36162651
-19.81413249
-19.82290774
-19.49628472
-19.23465753
-18.76149347
-20.00699627
-18.20407457
-17.73171959
-20.67164669
-21.24437944
-20.59546609
-19.04574414
-19.69404826
-20.79753432
-19.35477191
-19.29934079
-22.09566903
-18.71403126
-19.66194055
-19.27141427
-19.25888445
-19.14868942
-19.26843272
-19.40988468
-19.41947254
-19.55242807
-19.16158612
-18.65337900
-18.48758342
-19.07895209
-17.95993491
-18.15477254
-17.35134241
-39.93039554
-41.03320562
-41.20909924
-41.02777041
-40.92814755
-41.23072043
-41.29929695
-40.92790512
-40.97752830
-41.57628214
-40.41247244
-40.81838747
-40.82463751
-41.12795549
-39.40003186
-41.07312324
-40.25237412
-41.21392681
-41.00124389
-40.99665149
-40.76468208
-40.08247599
-39.26101155
-39.35005334
-41.03915613
-40.37512900
-41.20491740
-40.41751798
-39.26081026
-41.08646904
-41.12254298
-41.14817841
-40.77645812
-40.84058122
-40.61874818
-40.62776100
-39.87837841
-40.93449104
-41.03872538
-40.87427990
-40.78453133
-40.84920009
-41.01340987
-40.82686419
-40.27925710
-38.53492436
-40.54095922
-40.69949749
-40.74197301
-40.74363454
-40.58555480
-40.55731486
-40.77998718
-41.16064077
-39.85926943
-41.40401903
-40.80322309
-38.95940550
-39.75407483
-41.17534554
-39.78986633
-40.88643200
-40.59234491
-41.01855076
-40.21061740
-40.12518674
-41.05285824
-40.97249478
-40.20399948
-40.51467759
-39.61178372
-40.39227642
-41.14800331
-41.13983600
-40.25300971
-40.22268822
-40.79809467
-41.14616797
-40.82918227
-39.81415376
-40.07245685
-40.10489677
-40.72600806
-40.09363500
-38.57829837
-38.85368105
-39.92977294
-40.01621907
-40.32658920
-40.34323145
-40.81127453
-40.69278294
-40.52718656
-40.70308464
-40.84234125
-40.89388559
-40.93793774
-40.17524506
-40.01405271
-41.11367662
-36.86050267
-38.85477398
-35.77898704
-37.35410042
-37.39804300
-37.23142574
-37.62929801
-39.11302636
-37.10593089
-36.81096074
-35.88990830
-35.48132053
-36.85164219
-34.89965451
-35.91132079
-36.36926460
-36.42503096
-37.05192512
-36.28427600
-36.39158194
-36.01076758
-36.51404773
-37.00008454
-36.06647318
-39.04256644
-37.99183547
-36.21362064
-36.40215234
-36.28155868
-34.23968218
-35.83142584
-36.37985657
-36.93855124
-36.56502600
-36.53364840
-35.38762416
-39.04441186
-38.93739950
-36.60921598
-36.90940234
-39.04256644
-37.47636817
-36.09026368
-35.99851503
-36.56881022
-37.76671822
-35.69541505
-37.32357382
-35.26180762
-38.79340358
-36.33450756
-36.23706526
-36.12610981
-35.39729117
-36.32375202
-36.19398473
-36.57864678
-37.16222059
-34.91216343
-34.95057188
-35.47057286
-36.94370853
-35.96077923
-35.87036629
-37.29539538
-36.26558103
-36.48149663
-36.45404870
-36.31887326
-36.47176106
-35.66488933
-37.32421401
-37.02805921
-36.08824868
-36.17323436
-37.65269299
-36.46994730
-36.48833492
-37.11874053
-36.77687474
-34.75691061
-35.45429439
-36.09309252
-37.14152336
-35.96226513
-35.67264441
-34.38495564
-36.01099017
-37.34493690
-35.96791596
-36.49835612
-35.90195889
-35.79429010
-35.01779649
-32.58189796
-36.44411191
-33.51044375
-37.75484484
-34.76282956
-37.75546960
-23.64068047
-23.72238130
-23.52456423
-23.81371263
-23.18350372
-23.47112229
-22.79898860
-23.46330909
-23.91226964
-23.70779040
-23.37082587
-22.83495039
-23.65606308
-23.45550782
-23.30871227
-23.39995906
-23.22234130
-23.47887541
-23.34045026
-22.91503411
-23.67414331
-23.60897822
-24.31801304
-23.10249484
-23.61191087
-23.43247206
-23.34242616
-24.05712088
-23.52565782
-24.15928381
-21.44754610
-22.95549784
-23.57889002
-23.13469157
-23.61507652
-23.88888054
-23.37623451
-22.97377583
-24.65601968
-23.62299388
-23.78459553
-23.28160330
-23.11759674
-23.35130881
-24.37392177
-23.28641879
-23.14206363
-24.45967422
-23.85909264
-24.42363692
-23.29495812
-24.38136320
-24.18341683
-24.43967246
-23.74101148
-23.18355235
-23.84437365
-23.40239593
-23.19123488
-23.20005739
-23.13434633
-23.25572374
-24.01262678
-23.24504872
-22.62540754
-23.26434256
-23.27569696
-24.37302446
-23.87859674
-23.58352758
-23.63019907
-23.59905977
-23.43926365
-23.74915025
-23.71817497
-22.89236427
-23.75421943
-24.25849259
-23.34545802
-24.18654328
-23.61661957
-23.54561763
-23.60740274
-24.32339448
-23.72634340
-24.25378450
-23.78018278
-23.68146584
-23.21779053
-22.81667475
-23.78813141
-24.26955345
-23.34897423
-23.94173417
-23.48896490
-22.98036934
-24.42150223
-24.12100980
-22.84944299
-23.33593473
-42.50045958
-43.18273828
-43.31035988
-43.66223519
-44.37959391
-44.37959391
-43.91775716
-40.13645989
-42.12745670
-41.03140334
-42.33521544
-42.43230435
-45.62644709
-42.57258641
-42.25274924
-40.71969055
-43.05811279
-41.48586546
-42.79081918
-42.36572086
-42.97791014
-43.46869827
-42.49260823
-42.51380328
-42.56984958
-42.57205543
-42.58460949
-38.60583323
-42.01317927
-42.39463935
-42.41020420
-42.40132971
-42.39505483
-42.38115082
-40.22142256
-39.93940739
-37.58236238
-38.16405588
-42.38037060
-42.59185233
-43.67553154
-42.79848905
-42.92802846
-43.34166701
-42.79861613
-42.50852730
-43.97501389
-42.66137661
-38.26611696
-42.42326697
-42.41960137
-42.24973610
-42.60874619
-42.59307509
-42.59366923
-42.59074834
-42.61736520
-42.02555938
-42.60327019
-42.59225323
-42.14686324
-40.89810861
-42.88772106
-42.85319495
-43.47480534
-45.27747379
-43.13021626
-42.81511955
-42.79797928
-42.31969628
-42.82445749
-44.90091417
-42.92245966
-42.60948659
-42.31964311
-42.45605535
-43.24183734
-43.25350012
-43.11210624
-43.04001710
-42.44166724
-42.41584796
-42.66003985
-42.68597632
-42.25058251
-42.76456434
-42.20083255
-43.51283382
-43.93280883
-42.83946148
-42.57290026
-44.41087970
-44.41087970
-44.41087970
-44.41087970
-44.41087970
-44.41087970
-44.48909755
-44.41087970
-44.41087970
-27.29362073
-26.29911050
-28.25857229
-28.78352590
-28.47585098
-28.06283572
-26.80634620
-28.74250195
-28.35292211
-28.64619056
-26.93881290
-28.25739127
-26.81493143
-28.39970067
-28.63826174
-27.91459868
-27.82592759
-28.78773596
-28.41838819
-28.56103977
-27.53609839
-28.19509670
-28.85020424
-28.65713150
-27.47525977
-27.01157216
-28.10797348
-26.94763082
-27.59807162
-24.39183046
-25.66602839
-28.80816199
-28.50607908
-27.22864161
-28.26038428
-28.93343890
-27.70604582
-28.92813636
-28.92813636
-28.92813636
-28.92813636
-24.92434251
-28.31906319
-28.50320500
-28.47923072
-28.69726532
-28.20556843
-26.84950228
-26.38687564
-26.09649021
-25.95188642
-28.25614587
-28.97752590
-29.01589017
-28.29675934
-29.07911342
-29.01589017
-28.97686315
-28.92813636
-25.31993104
-25.11393352
-27.95668907
-27.81526791
-28.20670810
-27.96538916
-27.96969302
-28.83559390
-29.13385000
-29.01589017
-28.05210648
-28.60231565
-28.73453875
-28.38332475
-28.51328307
-26.40266659
-28.84986780
-28.78686071
-28.39837977
-26.85673200
-26.63358977
-29.01589017
-28.93343890
-27.09811076
-27.17697722
-28.50726884
-28.91634178
-28.27319784
-28.50358015
-28.45965969
-25.62297582
-26.27453453
-27.18685548
-26.94628704
-27.40688761
-26.24082777
-27.49299901
-25.24457551
-26.32770479
-25.74194786
-27.64600692
-23.45817539
-23.25456524
-21.25431964
-23.08917425
-21.99360921
-23.53140386
-22.72900121
-23.50980362
-23.41359298
-23.68244495
-23.63565007
-23.42651645
-22.89547231
-23.44238121
-23.61285651
-23.27781823
-23.33778402
-21.82500505
-23.33107229
-23.06167486
-23.56592953
-23.48975244
-23.43457829
-22.23278453
-23.58667969
-23.34994684
-22.07718748
-21.94704344
-23.57197653
-23.46728265
-23.01578603
-23.34673502
-22.75515633
-22.78099310
-21.76574413
-22.69365666
-23.51791902
-22.69830551
-23.43540068
-22.37975522
-21.49640829
-21.28318980
-20.22720653
-22.64041657
-21.46847614
-22.11095358
-20.03905531
-20.22646592
-22.73509512
-23.54738191
-21.47912082
-23.70597934
-23.28631822
-23.61329522
-21.95025452
-21.56611728
-23.38195112
-23.51964716
-24.06068197
-23.50128482
-23.48961455
-23.37133242
-23.36514711
-23.36925206
-22.18612194
-21.84693326
-23.57934932
-22.79492401
-23.55807624
-22.20713631
-23.39550258
-23.44642242
-21.73792057
-22.74800930
-22.15857181
-21.49075823
-20.89659748
-22.13652373
-20.23233005
-20.95670307
-20.59351287
-20.31674582
-21.01192975
-22.87012916
-22.70918959
-21.33507984
-21.45425576
-23.54641013
-22.98556713
-22.29931843
-21.44723410
-21.89355518
-21.33989024
-21.37422057
-22.76795568
-22.64784276
-22.31809513
-21.02576794
-17.36205871
-20.75879433
-26.66379154
-25.77784648
-24.29579820
-25.81822864
-26.98373355
-25.28476027
-25.89776794
-25.56698832
-25.01496587
-27.89464209
-26.96858146
-24.60008629
-24.24072527
-26.14666989
-25.23496298
-24.92053418
-24.28963035
-26.40326397
-26.31646282
-24.74801112
-24.97059332
-26.35031358
-24.72191963
-25.78919056
-26.02516539
-22.98309523
-24.02568660
-24.90136186
-24.50497808
-25.20202519
-25.42709564
-24.37328814
-27.73127197
-24.40523814
-27.81937322
-27.70851860
-26.69558106
-24.98494138
-24.38454659
-25.79009645
-25.53732126
-26.07597639
-24.47973004
-26.53696077
-25.34680260
-25.12611911
-25.03731103
-25.60462253
-25.69622691
-25.11038889
-26.05295959
-25.40188933
-25.37739381
-24.78355937
-27.44044215
-27.86325389
-25.55636027
-25.20101594
-27.66359801
-26.64353207
-25.58868006
-25.58217096
-24.66384906
-25.94724126
-28.28756490
-27.50750401
-23.71149306
-25.86394313
-24.62359981
-25.36131496
-24.84914665
-24.71652365
-26.66979063
-24.38426387
-24.18333819
-27.41780143
-27.34190867
-25.72002536
-25.82088595
-22.65726797
-23.46918106
-24.96764661
-24.77637345
-23.75050901
-24.17523601
-27.12011997
-26.18817433
-25.24225152
-24.26487702
-25.20721621
-25.84064442
-25.54430010
-25.97760866
-26.06327530
-23.73176068
-24.04247193
-22.11609142
-27.70083122
-25.93418856
-25.13662601
-42.46297203
-42.46297203
-42.46297203
-42.46297203
-42.46297203
-42.46395271
-38.80035990
-42.46395271
-42.46042590
-42.25739339
-42.45944358
-42.45944358
-42.45944358
-42.45944358
-42.45865480
-42.45768435
-42.46297203
-42.46042590
-41.83891267
-42.91404711
-39.35706254
-39.47060092
-39.97817670
-38.77818944
-39.48681693
-39.32508772
-38.10253971
-38.71751777
-40.25965539
-39.85017703
-39.57647406
-39.60555817
-38.98895863
-39.22360541
-41.02413840
-35.05252980
-35.52058303
-38.01209486
-38.95748656
-40.91086527
-39.38968708
-39.40027153
-37.30893352
-39.89573225
-38.15497343
-42.46297203
-42.46297203
-42.46297203
-42.46297203
-42.46297203
-40.37541372
-42.46297203
-42.46297203
-42.46297203
-42.46297203
-42.46297203
-42.46297203
-42.46297203
-42.46324800
-42.46297203
-42.46297203
-42.06037383
-42.81981017
-42.32890184
-42.45008438
-42.45669854
-42.45823735
-42.57950375
-42.45669854
-42.45768435
-42.45768435
-40.68842405
-39.85594999
-39.33412516
-39.49279681
-36.64843911
-39.84565052
-38.38682198
-37.22731472
-40.28078532
-39.66590944
-40.42710423
-39.89594532
-39.74967687
-39.16601705
-40.26120030
-39.07683528
-38.55870708
-38.93020441
-39.48650590
-42.46395271
-42.46395271
-42.46297203
-42.46395271
-42.46297203
-42.46297203
-39.49832812
-42.46395271
-42.46395271
-42.72978132
-27.30623625
-25.01980979
-26.59326298
-25.54822441
-25.36023928
-25.14590804
-27.30437825
-26.51617057
-25.11037221
-25.79202447
-24.96906650
-25.66234652
-25.48355691
-25.11655145
-24.81181370
-25.39030423
-25.21183325
-25.50863229
-25.05395058
-25.48987328
-24.22949654
-25.21055782
-25.24170470
-25.44029539
-25.72635645
-25.43956379
-25.36127529
-26.58900614
-25.87538763
-26.82775447
-25.14346591
-25.22116032
-25.05738014
-26.10485160
-24.39605787
-27.48901040
-23.89455846
-25.51123837
-26.01624753
-25.84632856
-26.18909987
-26.67144580
-27.29449555
-25.32978008
-24.78088145
-25.14366860
-25.03628069
-25.12520196
-25.28631303
-25.74138130
-25.45262378
-26.54405025
-25.66884079
-26.81898720
-26.89779083
-26.13361105
-26.47226639
-24.84651570
-25.03265453
-25.68575016
-26.29036311
-27.10722627
-25.33013183
-27.33041603
-26.64222195
-25.89200391
-24.90192555
-25.40771040
-25.20141763
-25.26498754
-26.05082309
-25.56156185
-25.47523496
-25.63236278
-25.27191128
-25.28565395
-26.75866450
-25.84931703
-26.84222655
-25.13600422
-25.33405020
-25.42080426
-26.87346918
-25.65466515
-26.38618056
-25.42118081
-26.32959923
-26.31028821
-25.72711324
-26.57318057
-25.03114631
-25.64266151
-25.74916919
-25.22854787
-25.69193556
-25.21300690
-25.22869852
-25.22678457
-25.32706286
-26.17943247
-35.24352718
-34.69468163
-35.61989667
-35.58585454
-35.30530152
-35.29840761
-35.29359572
-34.21792363
-35.03351942
-34.19558383
-35.57845776
-34.66597585
-35.30711934
-35.32021219
-35.28624111
-34.56835229
-35.29887077
-35.30237611
-34.68565821
-34.81421966
-35.08426046
-34.81921037
-34.32534473
-34.83966238
-34.63749461
-34.32169724
-35.55057768
-35.56963346
-35.52627029
-35.56706389
-35.36258736
-34.91166202
-35.57053748
-35.46619885
-34.74251220
-35.11386702
-35.52143498
-35.53255398
-35.48615265
-35.50802191
-34.60352595
-35.49127011
-35.44808679
-35.02451900
-35.44984791
-35.41776866
-35.33294074
-35.71370140
-34.86187932
-34.78298499
-35.35872791
-35.22252053
-35.58704664
-35.57067149
-35.57119509
-34.75817279
-35.32772475
-35.47983258
-35.43657416
-35.16146460
-34.49008810
-34.97770672
-35.31522812
-34.75788592
-35.20730808
-35.66510875
-35.59362325
-34.60476843
-35.51125482
-35.27372220
-34.87338709
-35.37099528
-35.32451335
-35.18970740
-35.32221148
-35.31888017
-35.64123656
-35.58958896
-35.22842846
-33.53887548
-34.01807427
-35.29610751
-34.97659066
-35.01319378
-35.21574466
-34.35803153
-35.54138450
-35.53150535
-35.14165083
-35.56594965
-35.50853869
-35.55237242
-35.47000958
-34.97496989
-35.43788309
-35.44746464
-35.21295533
-35.03854385
-34.31178626
-35.45996208
-33.98925579
-33.09246247
-34.75836352
-32.13754009
-34.25194108
-33.42380156
-33.88043273
-32.70374020
-33.24699035
-34.40790748
-31.44135597
-34.08718217
-32.23637978
-34.40576807
-32.86426374
-33.82518219
-32.06847866
-34.07211229
-34.48810004
-33.80444981
-33.19795078
-33.66140541
-32.78654134
-34.13188144
-33.81428133
-34.77013047
-34.41291559
-33.45697174
-34.69349225
-34.60257210
-33.41297539
-31.62587986
-30.65732501
-30.85320001
-31.07821485
-30.93310940
-31.19700088
-31.58397451
-32.90888985
-32.51422555
-32.79693793
-32.25355596
-33.03388990
-35.57211364
-33.29034162
-33.70328961
-33.69434522
-33.61608435
-33.73442994
-33.39719933
-33.37496220
-33.44103904
-33.68141933
-33.80443462
-32.78897256
-33.79799268
-34.28607992
-34.49917544
-32.63475737
-34.06902532
-33.88235324
-32.10626047
-34.77847380
-34.51220001
-32.29828688
-33.75278930
-34.75073530
-33.05241817
-33.74272039
-33.33403240
-33.37590437
-34.65480863
-33.68140790
-34.53800239
-32.36654289
-34.20100606
-33.66706180
-32.11215137
-34.21655094
-30.74316463
-31.20059022
-30.89459266
-30.57070703
-30.42481804
-30.19309772
-30.10507007
-31.09259953
-30.53077062
-30.10429828
-30.11873753
-30.82772068
-30.71428992
-32.39409266
-31.36212906
-32.94561737
-32.40237869
-30.92145217
-34.36289735
-33.32754288
-33.58493420
-19.96526538
-22.01518625
-20.20012288
-20.39233271
-21.04065063
-22.15296208
-22.90969796
-20.09955732
-20.97854165
-19.49599412
-20.93904616
-22.32767992
-19.54948630
-20.83580537
-21.19603306
-22.75994045
-20.53468196
-20.59559965
-21.02029923
-21.19944360
-22.65183669
-17.92935554
-19.76772663
-21.07216427
-22.12329031
-22.16003622
-20.35205863
-20.11359000
-19.51143222
-23.05950271
-19.68515483
-20.33637933
-20.06123114
-20.47299919
-21.55494761
-22.17870365
-22.14331181
-20.36552488
-20.89699094
-19.00363051
-22.22509786
-21.20019326
-20.86386299
-21.54343518
-19.43483995
-18.21311899
-21.62536452
-18.83265551
-19.67705922
-22.88644957
-19.86619714
-20.62952492
-22.71347130
-21.81638563
-22.60046709
-19.91012386
-21.37866758
-21.80788570
-22.00577932
-19.76866403
-19.75897815
-22.64525910
-20.12915317
-23.32083428
-20.55744219
-22.37790606
-20.11759649
-22.22743433
-18.82416281
-19.40187203
-20.94035467
-22.22315679
-19.21906564
-19.69151739
-20.27078958
-21.42524983
-21.88526259
-22.52080050
-18.23949648
-21.01446867
-22.45667363
-23.17148857
-22.73210380
-21.66902786
-22.03999467
-20.23433840
-22.18936758
-21.28774891
-20.84250611
-20.56042897
-22.06416645
-19.10025386
-21.45500615
-22.57623421
-22.07548601
-19.87738966
-17.76388778
-21.83491581
-19.63458425
-19.06542989
-28.57860253
-28.65664679
-28.51818430
-28.56098269
-28.59348548
-29.76404518
-29.24707943
-29.19624186
-29.64591193
-29.45419559
-32.49661667
-33.79073713
-31.33145269
-32.53250401
-32.95259381
-31.39587150
-33.00583020
-33.20818436
-33.30713689
-31.88817724
-32.01703449
-32.01703449
-31.08512209
-30.76081008
-31.00745511
-30.94123016
-31.17026198
-32.10411096
-31.43138899
-28.73278570
-29.08316537
-29.08206222
-29.08218259
-29.08073534
-29.08102916
-29.08073534
-28.89431891
-28.88120470
-28.54372277
-28.61144348
-28.72468480
-28.48830938
-28.52672350
-29.53908435
-28.53255475
-28.26929149
-31.11558224
-30.45953337
-28.66822764
-29.84194578
-30.87212234
-31.08733852
-29.64321563
-31.46026710
-31.10082729
-30.52602091
-32.03371699
-31.90513622
-31.96345870
-32.05522709
-31.92636676
-31.97685828
-31.92664324
-31.87914649
-28.75293651
-32.39292760
-32.55211781
-33.27954300
-32.40437406
-32.70186751
-32.81459997
-31.86328388
-29.08073534
-29.52167516
-31.88845372
-33.13558856
-32.48954659
-32.40290452
-33.40550820
-33.37352493
-29.52167516
-29.63105386
-29.62773738
-29.24673383
-29.63007965
-29.13587357
-29.24395792
-28.16035795
-29.24612372
-28.89697165
-28.73513671
-30.20019023
-29.03647993
-28.68833995
-27.19787802
-29.53268097
-29.46612474
-29.07795469
-28.25710496
-28.91743328
-32.11357676
-31.36388087
-31.88635078
-32.25803415
-31.64485657
-31.79495492
-32.36971982
-32.04457629
-32.30922143
-31.36270143
-32.04750692
-30.57661182
-31.66830151
-32.02266101
-32.18540836
-30.37044134
-32.70339428
-32.43755236
-32.50298205
-31.91516911
-31.94079449
-32.10154809
-32.44747114
-32.51362301
-32.40039798
-32.01677610
-31.80820801
-31.93157652
-31.58579320
-31.89379468
-31.87963446
-30.78273706
-30.25061386
-29.50757581
-29.39211885
-28.48806202
-29.68922879
-29.23963641
-29.29954655
-29.15035058
-28.41412421
-29.72931285
-29.07858055
-29.51877201
-29.32053044
-28.21052625
-31.70798450
-31.77775814
-32.27732467
-32.23027372
-29.07155763
-28.61295575
-29.37454402
-29.01556372
-31.95600978
-32.09070854
-32.06963898
-32.41736278
-32.06990067
-32.40387279
-32.19898636
-32.12025826
-31.41075952
-32.03725623
-29.61885297
-29.16164059
-29.08126624
-31.57038730
-29.39386348
-31.93404004
-32.07594264
-32.14681752
-29.55731995
-29.58196888
-32.56188093
-32.35579601
-32.58820162
-32.30908934
-32.15085320
-31.90336535
-29.45913467
-29.38012639
-28.95469807
-27.91110860
-29.29740808
-29.48515810
-28.98128683
-29.15269722
-29.63903240
-29.61936677
-28.78011450
-29.58145520
-32.02016970
-32.09555177
-32.40894511
-31.89315837
-31.76771401
-31.50574255
-32.09649774
-31.96162842
-35.53601809
-35.43756940
-36.21435174
-36.05199099
-35.98453825
-36.12934727
-36.13101706
-35.35044606
-36.24965437
-35.19319202
-36.37193373
-36.36734332
-36.21977489
-35.10807151
-35.64555326
-35.91493505
-36.49572556
-36.54203274
-34.39669825
-35.14101442
-36.03381874
-35.98151672
-36.75515760
-36.13008882
-34.44075627
-34.83155115
-35.62863403
-34.81431329
-34.74052823
-34.81993336
-35.25435310
-34.80821301
-34.54425373
-34.32651525
-34.53093500
-33.67293807
-33.46465508
-32.80809690
-32.62214738
-33.38002675
-33.51036201
-33.53801460
-33.47980047
-31.95280754
-31.69589029
-33.03764810
-31.83300174
-31.97825278
-32.36948994
-32.51840289
-32.50045231
-31.22368933
-32.56598247
-32.63582637
-33.23495905
-35.94794902
-36.19587136
-37.10494327
-36.14040963
-36.73988358
-36.70581029
-36.47835027
-34.98458489
-36.26013808
-35.05402094
-35.95506814
-36.77801530
-37.18920715
-35.82884592
-35.05522418
-34.95770651
-35.79702118
-36.56345806
-34.00689834
-34.45961996
-36.13300041
-37.07221776
-34.77134953
-32.81006721
-33.77574153
-33.69886282
-33.19568344
-36.07402196
-33.72086106
-36.16857811
-33.21115381
-33.24196660
-33.09894083
-32.25241176
-32.98823351
-32.95042691
-32.84758021
-32.90186389
-33.32782004
-33.15270365
-36.80300140
-36.46059691
-35.08393161
-35.62835453
-34.80321548
-27.84007937
-27.46468582
-28.26172054
-25.94167680
-28.33371792
-25.93262205
-27.66357199
-26.45175814
-26.36031747
-25.65465353
-26.63863061
-26.82260671
-26.19597116
-26.65907226
-26.91957625
-27.01420392
-27.56901094
-27.16866736
-27.40526937
-29.11617229
-26.90685404
-34.68400232
-27.60794610
-27.56861695
-27.47163044
-27.94528820
-29.22706510
-29.57104416
-28.15031237
-27.05038176
-25.39684430
-25.30640772
-25.04346487
-25.16003255
-25.07609276
-29.00009968
-27.80974262
-29.21257552
-26.47306199
-29.58648126
-26.75623120
-27.03270505
-26.90759514
-27.21904381
-27.23740460
-27.54511121
-26.99417104
-26.23842376
-27.55493820
-27.09333431
-26.95506191
-27.16134856
-26.52579030
-26.30155172
-28.10321597
-26.05331849
-26.68962051
-26.81255528
-27.22847882
-26.44678427
-27.06701409
-27.26817785
-27.72636242
-27.32322710
-27.21037164
-30.53041193
-26.87616906
-27.99399276
-28.41597121
-30.20724486
-27.83822306
-27.01303057
-27.47213987
-26.81520452
-26.99172385
-28.19605407
-27.03605859
-26.86589722
-25.98188966
-26.78618742
-27.03581793
-27.24270678
-27.89512039
-26.96415420
-27.90556599
-27.03404506
-27.09652704
-27.54292051
-27.28621031
-28.43401892
-27.78939402
-27.95767698
-27.93389561
-30.48840813
-26.49269745
-28.03722844
-28.22199593
-29.20169390
-29.84858400
-27.12794126
