-31.51140469
-30.73152514
-33.49054101
-31.48172063
-31.63127047
-31.03407198
-31.53409314
-31.47921194
-33.80416049
-33.75367858
-31.32283466
-30.97370165
-31.99728322
-32.59239330
-32.60765044
-28.40247124
-28.76809670
-28.58987011
-27.87154248
-27.73384818
-31.18344979
-31.14286906
-31.33836437
-31.45807253
-31.37565571
-32.11245420
-31.23694040
-33.93801463
-33.89571311
-33.91936367
-32.07026827
-30.79780897
-30.82500838
-34.39226251
-33.69704763
-33.77509258
-33.74636625
-34.75724566
-34.88989555
-34.80369023
-33.95611706
-32.54119652
-31.01444127
-31.31994896
-32.44243015
-33.05908994
-34.77680264
-34.74629306
-34.75533093
-34.68140631
-34.36202263
-34.59522593
-34.72946306
-34.68747656
-34.70805245
-34.38808619
-34.56815892
-34.79830015
-31.59398561
-28.35004890
-33.63069713
-31.67230552
-31.51655911
-31.45294177
-34.01605634
-31.31639880
-31.52795374
-34.68333017
-34.42630925
-33.97683049
-32.48573459
-34.07433642
-33.91361154
-34.25494024
-34.82830311
-35.31250806
-34.92819613
-32.27664705
-34.80452776
-32.47913441
-31.96778073
-34.62124776
-34.87442006
-34.61136304
-34.69284889
-31.60024643
-31.22681820
-35.01086611
-34.81275766
-32.52005812
-34.80252718
-35.59849665
-34.79521258
-34.80177400
-35.12995104
-34.83355180
-34.79037421
-31.20823232
-31.77442588
-31.50810703
-20.01765651
-24.99087944
-26.04435639
-22.64154328
-23.53361403
-21.49133281
-23.41546836
-23.33834837
-23.14561463
-26.07397721
-25.33836365
-22.36269736
-23.87874282
-24.49467817
-22.47887118
-23.36993033
-22.75118541
-21.56923293
-22.24650685
-21.46473996
-21.89437279
-22.07796225
-21.94220522
-21.09560535
-20.78843174
-20.10328636
-20.59984887
-20.59380340
-20.65747986
-26.09006168
-24.05768331
-25.88784942
-26.06038581
-22.65221011
-22.97549797
-21.99905549
-25.92892242
-22.49778828
-25.84384098
-22.02397938
-23.85297209
-22.85047319
-22.86948325
-23.80559396
-23.55831505
-25.73840972
-23.25045313
-23.53623779
-23.15686054
-22.69864997
-22.12921956
-24.46623265
-22.01912930
-24.90558066
-22.60559052
-25.76351117
-22.54745984
-21.85433542
-21.13394147
-21.25069912
-21.13422152
-22.25814700
-22.66554148
-22.09726832
-24.68645448
-21.37933792
-21.34786217
-21.88606069
-21.55576327
-22.77282060
-22.53198914
-21.88000106
-22.61281158
-23.03556786
-22.49471377
-22.06800210
-20.18348592
-21.47082298
-19.29251187
-18.05572795
-21.50394936
-24.00960522
-20.72212462
-21.31220604
-26.01599721
-25.97974792
-25.82632116
-25.87705600
-23.02773823
-25.79254542
-22.27416368
-25.96056874
-23.31447132
-25.76852636
-24.45637927
-22.46884198
-22.49545408
-23.50548292
-22.78659298
-22.39678351
-20.58988828
-15.75072405
-19.30256434
-16.00209487
-16.30572677
-15.62114620
-15.60375559
-16.50138720
-16.76250345
-16.01449596
-16.37763568
-16.72980608
-16.07211969
-21.79736818
-22.91529371
-23.38972480
-24.27093638
-23.34855129
-23.57528358
-23.21596928
-23.00157107
-20.32659273
-22.16830015
-22.14302105
-22.28620497
-18.12263577
-21.06446273
-22.83549505
-21.07000966
-22.08064604
-20.74975807
-22.26437018
-21.07636506
-19.33306136
-18.18106959
-20.49198291
-23.46028367
-20.69289909
-18.66722769
-20.90070956
-19.35288399
-19.58390680
-20.49506159
-20.86864700
-21.08247167
-15.94536166
-15.80711083
-15.97934902
-16.00553097
-15.95590367
-16.76899673
-15.75898764
-17.05925336
-17.59535993
-20.69006760
-20.51470093
-20.80805892
-20.92507464
-20.77585962
-20.56563315
-25.90749783
-22.83528815
-20.58730047
-20.35489992
-23.91128465
-23.90765044
-24.65312922
-20.10202022
-21.99639474
-22.01977414
-15.68156153
-16.45099285
-18.12336925
-18.36270019
-21.01054263
-21.15364858
-21.24324633
-19.75886629
-21.88888399
-19.98544559
-20.63558712
-18.64044405
-19.91028979
-22.12829201
-18.96258289
-19.45541041
-19.37330107
-20.57797127
-20.95142517
-21.02384871
-20.04680306
-21.02559644
-20.41319879
-18.96506928
-16.26038249
-16.23652125
-16.58513184
-19.01097674
-18.00859752
-15.84602698
-21.03804375
-21.41968623
-21.49939272
-22.53395366
-20.49537644
-20.68149096
-21.15086005
-20.81676067
-19.88800339
-20.51082436
-20.72180377
-21.06968648
-20.89894600
-21.07795724
-19.13171334
-20.36779717
-21.30369472
-21.87902343
-21.30147898
-19.84135037
-21.78340602
-20.60656710
-18.18598530
-19.53769243
-20.36733541
-19.56782233
-19.46735509
-19.83672803
-22.12659804
-22.84207313
-22.25326379
-23.39011907
-22.91192047
-22.80659765
-20.62178657
-21.02357453
-20.71353360
-20.73833730
-20.57357502
-20.90855843
-19.04518714
-21.62029039
-19.66327412
-22.35612273
-23.18148045
-23.98342835
-22.73530937
-19.35877355
-20.52878552
-21.86782733
-21.00135056
-21.13578624
-21.48502816
-20.27189393
-22.62342538
-21.53991661
-21.48460673
-21.30138536
-21.33343237
-21.88976544
-20.81872398
-20.87436411
-21.01590861
-21.25822488
-23.43021657
-23.07567393
-19.42947667
-18.95631734
-19.98371598
-20.16018978
-19.42051240
-20.35455411
-21.18448540
-22.20070536
-23.19050612
-23.18331476
-22.47676989
-21.20550262
-21.34332812
-23.12117466
-20.48666697
-21.74093363
-21.65837104
-20.89459756
-20.91318682
-22.28376956
-20.68396003
-22.83797226
-22.99031171
-24.44014602
-19.11691358
-20.96623505
-19.70636278
-22.72602574
-20.50449418
-19.42783487
-22.56752290
-22.57251584
-20.18040494
-21.08352589
-29.06006037
-29.02036339
-28.21006604
-29.10582221
-28.91699086
-32.06845245
-29.04593203
-27.67948366
-28.98079425
-29.42307590
-29.99256529
-30.35025046
-29.81710795
-29.61164692
-29.59552640
-30.08691473
-29.97686719
-29.64441558
-30.36762467
-30.36348499
-30.69850295
-29.63555484
-29.55013100
-30.27318329
-30.38706646
-30.59194921
-29.63484047
-32.27079004
-30.34752913
-30.44478305
-30.47001756
-29.44262393
-32.37318011
-30.79418399
-30.47453918
-29.78137131
-30.06963834
-30.28502690
-30.00518914
-30.05177213
-32.37389608
-29.92315484
-29.72054210
-29.95204502
-30.53312442
-31.21058483
-32.85818685
-29.23502221
-29.86401286
-28.21685832
-31.28172989
-27.68785013
-27.15704786
-27.81960594
-27.98728256
-28.91369146
-28.90964108
-29.01446245
-28.72618859
-28.87727698
-30.34029675
-29.80285675
-30.96585850
-28.61874783
-29.98069820
-29.99038603
-30.16373006
-29.38307381
-29.77552785
-30.11399389
-30.37278552
-29.98831092
-30.04511232
-30.15285279
-30.37860500
-30.55318091
-30.37952248
-31.90116601
-29.57225610
-29.67567599
-29.83154410
-29.63437658
-30.58336409
-30.19221616
-30.11809478
-29.70565509
-30.41344551
-29.89623110
-29.65448773
-29.59828434
-30.13362323
-29.54449284
-30.63800045
-28.45723690
-28.36481571
-28.80318139
-30.21516166
-30.62060231
-30.29539649
-28.11853625
-28.11159923
-31.22974582
-28.50969615
-27.84386896
-29.87795064
-27.89566660
-31.32944475
-28.33799682
-28.80158904
-31.48116271
-29.88930471
-28.19513315
-29.40974623
-27.53453322
-28.01750375
-28.10311686
-28.28795898
-29.08114742
-27.77226298
-27.90030527
-28.16431702
-27.94536232
-28.08257667
-29.08761899
-29.85957438
-28.34209371
-27.82408084
-29.03059436
-28.47061475
-28.56469705
-30.79297730
-30.66254456
-30.14150576
-31.34993957
-27.67277804
-29.82493244
-29.24932978
-28.77595863
-27.72244948
-29.69159556
-29.54008062
-29.07874698
-29.52752337
-28.33311195
-30.08839876
-30.04373949
-29.14966861
-28.69692637
-30.86329681
-28.19322573
-28.09664182
-27.90809894
-25.50023258
-28.53135126
-28.41124770
-27.66510876
-28.02108287
-27.34485749
-29.74255146
-28.18684901
-26.96067251
-26.77963520
-28.48402884
-27.06810774
-27.65250863
-26.67977913
-25.31226615
-28.07320003
-27.75281538
-28.50029966
-28.55647183
-28.02007417
-28.78936490
-28.22006176
-30.20003583
-28.52217323
-30.07377454
-29.41002440
-27.95861433
-28.98959181
-27.91894358
-29.74574678
-29.46519483
-28.55039042
-27.73138845
-28.17478480
-26.11788064
-26.46223194
-27.25924874
-28.74180717
-27.71888879
-30.76641952
-29.50763251
-28.34202358
-28.06933455
-28.72223893
-28.26642657
-27.63812934
-29.06104661
-24.31718173
-24.86249953
-29.10536498
-29.09877885
-28.57107667
-29.01794626
-29.03141160
-28.38530589
-25.07733005
-28.54025880
-29.14457709
-28.46633880
-28.49203654
-24.15235022
-29.14140554
-29.47546783
-28.31238258
-27.99618956
-29.16047995
-28.53732981
-29.22184025
-28.65165467
-29.61979081
-28.63036464
-24.26089944
-28.61867657
-25.13214584
-28.87603152
-29.97819233
-29.09637188
-25.95085833
-25.75596170
-29.70597709
-25.73579141
-25.75199601
-29.04162948
-29.47508867
-29.60040678
-24.91084776
-28.70499696
-24.50217051
-27.87008630
-24.28581845
-24.57475278
-28.02113679
-28.86410056
-28.62330388
-24.52975340
-28.86046006
-28.66888461
-29.12910846
-24.72139299
-28.39916727
-28.84064570
-28.25512918
-24.47606518
-28.22990074
-24.59665596
-24.91731005
-28.36916500
-28.63409370
-24.27727202
-29.69834438
-28.63168305
-30.44546384
-28.69196974
-28.67057272
-28.86155319
-31.23260979
-29.75517284
-24.60628290
-29.13824993
-29.65072380
-29.91345663
-29.67827145
-29.81772983
-30.24634346
-28.85314697
-26.41082502
-30.56716811
-24.78860708
-30.22860819
-28.62991289
-25.46236389
-30.01166752
-30.43394335
-30.04725639
-30.03629482
-29.97655733
-25.69707614
-25.78898313
-25.43534172
-29.86198873
-25.97525066
-28.86216905
-28.85089409
-28.79573276
-24.50214379
-28.92915150
-28.93112639
-25.31747953
-31.48516639
-29.13652349
-31.48230848
-30.66675226
-30.67902207
-30.66948333
-30.67195743
-30.25448804
-28.23849511
-29.29180353
-29.93233498
-30.62822509
-29.46101972
-29.39200637
-30.33229485
-30.53244640
-30.67235617
-30.67602547
-31.48374023
-30.96827850
-29.15389744
-30.26984724
-30.94220685
-31.34154664
-29.17567594
-29.06046971
-32.49203550
-29.71055968
-30.60902243
-31.81285343
-30.18643641
-29.90040101
-31.91423088
-28.97186686
-29.78494944
-29.45224536
-29.65150786
-31.66977407
-28.70526247
-30.36108310
-29.14547100
-30.82753773
-29.65301673
-30.83572803
-30.84003689
-30.86830028
-30.52363076
-30.91250481
-30.83313126
-30.69079382
-30.58516659
-30.69797118
-30.58238837
-30.66867717
-29.70319209
-30.71599108
-30.35698435
-30.34327916
-29.47097750
-28.91623671
-30.46401137
-29.65410910
-30.48575808
-30.70976086
-30.68485608
-30.71916688
-30.67670515
-30.69578260
-30.03072090
-30.71035159
-30.66574954
-30.67610964
-30.65366476
-30.68652428
-29.93364269
-31.28862999
-31.45093788
-30.89610109
-29.82993455
-30.05277782
-31.32753422
-28.74362992
-31.68735756
-31.41802518
-30.20435737
-31.51523467
-28.76632748
-31.96729399
-31.57833627
-29.81085052
-28.53085545
-30.53653684
-30.31195529
-28.72997873
-30.47020747
-30.52690114
-30.75837415
-30.72864921
-30.82000050
-30.51516521
-35.23914076
-33.15465063
-33.25298848
-33.25088640
-33.24347589
-33.24518992
-33.22106305
-33.22810653
-33.22431244
-33.22336303
-33.24523337
-33.25481568
-33.18652305
-33.16978951
-32.82650159
-33.18092038
-33.15351728
-33.06888510
-34.35963886
-31.41059518
-34.68477409
-34.17163261
-34.70915426
-33.02139338
-32.56919428
-33.37452329
-31.14732362
-31.85454486
-31.94166113
-31.23387335
-32.21375468
-32.61476809
-33.26199524
-33.15108087
-32.01494609
-32.46173439
-31.94034057
-32.41654070
-32.33237402
-33.37592786
-32.68658370
-32.31883086
-31.57478789
-33.16262741
-31.34065669
-31.43660563
-31.05702676
-31.72500318
-32.00174236
-29.83265478
-33.07456766
-34.46192570
-33.19969050
-33.17686320
-33.21155275
-33.20607072
-33.20742274
-33.20500461
-33.21255721
-33.85384338
-33.13142314
-33.15396279
-33.12429518
-33.13223724
-33.08794350
-33.10989965
-33.07976911
-32.51355768
-32.85206674
-33.08417729
-30.69591572
-32.67011546
-32.22161618
-32.06579676
-32.10419147
-31.86035892
-32.08677329
-32.57480685
-34.28857295
-31.70231384
-32.03134048
-32.08748491
-30.65035391
-30.65274506
-32.23387578
-31.64568147
-31.79621415
-31.99887335
-31.25707932
-32.10214713
-32.04879365
-31.11497839
-31.50295900
-31.11961070
-31.00189891
-31.75054471
-30.83465101
-31.96294199
-31.89754364
-31.14437068
-27.49774764
-24.44463967
-23.54020746
-23.02468677
-24.11837943
-24.26615861
-24.12682476
-24.05118484
-25.12454959
-27.28359955
-27.19459298
-27.43706508
-27.08729490
-27.21713217
-27.59820143
-24.59883361
-27.05512541
-24.78682917
-27.32701959
-27.38779090
-27.96019061
-24.83745476
-24.63218594
-24.39561364
-27.22985205
-24.69628933
-27.74421669
-27.46153791
-27.46015921
-24.37180236
-25.79241557
-27.65125276
-27.70647209
-27.39667747
-27.59586425
-27.72805138
-27.67298436
-27.65182078
-27.85449327
-25.04414178
-28.12698683
-28.07656738
-28.07852419
-27.76210087
-27.52496063
-27.98515377
-27.85001830
-27.94149842
-28.07595121
-23.47626368
-23.17521065
-23.26409000
-26.37939936
-24.18548074
-24.07026704
-26.77718083
-25.00809587
-27.14517289
-27.01194922
-27.11335693
-27.15779563
-27.53510847
-24.53391785
-25.62172033
-27.18383449
-27.64495849
-24.09026547
-24.76627616
-27.57716923
-27.57590264
-27.38764555
-24.66243528
-27.80940368
-27.47876566
-27.88621688
-27.59851699
-27.59682355
-27.49352213
-27.68461176
-27.53546967
-23.53397576
-23.12887271
-24.44820095
-27.98742008
-27.92744670
-27.80317775
-27.74221367
-26.41794906
-27.85996318
-27.30252282
-27.95843418
-27.85714934
-24.22154589
-23.09225422
-23.35540154
-23.09012618
-22.90170119
-22.98981693
-23.07851097
-22.68561512
-26.01448604
-28.06095538
-28.13104570
-27.54620875
-26.41732159
-23.91317616
-27.04892210
-27.62619012
-25.92779724
-27.27766577
-27.54147278
-27.39053246
-23.12852578
-24.85300794
-26.14496409
-23.83787689
-23.49390315
-21.39142240
-23.57692217
-22.56808351
-24.46425400
-28.30725103
-26.69852858
-28.00461864
-27.68232319
-26.06541794
-27.53892514
-24.75253613
-25.90953487
-24.79556650
-26.79444462
-21.44193454
-27.07129629
-27.71890245
-27.42123883
-26.99497006
-27.31918840
-27.90317762
-27.32369921
-27.32369921
-25.40881998
-25.09836132
-27.94857252
-27.41648894
-25.15710564
-27.67033779
-27.69064813
-26.42136826
-25.32211569
-28.56418142
-27.85131824
-27.71936297
-27.29298092
-26.87756878
-27.97472464
-25.51000291
-27.79522542
-27.20107029
-25.30941007
-27.61055081
-27.87299946
-27.37604190
-24.78642946
-27.99446389
-27.35814760
-27.68319127
-23.61041575
-27.28942257
-27.43320186
-27.31652464
-23.71619126
-25.34535002
-28.15811196
-28.01831178
-24.32894375
-26.85917202
-25.83592191
-25.70348322
-27.68840636
-25.28797392
-27.74672591
-24.65481451
-27.68329635
-28.39352487
-25.39060024
-27.80903220
-25.18898821
-23.81113574
-24.99426916
-25.24465197
-25.63385648
-27.96565610
-27.29178584
-27.92594743
-27.86634587
-27.83407118
-28.04839171
-27.59286200
-27.14853872
-28.17282859
-24.55499888
-23.68200607
-23.68650905
-22.35919491
-22.69975449
-21.54107484
-22.19148652
-22.56097481
-24.45086196
-22.33178099
-22.94888425
-23.97845035
-23.00193203
-24.88652272
-23.47761111
-22.57326129
-22.61266591
-22.58105245
-24.32183465
-23.89619736
-24.16811623
-22.63122571
-23.91774317
-22.41196882
-22.66992460
-22.38775228
-21.76554979
-22.71212375
-22.69755898
-22.25724752
-22.51899895
-20.54938843
-23.94013405
-23.96295767
-23.95586989
-24.04051982
-24.01110099
-24.00485107
-22.61089746
-21.72978171
-22.67339430
-22.67953820
-22.96809302
-24.44488196
-23.40276471
-20.68208133
-20.65674402
-20.58471613
-24.59914047
-23.27609217
-22.95205579
-22.82490439
-20.64068654
-22.78109796
-23.99241087
-25.04346310
-23.45516356
-23.03442562
-23.92482186
-22.50112535
-20.17908535
-22.99559008
-23.21649834
-22.58314632
-24.05152626
-22.32810943
-24.42106929
-23.87357171
-22.23394738
-23.94143166
-24.79998111
-22.70424104
-22.16632636
-22.83876004
-24.00216600
-22.79614530
-22.73955660
-21.12452664
-24.67103510
-22.34983038
-21.70996455
-20.51497462
-21.02604631
-22.62982349
-22.22820088
-24.40978639
-22.94666528
-24.22736962
-21.98472083
-21.39557781
-22.71928858
-23.86425762
-22.74879476
-22.82893455
-22.01238976
-24.03034616
-22.35130241
-24.28498376
-23.07271005
-22.68198409
-31.68283089
-31.91829791
-31.48967182
-30.39968669
-30.76412967
-30.94407611
-27.00970268
-27.89603009
-26.85768424
-30.79328395
-31.28356882
-31.28378119
-27.80461555
-31.34199247
-27.32917999
-31.03667992
-30.64950576
-31.01050030
-31.35692957
-31.01211961
-30.63653015
-31.41837781
-31.79003695
-31.15762100
-31.08128199
-31.18515647
-31.12875387
-31.27565123
-31.03344932
-31.03373552
-30.97920567
-30.96363145
-30.85246561
-31.16110934
-31.15380802
-30.86123145
-30.77880764
-31.02946546
-31.17106480
-31.22402874
-30.52904108
-31.75135972
-28.32066103
-30.78922161
-30.97968336
-30.81925106
-27.07164348
-31.13508108
-31.22812677
-31.07755433
-31.50172891
-30.88230997
-30.42193830
-27.12097051
-27.38951658
-31.51689194
-31.11325675
-27.34682289
-31.29024667
-31.13843145
-30.65785858
-27.11862767
-31.18659249
-31.88623988
-30.76725615
-30.84195383
-27.15257852
-30.24733618
-28.45152212
-26.49043397
-30.60807878
-31.43891933
-31.41204104
-31.11785080
-31.23498597
-31.09692498
-31.03305286
-31.38493194
-32.17355654
-31.01627379
-31.36223191
-31.06426973
-30.82093977
-31.41799265
-31.44751706
-31.00749991
-31.21348757
-31.09059251
-31.32211295
-30.78859750
-31.17354078
-31.11383157
-31.47331160
-31.78323269
-31.11196072
-31.56550657
-30.96092443
-32.35455731
-31.21154483
-31.37643890
-22.97041776
-22.43792879
-21.31046258
-22.27413422
-23.34773028
-23.84411301
-20.10804411
-20.53143299
-20.99402193
-23.53389410
-22.82417944
-21.99680229
-23.23483420
-22.64108691
-21.84364270
-22.83236428
-23.91169563
-22.67926577
-22.40949397
-22.32251808
-22.76712151
-23.29473175
-22.65536624
-22.65797877
-23.15415027
-22.73140706
-21.85743178
-23.34524823
-23.24248154
-22.21134255
-22.89319186
-22.95184435
-23.02843385
-22.75874622
-22.88054417
-22.74238679
-22.59437794
-21.45361730
-23.16252803
-23.42751819
-23.54065290
-22.82163819
-22.96131856
-23.03540619
-23.13405096
-24.55619183
-23.63755431
-23.01364739
-22.67090013
-22.07535549
-20.23199181
-22.41329088
-23.13378154
-22.43039007
-22.89220950
-18.92824587
-19.56786067
-20.72096173
-23.13651955
-21.10206503
-22.92948504
-23.88198721
-23.40319057
-23.30713915
-23.85159726
-23.36294092
-23.37212841
-22.99694927
-22.94124723
-23.28162498
-22.98337830
-23.96598669
-21.97231237
-22.74293943
-22.54517012
-22.78589257
-22.61877741
-22.68270240
-22.81901454
-23.22301764
-20.40083691
-22.72765420
-23.19772079
-22.78912016
-23.53268673
-22.92807428
-22.75725305
-23.21180694
-23.27281312
-20.96658625
-23.18973773
-22.94179377
-23.07280931
-23.34795612
-22.74839592
-23.33443788
-23.05515724
-23.18916953
-22.34913671
-23.17325370
-30.45229235
-31.14292176
-31.55931067
-31.13714271
-31.33617982
-31.02368776
-31.39443204
-30.79001026
-31.07631552
-31.23455969
-30.86138137
-31.11928553
-29.16845133
-25.32119948
-31.20939829
-31.41503740
-31.51304161
-30.83146715
-31.49478531
-31.04052129
-30.91869355
-31.30341018
-30.55116382
-30.74795073
-30.40847024
-30.43489423
-30.60941844
-30.88746563
-30.78052767
-31.00126537
-30.33292704
-30.64613752
-30.65554062
-31.48883815
-31.14950642
-31.34759829
-31.19879990
-30.99137706
-31.07735287
-30.71010923
-31.05554568
-30.85201604
-31.08672866
-31.24825684
-31.18364069
-30.69337699
-30.81689144
-31.19422159
-30.98235573
-31.25952460
-30.85768756
-30.88868739
-31.24027329
-31.15887019
-30.68717665
-31.29230857
-30.85034934
-30.85196989
-30.79239251
-30.70907626
-30.81729177
-31.61454579
-31.69667265
-30.49359274
-30.44528088
-31.03023630
-31.33777182
-30.96854119
-30.95975530
-26.06268993
-31.25641015
-31.17786022
-31.05012838
-30.69461350
-30.64059431
-31.16063163
-30.71407128
-30.97439258
-31.49037405
-31.06392759
-31.21500709
-31.24379245
-31.50184011
-31.31782802
-31.21787804
-31.28918364
-30.95171431
-31.21421182
-31.34310078
-30.60751609
-30.81028357
-31.34156483
-26.25075573
-31.96793875
-31.27255078
-30.84835944
-31.23226302
-30.87402086
-31.13601298
-31.08823530
-19.17266128
-18.86517092
-20.91431345
-21.52456141
-21.19661541
-21.29284391
-21.29799152
-21.71595457
-21.41381903
-18.08891270
-20.23607250
-20.01172016
-21.16648681
-19.46380564
-21.42146781
-19.26109308
-20.07276075
-20.80263916
-21.39326852
-21.35196367
-20.70781638
-21.25105406
-21.36660907
-20.85855379
-19.99754182
-21.29706528
-21.18106138
-19.39421625
-19.32045707
-19.73152062
-19.22524701
-17.47590721
-21.38700851
-21.47813315
-21.23438838
-19.44031113
-21.13222176
-21.82867284
-21.24819933
-22.18959214
-21.04925902
-20.36186239
-21.18894224
-19.31938052
-19.96664120
-20.79647143
-20.69045970
-21.00963621
-20.64962302
-22.09230737
-20.43469076
-18.28306652
-21.19275074
-21.53641513
-21.57070884
-20.78073126
-21.61166985
-20.01777121
-20.19966791
-21.14902776
-20.02977528
-20.89008983
-20.16252830
-21.05054209
-20.51660113
-20.30745932
-20.41465931
-18.56056814
-19.73513456
-19.11554537
-21.35246269
-18.30409319
-20.98040701
-19.95851961
-15.10009783
-19.28729751
-17.88730741
-18.21461638
-20.81354026
-19.27207570
-21.62805573
-17.82290000
-21.28700032
-21.86524590
-19.48798732
-20.73564915
-21.18462754
-20.63107323
-20.77924970
-21.76050172
-19.83839517
-20.98013910
-21.37498998
-21.28100402
-17.70503606
-21.34052056
-20.83989908
-19.20498233
-19.74978307
-17.70146732
-37.45067297
-38.22550520
-38.24258271
-39.55228668
-37.41262408
-38.04613651
-37.60489326
-37.32349573
-36.99382784
-37.39694312
-37.73745308
-38.26976484
-37.08838249
-37.12246103
-39.05931644
-36.56677167
-36.59545622
-37.99886567
-37.72291404
-37.79084352
-33.59425955
-36.93770970
-36.61190519
-37.99960535
-36.97868841
-34.35566429
-36.65344474
-32.23426949
-36.78409878
-36.59286593
-36.62498131
-37.48170442
-37.22381439
-37.28931249
-37.92776102
-36.29716600
-36.37961992
-37.16427518
-36.39052708
-37.62035947
-39.59009923
-35.11030442
-37.52972781
-37.51126112
-37.54347603
-39.37891564
-39.34277625
-37.39876114
-38.93193470
-37.39463977
-37.35759168
-37.01822699
-38.36790132
-35.28618671
-37.52005061
-37.79832765
-38.37908508
-37.92626272
-37.80194047
-37.95300019
-36.64181676
-37.86825228
-36.32203877
-37.02628273
-38.56211580
-36.91249824
-37.75817679
-36.97124672
-37.18538401
-36.99889099
-35.86488302
-36.05147197
-32.63026466
-36.95066831
-33.93601862
-36.42040172
-37.09178801
-35.81032909
-37.88373606
-36.32762692
-33.49763443
-33.33926568
-34.72603415
-33.35592425
-33.63596065
-34.89671315
-36.82553042
-33.63368356
-36.77091658
-33.66880807
-38.88890963
-36.13931010
-37.90096550
-36.85348753
-37.22572834
-38.25020109
-38.44794894
-38.31208797
-33.20894053
-38.19188846
-23.54622744
-25.21693190
-25.90267560
-25.17434708
-25.53484591
-25.88280266
-22.42353778
-25.28591947
-25.59641656
-25.08639560
-25.24987075
-24.85290556
-25.51016688
-26.07851804
-26.00663278
-25.36923872
-25.65674546
-26.23468504
-25.49829248
-24.61476799
-25.95512976
-25.66869166
-24.84261835
-24.19724225
-21.55608905
-24.23380447
-24.03630644
-24.02481934
-21.77134789
-24.65866904
-24.14588493
-25.39669486
-22.33081372
-25.19897922
-26.27343088
-25.15052905
-25.41397580
-25.23355786
-22.66960505
-25.14931682
-25.09882991
-25.25639392
-24.99818171
-25.47719058
-25.26301361
-25.52519439
-25.68175964
-25.63880015
-25.42423806
-25.87615250
-25.48022763
-25.23289038
-21.71067494
-25.50412578
-24.53559089
-25.61329596
-25.23271102
-25.40156680
-25.12658747
-25.63076974
-25.52677375
-24.72956417
-25.81080790
-25.77422197
-25.61683313
-25.05714016
-25.56120843
-25.66385172
-25.39027715
-25.83328428
-25.36523696
-24.61074496
-20.24486137
-20.19604380
-22.89569209
-22.73407619
-23.35456164
-23.23705214
-23.18797067
-23.66330774
-24.68434441
-24.85405243
-25.52961302
-26.13591446
-24.68924177
-25.16282899
-25.08660012
-25.44015942
-24.95446508
-25.52064174
-25.62374396
-26.01334612
-25.73787142
-25.08040630
-25.50490730
-25.83532213
-25.55522784
-25.69857058
-26.21855651
-26.22653187
-24.93837717
-25.07439178
-25.91883863
-25.28571832
-27.38290726
-25.35338380
-25.22661324
-24.64879622
-26.07904024
-24.69193557
-23.82132336
-24.34907211
-23.06654307
-23.34455641
-23.35992427
-23.47845971
-24.76740757
-24.27367520
-23.70856921
-24.57325928
-26.88135951
-25.18554201
-25.07008486
-24.49711020
-25.17752620
-25.66815696
-25.34704855
-24.98180309
-25.22682090
-23.82746882
-25.15157907
-23.45852217
-24.96049756
-24.91263810
-25.32410602
-24.19102234
-25.02956837
-25.22220242
-25.56003052
-25.18142330
-25.65494641
-25.57441781
-24.20658408
-25.55848196
-25.70522429
-24.70679327
-25.42052586
-25.47761246
-25.65053593
-25.56430878
-25.46805703
-25.23880465
-25.42183036
-25.27423676
-26.31909401
-25.60727928
-25.43002904
-24.96836247
-25.37740644
-24.91818398
-24.92708771
-25.15615814
-25.10898760
-24.77387478
-24.30340892
-25.43173263
-25.17237481
-24.67979623
-25.59772661
-25.18385501
-24.97702035
-26.09695245
-25.82783940
-25.37882595
-25.38492340
-24.69581803
-24.67453799
-24.70939773
-25.11999884
-25.38827245
-24.59773544
-24.96339907
-25.48115949
-25.69319385
-25.03907695
-25.79298151
-25.82316920
-24.48784205
-25.43448010
-25.21340471
-24.50801911
-28.13580921
-25.54572308
-25.01575454
-25.55333520
-25.46943157
-25.60399883
-24.57960863
-25.39065408
-25.55737251
-24.98853021
-24.58404710
-23.28761952
-23.80887294
-22.81618245
-24.77100087
-24.58570243
-19.86532771
-23.81626724
-25.09663101
-27.76650711
-27.42817143
-24.21887459
-28.95412126
-23.72849412
-27.59292919
-28.07260001
-27.63717633
-28.03152695
-27.90606635
-24.21976813
-27.81840294
-28.38442272
-24.75461984
-27.36134632
-28.38924206
-23.63239509
-28.04597840
-28.74036488
-28.08599255
-28.24546901
-27.67653798
-24.62100119
-27.31612980
-28.63988877
-28.31867114
-28.28314085
-23.71077835
-28.49148606
-27.69713286
-29.15075496
-28.60261282
-28.65003363
-24.80399752
-28.89008941
-27.53511066
-29.15532995
-25.94384268
-27.70769429
-27.82003504
-23.67760623
-27.84920638
-25.43685467
-28.44390857
-28.32885509
-28.24888833
-27.81345236
-25.56844292
-25.83914359
-24.52378829
-25.72903752
-25.56295545
-23.58110751
-24.54073709
-24.50291212
-27.07279359
-26.70639765
-27.55071990
-24.03303009
-29.56732634
-28.88114496
-30.13736119
-28.62083866
-28.39487330
-23.38524505
-27.57603858
-23.17949425
-28.23114643
-28.30132622
-24.57611154
-23.88330538
-28.73942963
-28.50673769
-28.48261788
-28.50673335
-29.25665854
-28.28538636
-28.44574680
-29.68322909
-28.43448242
-28.31965729
-27.99387038
-25.36101559
-29.22091921
-29.00921630
-23.87471411
-28.23868309
-27.96141423
-23.93857243
-27.30932622
-29.41290615
-30.21928196
-30.60821030
-29.03076426
-22.74181730
-30.07762977
-30.86614932
-31.06044447
-30.49708374
-30.69533642
-30.63286507
-30.48450348
-30.50256543
-31.71803143
-31.12874474
-29.89530304
-30.93305551
-30.96167465
-30.11571416
-31.24840414
-31.17425708
-30.82137921
-31.23059786
-31.02823636
-31.36758291
-30.38938911
-31.13306980
-32.03504707
-31.09145167
-31.13934079
-31.33712352
-31.37196715
-31.83617352
-31.28443432
-31.83455259
-28.71252995
-30.90558452
-29.06032643
-23.32625013
-23.50901598
-30.63657163
-30.56185711
-30.46626009
-30.61163866
-31.05084054
-30.67011275
-30.78069361
-29.22186725
-30.60614565
-30.50092327
-29.92672721
-30.09419266
-30.93996288
-30.54657892
-30.73025362
-27.29233515
-30.89171190
-30.68453653
-30.60907083
-30.02095279
-30.50235847
-30.69658052
-30.73384237
-30.69703226
-30.78674421
-31.29473085
-31.67173893
-31.47107537
-31.20880880
-31.66017200
-31.65870477
-30.85576572
-31.52346163
-31.37618389
-30.02254796
-31.51419056
-31.69007589
-31.37627270
-30.97892738
-31.27111428
-31.65836856
-30.85615302
-31.39601807
-31.87072295
-31.60726007
-31.38266724
-31.62266868
-30.65012922
-30.48144769
-31.46700448
-30.70734519
-30.99916643
-30.46682416
-30.23784330
-31.70225696
-31.59122207
-30.28743273
-31.30778731
-31.46410347
-27.75562469
-24.38657448
-24.01817574
-24.60661046
-24.77580385
-24.24372044
-25.44481886
-24.32141311
-24.24276302
-24.49216197
-24.69538032
-23.52573504
-24.12103568
-24.24831939
-24.01711182
-25.47770595
-24.42246096
-25.58512510
-23.49135926
-23.93293741
-24.04292436
-24.21487207
-23.91114606
-24.04418043
-23.55353289
-22.78858671
-24.49921366
-24.12922469
-24.43839021
-24.43348341
-24.07157381
-23.73977726
-23.62490311
-23.97080507
-24.57815535
-24.55187030
-26.12897964
-24.23816975
-25.55524382
-24.54524852
-24.04073353
-23.81586130
-24.01054899
-24.49164333
-24.63637442
-24.85307845
-25.74459504
-24.46296960
-24.52699772
-24.25956088
-24.35474975
-24.06813518
-24.18224381
-23.82490832
-24.49602845
-24.35358443
-24.32267821
-23.96018000
-24.22281997
-24.07987460
-23.98495740
-23.38708340
-23.68738230
-23.76789118
-23.94496720
-23.86402474
-23.99666233
-24.58518037
-26.20080903
-23.98146700
-24.53482019
-24.58936386
-24.41384035
-24.64186663
-24.66443154
-24.78659532
-23.66778537
-24.44201063
-24.49401475
-25.77490082
-24.37909839
-24.69400255
-24.24570843
-24.53120564
-24.27937551
-24.14413168
-25.53737073
-23.77875240
-24.43995819
-24.24437210
-24.03588918
-23.15719386
-24.62112516
-24.60781859
-23.69050510
-24.53688674
-24.64799089
-24.60488240
-24.97876215
-24.12848159
-24.59750975
-16.65238778
-17.13874478
-18.47274685
-18.58047195
-17.94883181
-17.34251967
-18.94315221
-17.94832445
-17.94392761
-17.78061179
-18.32718745
-17.20986237
-19.18132398
-19.51421476
-18.91002745
-18.43207969
-19.59989741
-16.43304202
-16.63570300
-17.59671942
-19.33282704
-17.20659819
-18.64875482
-18.95905169
-17.32901501
-18.13161683
-18.40059074
-17.96644118
-17.90167129
-18.14348803
-20.87819578
-17.37543188
-19.96593104
-20.82923670
-18.19375783
-17.02917396
-17.00477816
-18.53782513
-18.43098152
-17.32460528
-18.51838497
-16.79716026
-17.39186680
-18.48560636
-18.05467570
-17.72583131
-17.94174034
-17.90856212
-17.38324264
-19.50420862
-16.82355903
-18.37650165
-18.23123165
-18.97655018
-17.89695938
-18.00520183
-20.20196101
-17.65491243
-16.38610652
-15.98802936
-15.51430690
-16.08925678
-17.33802184
-16.51994918
-15.81050146
-18.02580785
-19.07514963
-18.43775276
-17.91649879
-19.14550619
-17.15661266
-18.45926573
-18.11391807
-18.16965147
-18.68605089
-17.81718016
-17.52802601
-18.09377425
-17.97134437
-18.38538694
-21.58891222
-17.82473790
-17.70119876
-18.67647246
-17.56620742
-21.03518320
-20.12289521
-17.82061006
-19.05900516
-18.32121261
-17.46424687
-17.68834161
-17.58585962
-17.84361465
-18.32423271
-18.75160058
-18.37593883
-17.35473813
-18.63109543
-18.44457233
-31.18400041
-31.92491094
-31.30336462
-31.80420120
-27.36694028
-32.14050829
-32.00999397
-31.46701386
-31.86635107
-30.36281163
-27.60882859
-31.30842496
-31.26430381
-30.93721689
-31.44081596
-30.74685603
-31.33889006
-30.93835091
-31.34624380
-30.95812348
-30.87124193
-30.99434718
-30.78114895
-31.65624448
-30.74998779
-30.95047836
-27.77382249
-26.85666400
-26.66572706
-29.25587911
-27.71796308
-27.44560344
-26.24821004
-29.52625549
-26.22574442
-27.28099335
-30.73348204
-30.57357718
-27.61636434
-31.29434681
-31.72866036
-28.22053524
-31.37766791
-31.23127716
-32.00763999
-27.53598758
-31.28289143
-32.02841828
-32.21880111
-32.03848400
-27.99052386
-30.99961572
-31.48148522
-26.48064743
-31.46222020
-26.21439243
-31.89549227
-31.04012984
-31.45023902
-32.03515597
-28.46876540
-26.58627662
-31.56542026
-31.10892182
-27.54347522
-30.56905681
-31.55707749
-30.74285090
-31.12043294
-31.04001637
-32.33418280
-31.36601842
-31.02493277
-31.08460898
-31.23001133
-30.93356619
-31.18100914
-31.05080797
-31.67216140
-31.15593562
-31.15470934
-31.15744517
-31.11240694
-31.42045054
-32.35789446
-30.76539025
-27.81773607
-31.00715566
-30.84264450
-31.58944662
-31.32459181
-30.50001510
-31.56476595
-31.51523295
-27.76150761
-31.01816771
-31.90229734
-31.53828336
-32.19019194
-30.47260455
-21.06596471
-20.28948369
-18.37320185
-19.42171610
-21.77797250
-21.37921342
-19.79531792
-21.12241326
-19.42270523
-18.57438904
-21.43349889
-20.65817051
-21.22567709
-18.42668605
-17.37340996
-19.34866229
-20.67355835
-21.47590161
-21.63470522
-20.62784497
-19.99072259
-20.94624723
-20.81889220
-20.83233114
-20.35081417
-20.29727890
-21.24208580
-19.60555787
-20.84283414
-21.06318444
-22.36585846
-20.47053759
-20.85111600
-20.18386513
-20.89939854
-19.07593578
-19.69842569
-20.07864960
-21.07583403
-20.70523312
-20.97986979
-20.81382320
-20.13961306
-21.16486477
-20.87443638
-21.74033787
-21.38072083
-21.53423782
-22.24247113
-20.83100159
-20.69433534
-20.10769891
-20.03755240
-20.98985589
-21.88596844
-20.91719598
-21.57468670
-20.32635066
-20.19946829
-19.36613157
-20.56762825
-20.81368248
-20.00725001
-20.91942553
-19.01532480
-21.35989246
-21.25844784
-20.99450747
-21.20912147
-19.86643080
-21.27565578
-19.79816657
-21.50139813
-19.08934886
-20.46704828
-20.63671609
-20.74273737
-21.41516577
-21.71065972
-20.99123825
-19.60565736
-21.30705424
-19.88083159
-21.59451340
-18.71537797
-19.29767109
-19.87831687
-17.75889843
-18.25357462
-20.57801379
-20.44484031
-19.85432214
-20.96310812
-20.12377400
-20.97434946
-20.07407143
-21.31744512
-19.38872641
-20.67040654
-20.77172297
-32.97080227
-30.57029240
-32.65967337
-28.40928575
-28.49226547
-32.54894881
-32.70617103
-27.55181679
-30.46447879
-32.56815785
-29.27674079
-29.06090146
-28.41813507
-28.61552441
-28.58200433
-28.45281791
-29.08260237
-31.51924875
-30.58775524
-28.75534865
-30.50296256
-28.21279269
-28.22544340
-24.94200616
-27.95617106
-28.52159588
-30.01096829
-29.46442138
-27.82164313
-32.96477095
-28.51547492
-32.30308434
-32.64377433
-29.82970244
-28.30202502
-28.34782607
-29.48692686
-31.24957647
-31.91627340
-28.47582938
-30.68696322
-32.06938578
-27.92193281
-31.59236793
-28.75708488
-29.95259032
-27.49906457
-32.65138823
-29.36641175
-30.38375374
-30.29401841
-28.86678189
-26.02748951
-25.34383908
-28.97083833
-27.25754325
-27.19567006
-28.38290678
-32.81092021
-31.58870749
-30.23984410
-29.26313004
-29.29434068
-28.41835627
-32.31602373
-27.98154278
-28.85095106
-29.34087388
-28.72652778
-29.16261531
-29.65726716
-29.12943944
-29.46386370
-20.24730955
-22.77584150
-28.18581456
-32.64723321
-32.99443646
-28.61476320
-31.67842336
-28.66595541
-28.34860316
-29.15475019
-28.58785736
-32.71639964
-28.49343503
-32.31443088
-28.97523147
-29.35661870
-32.62768969
-29.27974794
-28.64682417
-29.97707538
-27.97937045
-28.96592386
-32.54627377
-32.62032643
-27.31784343
-29.04814965
-27.98273292
-17.41933166
-17.61361597
-17.18073500
-15.03277043
-14.38913206
-17.63926174
-16.65747302
-17.62818531
-17.86265054
-14.70568632
-14.77368002
-14.92150461
-14.56645033
-14.76619693
-14.93913058
-14.82612124
-14.33556466
-14.78952747
-17.64687518
-17.38497004
-17.55430107
-15.94480846
-14.78512889
-15.24315619
-14.98849201
-14.62701629
-17.02432062
-17.35069966
-14.11977828
-14.91494380
-15.46293228
-17.41315461
-17.35994936
-16.11224019
-16.98302771
-17.07693205
-14.63469899
-15.30946449
-15.01753854
-14.78626601
-14.67170601
-14.75770113
-17.19782651
-18.12908002
-17.33739048
-14.16419926
-14.34105337
-15.08089012
-15.18956177
-14.47991793
-19.10292382
-14.56527327
-14.46836679
-14.36317897
-19.19923302
-14.31809646
-14.99328827
-15.07857546
-17.14277249
-15.02605393
-14.55986323
-14.99027495
-17.05750195
-16.43866835
-17.22525755
-13.78830140
-14.65186725
-14.28060366
-17.13404726
-14.86681557
-19.38669920
-14.96136208
-18.87390591
-14.36851209
-17.24823279
-17.09306942
-17.88567604
-18.58714657
-17.12362562
-16.99451750
-14.47493853
-14.56499151
-14.95654342
-18.17174523
-14.58820341
-14.31278532
-15.18182648
-17.35283590
-16.69553654
-15.74322788
-16.68170222
-14.76483504
-17.54381360
-15.18234314
-14.49147744
-13.55936267
-16.95602313
-14.51809791
-14.53976055
-14.89366486
-20.17736106
-20.15984825
-19.35906005
-19.75001592
-20.53581943
-19.73978514
-19.46750110
-20.25605520
-20.04463278
-20.22902659
-17.38063838
-21.55239524
-20.06958270
-19.79643552
-18.55579935
-17.79252093
-18.14769907
-19.84929493
-18.09016544
-19.84946381
-20.56700589
-18.06064685
-19.08523005
-20.05117799
-18.80249791
-20.95973171
-21.09128857
-19.67056770
-21.51301213
-20.18580541
-21.14861403
-20.94650310
-19.90481822
-17.47064736
-19.64049828
-19.62513290
-19.84531561
-18.11703166
-19.83371717
-19.93687424
-19.66999408
-19.61686048
-19.49423225
-20.36712203
-21.20275801
-19.59765926
-21.30937657
-20.47629801
-19.93730313
-21.07390837
-20.02403148
-20.69576279
-19.76448789
-20.50013702
-20.39068257
-23.27471315
-19.45224228
-19.61045549
-17.99662985
-20.08288879
-19.31858005
-17.55835610
-19.20428314
-18.04408062
-18.20838305
-17.97946531
-17.80474612
-19.31618119
-19.55972651
-20.13010375
-16.88590424
-19.96483521
-18.72338270
-17.95239375
-18.63974924
-17.56334341
-18.72073226
-17.39707579
-20.77060327
-19.60088345
-22.89139952
-20.09245433
-19.64361933
-19.56914682
-19.09766250
-19.57150173
-19.48255458
-17.75493799
-19.36236411
-19.64461467
-19.11742167
-18.88449885
-20.37851474
-20.62796579
-20.51064890
-21.40566549
-21.25251801
-18.99483489
-19.50876194
-20.60444154
