-18.91484854
-19.23769244
-19.69059011
-20.06047902
-21.61533819
-20.03481388
-21.17817958
-19.56209463
-20.41985444
-20.46222168
-21.46161506
-20.47719715
-19.75677191
-21.90492800
-23.03818888
-19.93157145
-20.98660443
-19.67899675
-20.50681788
-18.78018353
-19.82856880
-18.70250688
-19.40534907
-19.51240533
-20.85617031
-19.08217597
-20.68864657
-19.72396238
-20.37762668
-21.46949311
-21.21772508
-19.44779890
-20.92704834
-19.26636849
-19.25239533
-20.52406135
-18.88816635
-20.96501729
-19.32064542
-19.89683249
-20.44153483
-18.18380878
-19.52375661
-21.34433638
-20.39417241
-20.10014983
-19.08141067
-20.01601339
-20.34165467
-20.84965444
-21.41471526
-19.64858810
-20.69005221
-20.59038198
-23.39231410
-20.44926762
-18.92710925
-20.34363091
-20.83064758
-20.41742804
-21.51662457
-20.57373403
-19.72850195
-16.83704048
-16.59603482
-21.57672546
-23.11845435
-22.71584320
-22.12043470
-22.50719683
-20.42358377
-22.16322043
-22.44430622
-19.27839268
-19.88991171
-19.93503001
-19.96714294
-19.45504982
-19.91903483
-20.47056491
-21.39380783
-20.10535995
-20.46715257
-19.32759779
-19.54671794
-16.43769174
-16.59935872
-16.69351409
-19.30224914
-18.64105144
-21.52595802
-19.24588316
-20.52997812
-20.67779908
-20.25238372
-21.22324342
-19.89248176
-19.99371076
-20.39552927
-22.09524140
-15.18619236
-13.17590024
-13.75020844
-13.28572631
-15.78423936
-15.16251882
-15.05587222
-12.20864139
-13.87120277
-15.14560534
-12.97273289
-14.41056953
-13.20190631
-10.56016452
-15.10114649
-14.11679103
-14.58088252
-13.04014093
-14.77317499
-11.73273567
-13.54008759
-12.92388772
-13.33967189
-13.93577950
-11.64186432
-13.09407309
-12.62200699
-11.47861367
-13.43307885
-10.06491985
-14.80121847
-14.07520810
-11.28482642
-11.30107922
-11.89839417
-11.94848386
-12.08802993
-12.63624822
-14.97205524
-14.18999419
-16.46179427
-14.07886587
-11.92392023
-14.97781831
-12.97877033
-13.70341799
-11.96657422
-13.03657884
-13.21956032
-14.89024571
-12.76733346
-12.98729639
-13.61230805
-12.88663894
-13.32722957
-13.37902250
-13.66471516
-13.37507002
-13.43564979
-15.05253471
-15.23972042
-13.99610384
-12.37595547
-13.85241265
-12.96409521
-13.24207832
-15.43751450
-14.20714451
-13.59176374
-13.09673319
-13.48229294
-14.78563117
-14.37970553
-11.17603815
-15.54460488
-13.51965611
-12.17529018
-12.39905284
-13.52575045
-15.08766510
-14.88988196
-12.26161574
-15.36613067
-16.08494577
-14.22599271
-13.28843421
-14.02567739
-13.61642453
-15.09344670
-13.64556427
-12.99064398
-16.52603356
-12.36101347
-14.76301278
-14.70355169
-16.21582514
-15.04834697
-13.73387017
-13.74060299
-12.94713081
-19.32481594
-19.41789525
-19.61292230
-19.62442333
-19.88156150
-19.46810609
-20.08716833
-18.89473098
-19.74377641
-20.04538578
-19.05927910
-18.94876149
-19.07397431
-18.90543667
-19.75833943
-18.83244391
-19.50133141
-21.25737347
-17.61509887
-19.76309882
-18.98289162
-18.69956314
-18.05860261
-19.85579064
-20.94673936
-18.09994204
-19.63817622
-19.43379476
-18.52440395
-20.36536978
-19.58715654
-18.66695185
-19.28565354
-19.57416164
-17.68452432
-17.55823439
-17.85285904
-17.76169255
-18.67109794
-19.74847311
-19.60782872
-22.55043785
-19.42656553
-22.48786373
-20.00473986
-20.75673162
-19.45111322
-19.43426511
-21.08537025
-19.26123403
-21.88187415
-21.04564718
-22.70525305
-19.50815559
-21.03316153
-19.29058381
-18.93277967
-19.06847214
-19.45584396
-19.60574674
-19.54701919
-19.23260020
-19.52919773
-20.81121215
-19.42096247
-19.27057906
-19.62854878
-20.29568774
-20.75666824
-19.68115787
-19.11547789
-17.48533603
-19.04005799
-22.36471237
-18.32160374
-17.89538873
-19.24665639
-17.76390102
-18.71481534
-20.74442729
-19.79728025
-18.92034886
-18.98564968
-19.09281272
-20.23401778
-18.36718261
-22.43405989
-20.45651800
-20.03856423
-22.65628250
-19.31047400
-18.70361470
-22.53421129
-19.04288922
-19.87583553
-18.36769930
-20.20610829
-19.21513836
-22.14603902
-21.39839235
-20.63868910
-21.06843948
-19.81452388
-19.84395705
-19.09843047
-19.62931357
-20.24491025
-21.88070659
-19.38183839
-20.33388644
-14.81181841
-15.55329921
-15.62522434
-15.26889082
-22.61893114
-15.43681748
-20.67004022
-14.60587878
-14.79273643
-14.66536216
-18.29465908
-19.51941797
-15.96151363
-17.13156286
-16.65092625
-17.82186663
-18.63453411
-17.84983078
-17.17076687
-18.37730864
-17.32824953
-12.31295940
-15.14498184
-14.53807289
-14.37780187
-14.66292457
-14.66303592
-13.56115483
-15.10535658
-15.34952783
-15.12263545
-14.38855663
-15.89763577
-15.42629478
-15.07391658
-15.16589998
-14.18174382
-15.61821267
-22.98205370
-19.71142342
-20.83113187
-21.10554008
-19.84450617
-19.56896896
-21.35705577
-19.95470482
-25.46807963
-19.39485995
-16.00350056
-15.42415043
-16.39859784
-16.49160604
-15.96383182
-15.41928682
-16.02714595
-15.62005852
-16.43314630
-16.13342737
-19.73221947
-20.50781762
-18.70826929
-19.38752418
-18.62903888
-18.79670792
-19.86243365
-19.40723780
-20.28558400
-19.94967425
-14.93659327
-14.88418423
-14.83592325
-13.64481450
-15.50112628
-16.37752627
-15.04916043
-13.88358064
-14.10992962
-14.95018425
-16.08550614
-16.72359628
-13.85879487
-15.64919220
-15.60044438
-15.76731070
-15.36520750
-14.87797001
-15.43755832
-14.52859612
-14.57550911
-13.72649805
-17.53176642
-20.77120784
-18.84056100
-17.40035159
-17.47104026
-20.19886319
-16.20271903
-18.15028138
-16.47169416
-18.59521364
-17.68653772
-22.49198486
-17.33170775
-17.79718455
-17.33817939
-17.94361522
-17.18625121
-17.34931244
-20.83189102
-19.24663836
-18.18747083
-21.65153629
-20.06872048
-18.90671947
-20.68913824
-25.13785165
-18.92798772
-21.44916491
-18.12149430
-19.01495453
-18.13270265
-19.23237853
-20.68032647
-18.09515681
-18.00398611
-17.43222775
-18.58898024
-18.97513728
-18.27227688
-18.29449972
-19.26620045
-18.16273946
-19.85732989
-17.18507358
-17.98229146
-18.88978114
-19.34711854
-22.69721969
-22.55586086
-18.00345322
-18.59814288
-19.47506040
-18.31539186
-19.15471072
-19.93622342
-17.10497226
-18.55770636
-18.28278826
-17.39119400
-18.22868554
-17.69230123
-19.43683585
-19.75017825
-19.88649961
-18.63834635
-18.78730648
-18.96987177
-19.41875026
-19.08110977
-18.28508910
-20.94044980
-18.01754483
-23.32661586
-18.24683282
-21.33766616
-18.33859126
-19.82135350
-20.57362868
-22.74987758
-20.16031158
-17.74122298
-17.41151515
-19.66249628
-19.82867905
-16.51002167
-16.58817569
-19.21139287
-21.79605859
-17.73221911
-17.87775493
-19.39637142
-18.09586479
-18.38577830
-18.53128988
-17.90606469
-18.90570361
-19.10987475
-18.99964185
-18.37851779
-19.12349010
-21.40721611
-22.03905340
-21.96223573
-23.92608115
-23.16242559
-21.54553389
-21.13326358
-21.68938394
-22.02920924
-21.69902761
-21.60356080
-22.82582375
-23.13321440
-21.38552393
-21.48573864
-23.01073135
-21.79977314
-22.07295720
-22.07714387
-21.97270846
-22.21588443
-21.64548516
-23.44999653
-23.52262291
-21.45302472
-23.37049234
-23.20736407
-22.05022643
-22.03713066
-23.93843153
-21.98238858
-23.00575625
-21.81115958
-23.34973743
-21.79357364
-21.72980412
-22.45017515
-21.65979921
-22.41073733
-21.45980923
-22.18123356
-21.85112851
-22.21311400
-21.56767905
-21.64003612
-21.80191914
-22.94237910
-22.11536324
-21.85689786
-23.27122402
-22.61768594
-23.23514954
-22.00689756
-21.51255102
-21.82649552
-21.60236989
-21.99585820
-21.82881842
-21.70999777
-21.15568887
-21.38964391
-21.51725076
-21.66032734
-22.12675822
-21.74469604
-20.50227794
-21.76827016
-20.83860004
-20.59972003
-22.18883328
-21.64460559
-21.06819424
-23.36368866
-23.13983080
-21.05458099
-23.27662460
-22.08502666
-23.42838989
-21.81516415
-22.88602495
-21.10591227
-23.64604602
-23.38091151
-22.91258935
-24.00172433
-21.77936733
-21.66491453
-23.74534519
-22.93710160
-22.94217697
-21.59331759
-22.09682287
-21.64352387
-23.78899570
-21.68406355
-21.76451175
-21.71500356
-21.89278637
-23.13352881
-23.33988509
-30.70283721
-30.70191679
-30.76246501
-29.35602414
-30.13904124
-30.76495988
-29.46811901
-29.22764933
-31.07195137
-29.65716340
-29.88202967
-31.48936231
-31.24519789
-29.49914144
-31.60420951
-30.76985073
-29.85310070
-30.78996184
-29.77360308
-30.75414744
-31.24362130
-31.14645756
-30.75293541
-31.69329506
-30.76576974
-28.11325788
-30.08151118
-29.64279521
-31.57548125
-31.06732482
-31.03284877
-31.15148544
-30.73746519
-29.30658478
-30.50303010
-29.55968891
-29.44998519
-29.51746419
-29.57348881
-30.93555256
-30.99319986
-29.42929874
-30.19984245
-29.46030139
-31.38820829
-30.95123145
-31.33687891
-31.05606651
-30.82500171
-32.13837188
-30.62274216
-31.82353307
-30.89352135
-29.94831339
-30.06689753
-30.78855225
-30.78909945
-31.38741348
-29.55844659
-30.00174819
-29.84824141
-30.89929911
-31.01244995
-30.75840413
-30.75913256
-30.76000722
-30.80362620
-30.88057860
-30.75697951
-30.74046099
-30.93403175
-30.76122758
-30.76134965
-30.78919949
-29.61006381
-30.93147542
-30.53018160
-31.09522131
-31.08605241
-31.09048215
-30.64700913
-31.08645678
-31.12085996
-30.86162016
-29.40120509
-29.68263269
-30.20329128
-30.80845722
-29.60333005
-30.06286078
-29.62416683
-30.19196200
-31.04051855
-30.34176758
-29.41861589
-29.92617204
-30.79683004
-30.79537501
-31.35868262
-30.83643636
-30.84542571
-30.58146468
-30.13603497
-29.44400129
-28.74170493
-29.86441569
-30.15350690
-29.28887744
-29.04808103
-29.39754205
-28.08698617
-26.31261576
-26.53955703
-29.96155471
-25.90807999
-28.92915148
-30.46145603
-26.67061212
-28.07166679
-28.42503094
-29.90248752
-30.09122322
-28.77022419
-28.30195856
-27.45356659
-29.70160728
-28.35775844
-30.17260233
-30.89709248
-28.31425923
-26.91754431
-29.77821113
-30.52112824
-25.36129501
-29.62523822
-28.66722571
-29.05236170
-27.27512887
-28.68577075
-28.76085087
-28.83809730
-28.26247818
-29.82100646
-28.91834845
-26.22032112
-29.13135270
-28.97218771
-29.58603833
-30.11169471
-29.68592033
-29.52227266
-27.15530192
-30.08733154
-28.46399641
-27.99732020
-28.32109680
-27.02479751
-30.20892558
-30.37202991
-29.92219009
-26.06678774
-28.73738546
-28.12197905
-27.78280465
-29.65394695
-29.84931065
-27.04615289
-26.19176722
-26.51961454
-29.83775511
-28.51779650
-28.49814623
-29.79680311
-27.41063291
-29.38480787
-29.98943723
-28.67441579
-29.87510357
-27.67171880
-28.11593780
-28.88396842
-30.27320053
-27.50007090
-30.24963571
-28.42313621
-29.34270051
-29.36565084
-28.29054003
-28.94615443
-29.10294460
-29.93776483
-29.29202555
-28.38555628
-29.49663216
-29.55809937
-28.48675058
-29.57245477
-29.48620361
-30.03319341
-30.04176954
-12.18171436
-11.69465776
-11.06860842
-11.92807706
-12.62092241
-12.05189797
-13.10806185
-11.10012805
-12.45175765
-12.55325605
-11.83486368
-11.59561705
-12.23455424
-11.38737616
-13.45125337
-10.54162985
-11.94922193
-11.62235550
-12.45157699
-12.51321474
-11.59670931
-11.72942260
-10.81857793
-12.03050806
-14.39707381
-11.75097466
-12.03776424
-14.99116085
-10.85535291
-15.23002782
-12.52729320
-12.02586588
-12.12953907
-11.55821726
-12.21027165
-11.55258455
-11.36045714
-13.78329287
-10.88769637
-11.80991847
-14.14312521
-11.82087881
-11.63296165
-11.67806082
-11.90054185
-12.29196823
-12.06168086
-13.12825718
-13.86361351
-11.56080760
-14.52480285
-12.34742226
-10.98704915
-14.16943701
-11.59320021
-12.25918873
-11.61123142
-10.78070785
-11.44692595
-11.31136187
-11.98821244
-12.33488812
-11.27184373
-12.20146599
-14.15826348
-11.44839265
-11.96993784
-11.99733941
-12.40914169
-11.91980626
-12.16545656
-12.19461319
-13.84136357
-11.70793738
-12.34971080
-12.80083644
-12.11364502
-11.69722109
-11.48118589
-11.42794627
-12.50901478
-11.47871284
-10.35078100
-13.32639496
-13.91653890
-12.59262908
-12.63938923
-11.64922028
-13.34166430
-10.43377213
-12.92757851
-13.56245387
-12.15903970
-13.04282955
-12.95907907
-12.04852606
-13.98433808
-11.05571725
-12.24142745
-12.24300301
-16.83062340
-15.83637130
-16.30332560
-18.46343834
-15.77648999
-16.63400988
-16.43358183
-15.40664434
-16.44744436
-16.57383748
-14.95178300
-14.92213889
-15.18157577
-15.30081936
-16.99844822
-16.44451274
-16.76941427
-16.01854928
-15.85951708
-14.83047573
-16.02530375
-15.52081254
-16.12983482
-15.34007542
-16.69808730
-16.43450139
-15.40172889
-16.75714616
-15.73490962
-14.75174426
-15.58834063
-16.57076189
-16.68646048
-12.85682307
-16.92660334
-15.80592943
-16.13948920
-16.96041081
-15.39477796
-15.23427266
-16.42856312
-15.98223802
-16.03394672
-16.59329555
-17.67011474
-16.59640523
-16.40064284
-16.16242070
-16.39205467
-16.86015742
-16.34327685
-16.00854210
-15.64432002
-16.01862565
-14.87525993
-15.54161057
-15.36406145
-15.47495093
-16.13850253
-16.32956158
-15.48252879
-15.64779408
-16.37654283
-15.29347887
-15.87941165
-15.78945085
-16.22767739
-16.52065002
-16.09024383
-15.62288116
-15.09309763
-15.04693924
-16.19221977
-14.83534161
-15.59117435
-16.42771914
-16.70961362
-14.38587616
-14.09338695
-16.50441073
-15.47018816
-15.12005394
-14.05093936
-13.83388665
-16.43844626
-16.50384754
-16.55638438
-17.53449575
-15.60994041
-16.74491558
-16.41968133
-16.16569660
-16.53708256
-16.36286649
-15.71888215
-15.65486222
-15.45197815
-15.08034161
-17.02452637
-16.01487554
-15.98633288
-18.73001752
-16.28812695
-15.35264296
-16.88844436
-15.80763619
-15.49095344
-15.88716800
-16.94765309
-16.13272009
-15.76414806
-16.48978419
-16.70174809
-16.37350724
-17.47796416
-14.85072671
-13.86628554
-13.62813544
-13.99373610
-15.27452915
-15.50317586
-14.88724266
-17.20606732
-16.10253516
-15.83454868
-19.66813154
-18.42854086
-18.33096258
-19.09295016
-18.60158682
-17.27604626
-17.80250585
-18.52336880
-18.39482094
-15.89600175
-16.13118798
-17.61104582
-15.70615320
-16.55795146
-16.17750799
-16.82436515
-16.34216996
-15.65097470
-17.19179556
-19.45779938
-17.44131608
-20.85684196
-20.28161379
-18.09529887
-16.96369559
-19.01414623
-19.20842342
-18.67475156
-16.24024463
-15.83855899
-15.33153766
-18.32478109
-16.55020145
-18.63245409
-18.29738693
-16.22901640
-16.20138268
-16.57622976
-18.84077948
-19.89901156
-17.91178969
-17.89024541
-14.56400274
-15.61231980
-15.29424539
-15.53886970
-15.31834414
-15.51006741
-15.50388153
-15.16592684
-15.64367215
-15.52597387
-18.92620799
-21.09258715
-17.15579282
-19.19482596
-19.36296611
-19.17325625
-19.47513504
-19.62596730
-18.44427835
-19.55575677
-15.97449023
-16.25717384
-16.36906488
-15.21078974
-15.15808724
-15.20851525
-18.22541707
-14.57874167
-17.78616087
-19.76057308
-19.85145906
-20.81581074
-19.17365693
-18.09977605
-17.53567957
-15.49250966
-13.94858607
-17.45793940
-15.64293203
-13.86772704
-14.20552796
-15.87722183
-15.89173684
-14.64028547
-14.52792571
-13.80763890
-14.63240659
-16.38796693
-14.40816069
-16.17197704
-18.96217786
-14.41550534
-14.86356520
-14.77784763
-15.99983646
-19.01009364
-15.96349461
-15.42277334
-15.89791529
-15.34706509
-14.72708821
-16.13816299
-15.43579185
-14.85739862
-15.97994250
-18.93241715
-16.36937722
-16.73320253
-14.73363293
-16.18870945
-13.97982007
-18.05277113
-17.95318092
-13.72853375
-13.86093750
-17.40224390
-17.48934765
-14.15865308
-16.47847401
-15.63151803
-17.44692123
-13.97491631
-14.79711288
-13.93051135
-14.69273186
-17.15346175
-15.59916181
-14.65056288
-13.64042105
-14.58377879
-14.07162194
-16.14086828
-15.14538355
-15.85962163
-14.66479763
-14.93864643
-14.44167951
-14.19811781
-17.44430588
-17.84968381
-14.93945958
-15.84122327
-14.91631710
-14.94843263
-14.72189567
-14.32957327
-14.37285255
-16.83032931
-14.39253290
-16.25953806
-14.73178738
-16.01176646
-14.88711022
-13.99028927
-14.40439977
-14.99762129
-16.25350238
-15.57359966
-13.66940306
-18.90023204
-16.34606134
-14.89648362
-17.40078640
-14.75708922
-13.88198501
-18.10666492
-17.87395151
-17.49336186
-18.14605251
-14.28818573
-14.07246274
-13.90919785
-14.00082503
-11.13996358
-11.65910831
-11.99832915
-11.49884623
-12.12326149
-12.62422647
-12.10099186
-12.74432595
-11.77651979
-12.33969045
-11.27287429
-11.29450040
-12.45809270
-11.76989191
-12.03481242
-11.90893444
-11.07357329
-12.50507374
-12.48411141
-11.12544593
-12.15984949
-12.01697046
-12.18883825
-11.88050290
-12.37624231
-11.33055497
-11.47001950
-11.92665868
-12.28360104
-11.77260413
-11.94084786
-12.16317270
-11.15494757
-11.51420225
-11.64583892
-11.58661030
-11.82190361
-11.30284511
-11.28230195
-11.47712935
-12.63951007
-11.89579579
-11.05810925
-11.77341425
-11.92509067
-12.41613210
-12.05119721
-12.18863773
-11.99452781
-11.73096184
-11.51437058
-11.90842119
-11.96620641
-11.60906843
-12.38648809
-11.81934127
-11.25661169
-11.84597135
-13.90056409
-10.71891602
-11.32053234
-11.99221899
-11.56592711
-12.31394817
-11.95243809
-11.93549985
-12.35522911
-11.04098928
-10.73347041
-12.33466872
-11.36607960
-11.98805977
-11.10772371
-11.68679959
-12.28831470
-11.47593672
-11.91786689
-11.70192314
-11.53345045
-12.24746002
-11.69908296
-12.22311761
-12.12356987
-12.19577955
-11.34224174
-11.74199052
-12.16274231
-11.08922936
-11.15302818
-12.21153684
-11.78785796
-11.98051221
-11.73097698
-11.74212906
-12.30497640
-11.52753931
-12.69672011
-11.65580146
-11.81193666
-11.49221778
-17.28759434
-15.67272917
-15.17097773
-14.52171970
-16.90739863
-16.49366521
-13.26202267
-16.69900354
-13.48061938
-13.43229989
-13.00246249
-12.78618413
-17.49181357
-14.20967477
-13.68008807
-13.61300910
-14.07976110
-12.75618835
-14.21901651
-14.52954096
-14.48723478
-14.75269162
-13.99080444
-14.07648465
-17.34605453
-16.68771827
-12.34386100
-17.53730972
-16.73573431
-17.35686085
-16.68315150
-15.05813745
-17.32351421
-17.08865422
-14.82946496
-14.79254651
-14.09311508
-14.51006607
-16.77716888
-11.80968649
-13.20424786
-12.90600449
-16.97623354
-17.17734519
-14.60867186
-17.20784752
-14.11263422
-14.12105860
-14.46831907
-14.33971437
-17.13474055
-17.48576134
-17.60163833
-17.23679433
-14.96660837
-17.16860352
-15.94192813
-14.54513477
-16.47173464
-15.61600824
-16.92483210
-10.65663953
-13.11139403
-13.29518383
-11.46231740
-12.70464100
-12.74162343
-13.23421575
-11.98251959
-12.82505608
-11.38697571
-17.55403258
-13.88144430
-13.66335228
-14.03254996
-12.96827467
-13.40319022
-13.45996410
-13.32562014
-12.52526274
-13.31198290
-13.89187274
-13.66221303
-12.82747319
-14.21101719
-16.81991869
-17.02932454
-15.77458185
-14.73433587
-17.38412736
-17.19658352
-17.41562495
-16.58275851
-17.62035843
-17.07961294
-14.07205233
-17.27082005
-17.13812286
-16.05722663
-17.73580962
-24.30585883
-25.91736351
-23.34507410
-25.72733139
-23.34276973
-24.21063051
-23.82580645
-27.83418400
-24.65580075
-23.52497156
-24.80099398
-24.83063484
-26.02734690
-24.05816269
-23.53118457
-25.95215896
-26.25232850
-24.43661076
-26.44796220
-24.82099749
-26.28863111
-24.51818841
-26.17333525
-23.72963607
-25.51342564
-23.53714882
-26.19225122
-23.75436941
-22.71494396
-23.18156488
-23.32480562
-23.39696793
-25.49582981
-24.47107942
-26.14746477
-23.01735861
-23.68833883
-23.27483377
-24.33357094
-22.70301672
-23.42092666
-24.31610847
-24.15031928
-24.40479086
-24.88450957
-26.22751800
-26.22875505
-22.39173679
-24.22122745
-24.57640972
-25.42322581
-26.09077898
-23.64718902
-23.35061133
-26.05694961
-25.36904174
-24.09891706
-26.14915763
-24.59899910
-23.79017401
-25.33397921
-26.00395049
-24.50175861
-23.47701756
-22.58848684
-23.99307667
-26.20089061
-22.47053060
-26.27180844
-24.35030050
-24.89219157
-25.58186921
-24.57708207
-26.33136598
-23.15334653
-25.35554531
-23.34132760
-22.43762358
-24.25818095
-23.11243514
-22.95078120
-24.80375827
-21.93496835
-24.77507546
-25.01340151
-24.26731004
-25.04654238
-23.19191901
-24.48381743
-23.54523624
-25.81714811
-26.04412293
-25.06424211
-23.16126056
-23.39830009
-26.17627378
-25.81360089
-25.02490250
-22.62977034
-24.37837317
-18.17822955
-15.23934068
-17.89050092
-18.20613964
-15.31305436
-17.61463988
-17.90114115
-17.76261942
-17.59702321
-15.48661961
-16.59902324
-14.90800855
-17.44320438
-18.12752401
-15.73388505
-17.85246409
-17.65469279
-13.71981020
-18.03468717
-19.09793915
-19.03324935
-18.93016139
-17.87503035
-17.68547510
-15.18546387
-15.64316453
-15.36718938
-17.97119979
-17.32619279
-18.15849826
-16.73137192
-16.97780454
-17.94515685
-17.75322386
-14.18421682
-13.37670751
-13.13162755
-13.45659266
-13.31940214
-16.44112613
-15.87604972
-12.94692930
-13.72920220
-15.16430448
-14.44059150
-14.53375204
-13.80767516
-17.85720710
-14.83178190
-16.10489274
-17.55305513
-15.43680513
-17.20278659
-17.55567657
-15.62203820
-17.59364063
-18.04739142
-17.85012353
-17.80823418
-18.05733973
-18.05264391
-15.91808611
-17.81594347
-13.42666619
-12.69237193
-12.92147686
-12.59717911
-13.91565762
-12.98802935
-13.65267292
-13.74032950
-13.68982574
-17.01517445
-17.88672737
-15.57189268
-14.36238438
-14.04992768
-13.98628100
-12.76173738
-15.31587509
-16.83744355
-16.00735815
-18.02822412
-15.26008646
-15.79077285
-17.79721408
-14.41600583
-17.45441497
-15.25052503
-15.50312387
-17.85550355
-17.38959884
-18.05924758
-17.48643233
-15.35771187
-14.99614693
-13.95678306
-17.97765260
-13.18327051
-13.55035187
-25.80306200
-25.84736277
-25.90674571
-25.90674571
-23.42122095
-23.25150316
-24.03274683
-25.86240415
-25.86240415
-25.90560182
-25.91371656
-24.23979336
-24.50080426
-24.19776753
-24.21080464
-25.20675904
-25.32598428
-25.32598428
-25.45388240
-25.49769809
-25.30097588
-25.30097588
-24.19309019
-25.30097588
-25.32598428
-25.32598428
-23.55190214
-23.89983966
-24.26375778
-22.49312678
-24.25044791
-21.58823260
-23.03169967
-23.95434597
-24.06721025
-25.81678189
-25.81678189
-25.86382259
-25.86382259
-25.80306200
-25.86382259
-25.81678189
-25.81678189
-25.81678189
-25.81678189
-24.00562844
-25.69880944
-25.29462553
-25.78191249
-25.77855806
-25.72014239
-25.74765786
-25.71817062
-25.74221177
-25.74643595
-25.74884827
-23.29348865
-24.15671600
-24.44453128
-24.25447534
-23.03606508
-24.80598504
-23.00009940
-24.39647678
-23.82703001
-23.49540524
-24.59219222
-23.18962191
-25.32598428
-22.65240696
-26.50282291
-24.07732243
-23.74566677
-23.20059828
-24.12957689
-25.32598428
-25.32884496
-25.32598428
-23.96301775
-21.48189482
-25.02659718
-25.02659718
-25.00719804
-25.00719804
-24.28005483
-25.02659718
-25.02659718
-25.02659718
-22.45409715
-24.89574883
-23.05268686
-26.86086162
-25.76027094
-25.81961309
-25.79987013
-25.76756016
-23.84336786
-23.39890823
-23.93325662
-22.40430996
-17.23599992
-15.49886485
-15.86158854
-16.03050403
-13.30096809
-13.95854580
-14.90418876
-14.45049969
-16.28026100
-13.88095763
-14.60510458
-15.01022239
-14.45802630
-15.10016544
-16.30307956
-14.31792038
-13.21005349
-15.15232028
-13.32855827
-13.94053308
-17.36084481
-14.59633180
-15.37725136
-15.29140897
-15.46020989
-15.76751155
-14.16064828
-15.03028847
-15.55104657
-16.84508593
-15.66454120
-17.41224744
-13.73318239
-14.08775914
-11.98376826
-11.79915398
-11.17737996
-11.93720832
-12.43777437
-12.53370699
-13.41120859
-14.46348118
-14.94899072
-15.17173457
-12.04466251
-10.99719450
-9.03970727
-9.38930072
-7.90607029
-8.68023792
-10.26816954
-10.60026809
-9.64362134
-10.15965734
-17.44046218
-14.52989228
-14.08328841
-14.09665223
-13.18860419
-11.98482665
-14.48793350
-13.80439244
-13.54868084
-15.07969441
-16.12109487
-15.60482664
-12.86179116
-16.13905223
-15.92071545
-17.42997097
-16.13699976
-13.44222398
-14.98738346
-16.17121804
-14.86101868
-15.32885535
-11.97768349
-12.12907311
-11.88733357
-14.06458901
-13.78717260
-12.67227116
-13.33916707
-17.06564700
-12.26897941
-13.74374674
-15.89251864
-14.02043546
-12.33038861
-14.49393065
-10.44522785
-11.19047243
-10.41144500
-11.77062248
-12.64227525
-11.40800118
-14.01160594
-15.99115596
-16.40490917
-12.99020697
-19.15614908
-16.85142150
-18.50292760
-18.81824544
-17.63970947
-17.89556091
-18.21096107
-19.64960199
-17.63433069
-17.56872471
-17.74432357
-18.80003290
-17.64305058
-18.19165711
-16.65111002
-18.92957063
-18.45913793
-17.46776036
-18.91743522
-16.78448858
-17.68517027
-16.64493229
-19.13028435
-19.28689124
-18.43953936
-19.23742088
-19.01965457
-19.09082872
-17.02371011
-20.23443023
-19.12702276
-17.02308549
-18.95572693
-18.02842628
-17.00750412
-19.45915731
-20.21880119
-21.14871298
-18.78059913
-19.64799185
-18.62097174
-20.06120066
-15.98976419
-17.23537215
-17.27779236
-19.34807385
-18.95806260
-19.15125513
-18.38272560
-17.77502843
-17.22170541
-18.09561695
-18.94197365
-19.07923612
-16.77758477
-17.14486182
-17.04647987
-18.47507511
-20.84842184
-16.66132275
-18.07084378
-19.56169076
-18.25433417
-19.07323197
-18.87861928
-19.48818290
-16.56478725
-16.83187035
-16.07751983
-20.48740293
-20.92262181
-18.30331483
-15.90814718
-19.01179560
-18.41094767
-19.01609243
-18.96002213
-18.60893596
-19.04374043
-17.83118166
-22.19900386
-18.44449596
-17.23102121
-19.37750250
-17.08761362
-16.54678931
-20.75499259
-17.20254115
-16.44693798
-18.99449216
-16.74917693
-16.91452000
-20.03165274
-18.84505508
-19.82594033
-20.25223154
-19.06507891
-19.83870346
-18.83756117
-17.80839614
-28.25347588
-26.60156191
-27.18359569
-29.07543385
-29.27847209
-27.65821507
-27.47863860
-27.48923864
-27.41087065
-27.60297027
-27.77409184
-27.29319796
-28.13622590
-29.87388214
-30.08305289
-29.78690288
-28.20609598
-28.88444426
-30.19125054
-29.32865867
-27.60722453
-31.22043307
-30.65851365
-27.21202463
-27.72000608
-27.20186201
-27.22329307
-26.60926840
-28.04307718
-27.87833837
-28.57674962
-27.80884017
-27.72019953
-28.23677589
-27.96032338
-29.22441914
-27.70569082
-26.93037077
-27.81630123
-27.86477567
-29.26632187
-29.80086162
-29.23547389
-28.32595442
-28.96196849
-29.38494148
-27.31203619
-28.18751067
-29.03608405
-28.35747283
-28.12872446
-28.46500567
-26.10553273
-26.13945692
-25.68049462
-28.02488354
-25.48831370
-26.66482326
-29.21156034
-26.69638455
-26.65244908
-27.33566363
-27.41761211
-27.21125650
-27.36586132
-27.85692303
-27.73015195
-29.52793122
-29.68222265
-28.60831942
-28.60821613
-28.60828499
-28.60860333
-29.07652124
-27.85735573
-27.98597162
-28.06896242
-27.37913059
-28.27277090
-26.55280322
-27.85135657
-27.93402444
-27.54809680
-27.50156159
-27.29409931
-27.28827539
-27.45017435
-27.61174890
-27.53355110
-27.18390657
-27.30112001
-28.56271190
-28.97767024
-30.01153258
-29.62636073
-29.43165046
-29.58388331
-29.48484049
-31.48958644
-28.56196858
-6.61206705
-6.69837145
-7.84713516
-6.92604963
-7.62862768
-6.65245726
-6.50416229
-6.27073103
-7.54674162
-7.49878830
-6.81133873
-7.07350597
-7.00787747
-10.80595605
-10.16938273
-7.67384743
-7.69218218
-7.20016262
-7.15988117
-7.80735230
-8.50335181
-6.56458904
-10.48635270
-6.43913163
-5.66264672
-5.29164017
-7.49569180
-6.24165038
-4.54538213
-3.40612130
-7.26508836
-6.42083340
-7.65045753
-7.75258177
-7.92767625
-7.65155668
-6.29502007
-5.79582933
-7.59706078
-7.10037635
-7.01553913
-6.25297895
-7.53181946
-8.90249043
-7.62993129
-7.24794531
-5.68388993
-7.45022024
-7.23510908
-7.48563068
-7.28960901
-7.30452025
-7.50438767
-7.36850059
-6.92900117
-7.11365797
-6.52288943
-7.46503629
-5.71742641
-7.56553886
-7.30879818
-6.79943235
-7.54446784
-8.44186050
-9.09269834
-8.82793265
-9.05103645
-8.62546882
-6.73775474
-5.84946328
-6.41684212
-8.76217793
-8.78579438
-11.11423663
-9.41479333
-8.84623676
-9.42694384
-10.19345691
-8.59525216
-10.03167116
-9.25231591
-10.67870482
-7.13001299
-7.30045340
-8.43140883
-7.17633440
-5.90105983
-10.49835860
-6.46321254
-8.54694936
-7.60664784
-6.35194328
-8.45458575
-7.61161530
-6.85208702
-6.03923767
-9.68326135
-7.25166343
-6.65929920
-8.48214272
-23.89038045
-25.31255864
-25.13944334
-25.75313400
-23.77153844
-25.68719244
-24.94983540
-23.07521417
-23.49533059
-27.43247272
-24.17314651
-26.95635018
-26.31929845
-23.68654742
-23.97615678
-24.91515053
-26.88930056
-23.40085539
-23.99375538
-26.33079143
-27.07424163
-26.72167388
-26.93681854
-25.41390572
-26.37593107
-26.59542709
-24.01885511
-25.02642279
-25.42174629
-23.78613987
-27.02425727
-26.46458256
-26.78693743
-25.27203739
-24.25882934
-23.69531090
-25.06052775
-26.44448928
-23.91023561
-26.72703822
-25.42311400
-26.79368409
-27.03565768
-24.18706699
-23.63912235
-23.95052690
-23.26933433
-24.85304142
-23.55582630
-26.48352776
-23.70476268
-25.01196249
-23.55896967
-25.68291347
-25.02291638
-25.34967608
-23.29223080
-23.98860284
-25.18433939
-26.44644800
-23.99061435
-23.63343867
-26.11823989
-23.83923715
-26.58865295
-27.42746637
-26.09842228
-27.13856949
-23.82633694
-23.89706521
-26.54517644
-25.24331910
-25.39706162
-25.98019328
-26.86164844
-24.97662439
-27.16243733
-26.81261718
-26.98293499
-23.82797242
-26.25822258
-26.76509704
-26.70541124
-23.88214070
-26.63011668
-26.78245743
-26.11458737
-26.73110368
-26.62795338
-23.37448672
-23.69227968
-23.46351129
-25.84055644
-26.54898016
-23.55924411
-23.58241077
-23.70395838
-26.62308853
-24.92294435
-23.71747187
-30.74097408
-30.74655045
-31.05179765
-31.34970997
-30.90698307
-32.14333105
-30.59583517
-30.99554156
-30.67853164
-30.94742588
-31.45784620
-30.89986292
-32.14913254
-32.21416657
-29.34727484
-30.60174773
-30.78874796
-31.70710278
-30.75288011
-30.40519861
-31.91508593
-31.20214865
-31.71521342
-32.13594887
-30.10198788
-30.95189888
-31.82171409
-29.69989835
-31.03530250
-30.63417979
-30.19930552
-31.21488263
-31.41486959
-29.27108375
-31.07238034
-31.13016044
-30.58674383
-30.81276924
-31.93423982
-30.90084280
-30.88163776
-30.87515069
-32.17406834
-30.96495544
-32.09885698
-31.93210307
-31.69700961
-32.02382279
-30.68132075
-31.28288792
-31.40884249
-30.78168711
-30.90312762
-31.79212665
-30.78100428
-30.78908450
-30.77058304
-30.94513247
-30.79241016
-29.95416643
-31.99251005
-31.45784620
-30.46785233
-31.10485311
-31.54538113
-31.01601208
-31.54603787
-31.74940430
-32.74395506
-31.56193258
-30.64609215
-27.13580492
-31.68641689
-31.30643906
-30.76059588
-31.32196360
-30.89263966
-31.84649221
-30.91324753
-31.83932617
-30.79063594
-30.62910031
-30.72952947
-31.59257111
-30.71896346
-30.37083201
-31.95682700
-31.80610927
-31.77786568
-31.92812209
-29.99720772
-31.73630578
-29.80588278
-30.21397461
-31.94252263
-29.22140865
-31.34420483
-31.41246690
-29.86667233
-31.18998800
-8.06848549
-5.64234540
-4.87698246
-6.81555864
-7.36025226
-7.36958889
-9.04572174
-8.73956662
-7.03188283
-6.49552212
-2.85599316
-4.74998545
-6.19494371
-6.97001211
-6.47385732
-2.82412205
-7.69779777
-6.56709812
-6.60839454
-2.54811867
-1.60035891
-1.13018986
-0.62878518
0.23650256
-1.11416004
-9.27247931
-8.29541206
-5.56620701
-8.50422241
-7.35192501
-7.04742514
-8.75684792
-8.75193653
-7.05661680
-8.21809890
-4.37242852
-3.76753336
-5.89674934
-4.33649242
-7.97269170
-6.19720260
-8.21667601
-6.30349333
-7.18640711
-8.63363807
-5.53606564
-7.77038946
-10.21325239
-4.81542581
-7.57297037
-7.25036328
-8.65035795
-6.47350016
-7.97530383
-6.60805402
-3.79945999
-4.62696741
-5.21107057
-3.24935357
-8.75463905
-6.63840788
-3.45911546
-7.40136633
-8.30248615
-1.31120425
-0.25772705
-1.98647758
-1.67219304
-9.12707674
-6.75548169
-6.96840900
-3.03265831
-3.23112915
-6.15713016
-7.12903383
-2.98713293
-6.74441931
-7.13286943
-6.68388665
-8.16197685
-7.96386282
-7.96819393
-8.11631097
-6.30840391
-8.56332911
-7.02060540
-8.07883232
-7.60806645
-8.36732284
-7.84497655
-7.62822172
-9.34872032
-8.03655295
-5.21439551
-8.45576161
-7.92203008
-9.33090939
-8.12537117
-7.65465165
-7.93965013
-14.74106112
-13.99183188
-13.40825941
-17.52706692
-14.84602342
-14.40132023
-14.87476558
-15.36523772
-18.62320122
-14.30614711
-17.30533174
-15.65933681
-14.59520565
-13.64132660
-15.45152506
-13.76436049
-15.31474636
-16.14549505
-15.96604908
-14.27239546
-15.54345016
-14.33462432
-14.10501712
-13.63209714
-16.11412902
-15.49310021
-15.64666404
-15.97169358
-14.25260116
-17.25600023
-15.68362673
-15.86015568
-15.76158609
-15.65672969
-16.11322607
-15.19622450
-16.05106492
-15.84586578
-15.29564906
-16.30299935
-15.68986139
-15.20157681
-13.06643919
-15.74058189
-12.28643972
-14.75300472
-13.80115887
-12.39353316
-13.47553205
-14.97450899
-15.02474745
-17.17078302
-15.91194172
-16.48270588
-15.20553408
-16.46893656
-16.42080381
-15.73122061
-17.03120618
-16.25516505
-14.13826690
-16.43406499
-14.41326190
-14.02552765
-15.01875737
-15.25675103
-14.09240915
-16.10024080
-14.26541195
-16.50069807
-15.58857938
-14.73109087
-14.43422216
-16.94426363
-13.94185731
-13.71193267
-13.12665459
-13.49228791
-13.56699138
-12.89206929
-13.78079370
-12.91410707
-15.82835006
-15.92547678
-15.58159331
-15.61294923
-15.29276630
-14.12673180
-15.58960806
-14.68615765
-15.58718495
-15.75928018
-14.96220377
-14.99414008
-14.80058533
-14.97641200
-14.18681282
-14.92564769
-14.48780033
-14.68951507
-29.63725525
-30.44877191
-29.72783230
-30.92516730
-29.54885537
-29.92266664
-30.42939317
-29.71568773
-30.91499324
-30.66163181
-28.83717794
-28.58201846
-29.31614110
-30.10186964
-30.19322043
-30.30461291
-31.79329178
-31.45827980
-29.82109849
-29.38576575
-30.39724658
-30.28259975
-30.75288638
-30.31462792
-29.24609265
-30.71635969
-29.97035147
-29.62947410
-31.47494346
-30.57080134
-30.86276246
-30.60057827
-31.01672441
-30.75065578
-29.86289532
-32.05790049
-29.79595865
-31.06742326
-30.76996024
-29.96666771
-31.80041359
-30.52944424
-32.04171780
-31.29692495
-30.90653500
-30.00450291
-31.78189447
-28.81126005
-29.41667238
-31.18577966
-31.34088542
-29.39777776
-29.50610999
-30.56603745
-31.74168960
-30.14092337
-29.92157762
-29.52353725
-30.50980718
-27.95089392
-30.59802578
-31.45113507
-31.25397024
-31.91780961
-30.12320026
-29.49565525
-30.66534485
-30.04246226
-30.14490061
-29.49011639
-29.22860665
-30.47033792
-30.18809968
-30.26364220
-30.62275983
-29.18917907
-30.57124091
-29.16260239
-28.94709321
-31.14262803
-30.97169209
-29.69526280
-28.77981451
-28.68811406
-30.36409266
-31.88140162
-30.37077721
-29.71341474
-30.13525009
-30.16906399
-30.71720475
-32.22298223
-30.98145790
-31.37774585
-31.01943585
-32.07298576
-30.77733011
-30.91021301
-30.46598850
-31.97792355
-28.33673230
-27.22018089
-27.42115448
-26.80657375
-26.03721730
-26.66032632
-26.64307221
-27.35086797
-26.69649966
-26.83818171
-27.39109712
-26.12537871
-26.09357188
-27.49137319
-24.45449604
-26.40798671
-26.35336405
-26.26064351
-26.22027924
-26.43703208
-26.42602783
-27.59045102
-27.37846000
-27.33533512
-27.58508627
-27.75989906
-26.65557933
-25.13271458
-25.72403468
-27.49217406
-27.28522661
-27.61182799
-27.23309333
-27.00686498
-27.22467883
-27.40695984
-27.06212155
-27.03007178
-27.42722890
-27.28258505
-27.27774543
-26.94383149
-27.29582633
-25.98586208
-26.81006429
-26.59185973
-24.65136301
-27.67373183
-26.91188196
-27.44490071
-26.82911290
-26.89719659
-27.68995274
-26.01692371
-27.11857691
-26.33969080
-27.13465036
-26.23027739
-26.66322024
-26.74843960
-26.56893253
-25.33775687
-27.14837800
-26.59260833
-26.63157875
-27.20153680
-26.51384644
-26.94145518
-26.58080879
-26.38571520
-26.94410895
-26.46912093
-26.48650730
-26.49264251
-27.42777093
-28.06167717
-27.04841093
-27.74822502
-26.10965936
-27.31262843
-27.43265609
-24.45710203
-26.55200429
-27.07582983
-27.29382362
-27.31293447
-26.90936410
-27.16739637
-27.33319699
-26.82987319
-27.33465304
-27.26790935
-27.70849862
-28.09433499
-28.33673230
-28.39450113
-26.32244966
-25.92346786
-27.20013762
-26.54031803
-28.87406843
-26.80500860
-28.00112374
-29.00604456
-30.39144343
-28.17795208
-31.22238540
-29.19129688
-28.93882529
-29.77794236
-29.00615741
-27.62117737
-26.53429721
-28.45131944
-29.32040468
-29.25309757
-27.50403470
-27.58838709
-29.11857351
-30.12061555
-31.18260386
-28.91495413
-29.38128299
-29.29345560
-29.45118226
-29.83324366
-29.35364669
-31.36552462
-29.73991550
-30.23569421
-29.71522275
-30.55053004
-27.90803588
-27.55837238
-28.09374989
-25.33281640
-26.20055969
-26.20079841
-28.51953519
-26.49066774
-26.88927128
-27.57172419
-29.14290145
-29.23343812
-31.05818281
-28.04621536
-28.17257429
-30.27209436
-30.07663865
-28.40836191
-26.44918964
-27.41261834
-27.08073409
-25.71668870
-26.32213612
-30.06772909
-26.78975000
-27.30286968
-27.15844718
-28.52198078
-28.10181652
-28.37461357
-28.37723324
-29.22059423
-30.13851914
-29.24522151
-29.72555277
-27.55976997
-29.49659046
-28.64170723
-29.22448584
-28.17848688
-27.49589878
-28.42055030
-28.11158165
-30.08368077
-29.52631731
-27.63891335
-29.11424010
-29.15926833
-30.38997529
-28.02700932
-28.60222703
-29.80251884
-29.86310076
-26.10037099
-28.31551338
-28.94440264
-29.58345584
-29.58987819
-29.93039615
-29.40214717
-28.86195419
-29.25297855
-27.63895148
-30.15487387
-28.51771324
-26.74558549
-29.11396011
-28.42752759
