-11.36474413
-12.16043749
-12.40004655
-12.73578107
-13.41282688
-11.64735884
-12.66806151
-12.27399072
-12.71404759
-12.70553005
-12.52747138
-12.46956359
-12.52711320
-13.88479803
-14.93326296
-11.94978698
-12.69221526
-11.82391442
-11.83774475
-11.19772996
-11.95532865
-11.72876484
-11.95587266
-11.97861803
-12.63913931
-11.67940814
-12.42851044
-12.36289848
-13.01147006
-15.02853106
-12.67483443
-12.24306520
-14.03104795
-11.96708554
-12.21473155
-12.71372430
-11.66926021
-13.21026736
-11.55279183
-12.47791798
-12.72036576
-9.66741154
-11.56977080
-13.18552774
-12.45914475
-12.51952268
-11.94218598
-11.87606984
-12.33455732
-13.12726724
-14.12486286
-11.73499570
-13.30504144
-12.57343797
-15.53350719
-12.45440903
-11.75745211
-13.18501515
-13.37401879
-12.48590393
-13.36790620
-12.40065860
-12.10962631
-10.01208794
-9.66173491
-13.73004040
-14.87987666
-14.64916725
-12.98552178
-14.48111545
-12.49668821
-14.04486561
-15.19163013
-12.12940265
-12.16458130
-12.38545664
-11.73514083
-12.01000958
-11.92048598
-12.37893699
-13.84437097
-12.74391200
-12.48084707
-11.91108527
-11.83789474
-9.65435674
-8.93501195
-9.86326462
-11.17153967
-11.51465388
-14.27125818
-12.14787919
-12.92120762
-12.62329668
-12.90999271
-13.25889186
-12.67986131
-12.89890376
-12.67132065
-13.91562098
-10.08098571
-7.21426302
-8.03907853
-7.39726707
-9.02520892
-9.07144695
-8.04324645
-6.81150213
-7.30193535
-9.61034551
-6.88260564
-5.82292588
-6.48585053
-3.99040395
-8.07594463
-6.61621399
-9.36071003
-6.67547549
-7.55188530
-5.80945846
-7.89720001
-6.96103153
-7.19519740
-7.21979517
-5.96058533
-6.83778641
-5.83697607
-5.54271606
-7.52558817
-3.65622436
-9.07597193
-7.58025458
-4.92684568
-5.52589776
-6.48965624
-6.15283560
-5.64969743
-6.39448376
-9.30527047
-9.12443079
-10.25221410
-8.03479672
-5.97454308
-8.79182725
-6.82674094
-7.40663472
-5.61687520
-6.96091629
-7.28330492
-8.90208879
-6.38197639
-6.68222420
-8.49896767
-7.79090317
-7.73210430
-7.35052895
-7.88979882
-7.38149166
-7.62076756
-9.56341983
-8.43920341
-9.18786889
-6.43401652
-8.91892917
-7.00713035
-7.00568333
-9.30051176
-8.50750004
-7.51277238
-6.97733850
-7.49788304
-9.04041762
-9.32876488
-4.94911799
-8.43707488
-7.93259725
-6.07492154
-6.59269756
-7.88690122
-8.12411314
-9.04641133
-7.37561131
-8.06515839
-9.43324546
-7.86917130
-6.60300465
-7.96375657
-8.00023561
-7.77934733
-7.16597303
-6.09690796
-10.70051065
-6.19619162
-8.94196448
-7.67854609
-10.97213239
-9.98407606
-7.61119121
-6.75236226
-7.44592075
-14.97563063
-15.02480128
-15.32620624
-15.57603328
-14.82618856
-13.48860787
-14.82217150
-14.17481621
-14.52329026
-15.60259513
-14.59718389
-14.76385402
-14.76647753
-14.66087477
-14.47551005
-14.21868278
-15.11322894
-16.66389557
-12.25951311
-14.79130199
-14.41502311
-13.75672939
-13.53165138
-15.34433131
-16.06525275
-13.58756544
-13.66646559
-13.82472513
-13.92608614
-14.96013436
-14.87986071
-14.65911221
-14.74170693
-15.41223685
-12.92328325
-12.94031413
-13.48722403
-13.07204058
-13.54350621
-14.67207914
-15.29014774
-18.22951622
-14.10624385
-18.56882036
-15.42015425
-15.26042274
-14.27860800
-14.51901594
-16.29895596
-13.52788801
-15.82587878
-16.35520749
-17.09220265
-15.06238502
-16.51059483
-14.91836161
-13.14935667
-14.40231586
-15.16697066
-14.57432558
-14.75666649
-14.95883638
-15.10160086
-15.44387340
-14.58925660
-14.37787404
-15.60578060
-13.97852267
-15.58398034
-14.45771238
-14.27700735
-11.37568846
-13.78606339
-16.95565508
-13.51613170
-13.62127532
-13.98942804
-12.69324493
-14.30902004
-16.13546646
-15.00891038
-14.51227691
-14.77469670
-14.35274905
-15.68785730
-13.98876467
-17.34182508
-15.68295151
-15.00369849
-19.02988417
-14.48497539
-12.99452753
-18.23662554
-14.79016929
-14.31568637
-13.69309811
-15.27860513
-14.55199141
-17.71741339
-16.38557547
-15.18156922
-15.32171364
-14.70350233
-14.44553629
-13.69320744
-15.20534970
-14.23848779
-16.03070685
-14.60056194
-13.83637942
-9.28188038
-9.29348104
-9.31709185
-9.45597084
-14.94379015
-9.05518009
-14.66979441
-9.18077200
-8.87383485
-9.18284814
-12.62675578
-12.87754273
-10.78339954
-10.93932155
-10.37565942
-11.73815390
-11.81186456
-12.02838006
-10.92569170
-11.55982089
-11.64833664
-6.18275640
-8.55251982
-7.81557286
-7.78154083
-8.06783894
-7.67867145
-7.73083817
-8.83391330
-9.20314680
-8.56424393
-9.10934043
-9.50791677
-8.88892204
-8.51176327
-8.52936731
-8.36498338
-8.73246359
-16.91028992
-14.24120649
-14.66007578
-15.24281764
-14.65607319
-13.98897960
-14.91111756
-14.51153840
-19.30003680
-13.98685541
-10.92922617
-10.43499221
-9.71789791
-9.84409510
-9.32729847
-9.47295997
-9.46160771
-8.84524634
-9.52806409
-9.42910118
-14.43733341
-14.06749160
-12.93041751
-13.10952896
-13.18693239
-13.25660919
-13.84883476
-13.15728835
-14.44455293
-14.28790819
-8.25272989
-8.04858953
-7.96669923
-7.28234649
-8.46012052
-9.29596577
-8.39278750
-8.08993177
-8.51174335
-8.34854372
-8.97567361
-10.22130982
-8.48246313
-8.69564245
-8.13717767
-8.88440355
-8.78665403
-9.13402137
-9.01559500
-7.92791274
-8.27847103
-8.16944261
-10.81046515
-14.22422312
-13.30329259
-12.07995230
-10.71406302
-13.99311952
-9.27478154
-12.98290386
-9.71796442
-12.46928683
-12.52448405
-16.16720874
-11.38330098
-12.31223114
-11.76587572
-11.59421900
-11.53540527
-11.03905729
-14.42022314
-13.31604682
-12.11258762
-15.54134857
-15.25996427
-14.00074821
-15.44997621
-19.51172527
-13.79501702
-15.79310989
-12.23259297
-13.82331631
-12.51575790
-13.03920595
-15.03504354
-11.14738209
-10.93034678
-11.23217606
-13.05346081
-13.67300451
-11.32149753
-12.76630143
-13.51321152
-11.92198402
-14.68716162
-10.82927925
-12.47851589
-13.43504770
-14.02085032
-17.31354460
-16.57696400
-11.60236414
-12.47844304
-13.34344548
-12.07176372
-13.26078431
-14.09393790
-11.76775157
-12.56755618
-12.32457285
-11.35167670
-12.74514569
-11.53961285
-13.58663036
-14.16249163
-13.93970303
-12.74088070
-12.86449394
-12.60840524
-14.09206964
-14.02818395
-12.83309641
-14.66364571
-12.13671774
-18.02378944
-12.91860858
-16.04236121
-13.03850087
-14.17843438
-14.63103772
-16.25212132
-14.73686139
-12.07688325
-10.38845340
-14.13059252
-14.74363570
-8.80714561
-11.02943004
-13.15638524
-15.04794988
-10.89366440
-11.33827046
-13.55729548
-12.25369141
-12.18462182
-12.19030529
-12.40542044
-11.88629008
-12.46694272
-13.97696658
-11.78297108
-12.89308340
-15.52903335
-16.15014029
-16.17238045
-17.53228553
-16.38234146
-16.00512622
-14.73294337
-15.35438204
-15.42592079
-15.61945365
-15.39846275
-15.04018080
-17.19229043
-15.69709445
-14.85069367
-16.31678378
-16.08731305
-15.93406258
-15.83853350
-15.57165570
-16.01320869
-16.03077078
-17.44703474
-17.09748188
-15.04704971
-17.22937711
-16.86098906
-16.12118485
-15.53812331
-17.82912874
-16.64495638
-16.75541844
-15.88775128
-16.45270865
-15.77560167
-15.97685156
-15.97896468
-15.00330667
-16.51763582
-15.53629187
-16.15684993
-15.64038905
-15.97549329
-15.67055881
-15.74530355
-15.92943004
-16.24989503
-16.22561441
-15.56936797
-17.64760585
-16.39929644
-17.19188524
-15.26961853
-16.06470216
-16.41023506
-15.16343052
-15.51833982
-15.63494754
-15.25929698
-15.44232816
-15.62518244
-15.70690782
-15.29032759
-15.89363595
-15.56235325
-14.74773177
-15.22328184
-14.87754150
-14.38393899
-15.84943549
-15.57234342
-15.64164185
-17.01887726
-16.68726523
-14.81422658
-17.50513707
-15.76913405
-16.99589531
-15.43694342
-15.86551078
-15.38328328
-17.33715260
-17.29850760
-16.44510797
-17.29728941
-15.42537877
-15.29442145
-17.98536328
-16.22444611
-16.13277514
-15.52915861
-15.41682945
-15.31517878
-17.52662302
-15.90950276
-15.39485359
-15.58918217
-15.66989576
-16.70289840
-17.33065304
-23.88605064
-23.25467058
-23.65356346
-21.84769944
-23.59083174
-23.39176142
-22.95132229
-22.47919601
-24.15866540
-22.86054826
-23.06120656
-24.64363906
-24.00842129
-22.80803834
-24.84825857
-23.66925654
-22.92855303
-23.56734009
-22.65738321
-23.49698561
-25.05388953
-24.69956583
-23.52459053
-23.85871045
-23.73305010
-22.18358433
-24.28026648
-22.99705095
-24.37167942
-25.14520388
-25.78187198
-22.81583981
-25.03240237
-22.33190687
-23.05376111
-22.50666608
-22.15193014
-22.59750174
-22.57202173
-25.51200564
-24.44477217
-22.54985660
-23.65621361
-22.22985793
-25.25898205
-23.86920037
-24.92684361
-22.64874307
-23.97292573
-25.37803261
-23.21766726
-25.34926640
-24.06952978
-23.61998879
-23.28641342
-23.69360922
-23.61176697
-25.43545334
-22.82162231
-23.53079327
-23.33912758
-22.95175977
-24.51107839
-24.09233626
-23.57439801
-23.40969450
-23.80110607
-24.31503443
-23.33553935
-24.04492115
-23.40653577
-23.27079785
-23.77835097
-23.16207562
-23.17024924
-23.52738624
-25.98853011
-25.47559133
-25.99597407
-26.70112542
-25.62427859
-25.93153809
-25.58507825
-25.65569403
-22.61537622
-22.67353538
-24.23939048
-23.43347071
-23.24250443
-23.28537954
-22.64494255
-23.59268834
-24.36039763
-24.26878241
-22.32549895
-23.28580065
-23.47981150
-23.93577976
-24.34315421
-26.05641237
-23.74669036
-22.31639712
-24.68679125
-21.76021177
-21.02859872
-21.71693077
-24.19565281
-22.44095406
-23.00305619
-22.05170458
-20.13035934
-18.70655962
-18.91215055
-21.51806706
-18.96045373
-22.51414226
-21.65620976
-19.70644656
-20.05775595
-21.02358371
-23.86658880
-22.83779576
-20.78898709
-20.55152403
-20.66651025
-21.25555607
-20.88569110
-24.58675189
-22.87752456
-20.49613343
-20.61471887
-22.76987825
-22.20038542
-19.27163381
-23.62690580
-20.87315371
-21.02404782
-20.40902337
-21.16955905
-21.38529463
-21.10746257
-21.98623174
-22.03148054
-21.55394759
-19.75461813
-21.04379751
-22.16985129
-21.90721406
-24.55491679
-21.94882165
-23.28872258
-20.62731289
-24.57954377
-20.57890539
-20.69937131
-20.55015132
-20.24227686
-22.62814887
-22.68054472
-21.67399719
-21.47562398
-20.74224101
-20.46348009
-20.25767340
-21.52421663
-20.76427713
-20.32350098
-19.66999904
-20.04720238
-24.03397713
-20.37735219
-21.31736807
-22.10368737
-20.59130472
-23.86971182
-24.64316744
-21.08017340
-21.83731466
-20.23548756
-21.48212107
-20.97421940
-24.78000055
-22.02337263
-24.83336799
-21.77904044
-23.31874187
-21.30387933
-21.50015368
-21.22535749
-21.75175103
-21.70666470
-23.53410594
-21.58722099
-22.27886041
-20.68233019
-21.27821110
-23.93326116
-23.42691916
-25.18496291
-24.47168317
-6.10402750
-4.94559172
-4.13627602
-6.72315498
-6.95863572
-6.14247590
-7.45140614
-6.41698484
-6.65337402
-7.10947166
-6.28952792
-5.88392070
-6.17518409
-5.17319527
-7.47262991
-3.50954876
-6.05257077
-5.19621943
-6.48979183
-6.79348010
-5.06229415
-5.60733965
-4.14471107
-6.22986624
-9.11172336
-6.09744958
-7.03868323
-8.10372679
-4.59357316
-9.01637662
-6.80087191
-6.72674662
-6.42881420
-6.31974826
-6.64684385
-5.79177841
-4.98281611
-8.24819780
-4.91637539
-5.91427431
-8.09475105
-5.68461373
-5.22010162
-5.35108572
-6.00394102
-6.13462266
-6.08804906
-6.99040171
-8.23169803
-4.88280311
-8.31690406
-6.16578369
-4.33142133
-8.61018782
-5.99807587
-5.96267849
-5.68124407
-4.61450462
-5.68853911
-5.44706936
-6.10938871
-6.55288524
-6.78068253
-7.18466862
-8.39195178
-5.48778283
-5.62145640
-5.61396424
-6.85357685
-5.96709308
-6.78246997
-6.84673564
-7.96772654
-6.16675620
-6.06690264
-6.85644395
-6.90342950
-6.62975756
-4.30040971
-5.64672058
-6.45686822
-5.70090052
-4.15935618
-7.00639473
-7.49832168
-4.27105077
-6.33167978
-5.34570174
-7.23692514
-4.31570634
-7.16480363
-7.86147491
-6.18298120
-7.06870902
-7.31573807
-6.00540457
-8.28417797
-4.55250805
-6.08169468
-5.92230590
-10.38060802
-8.61354058
-9.02909241
-9.52641128
-8.90641875
-9.57259125
-9.28014617
-8.32653994
-10.31037699
-9.75429454
-8.16723027
-8.58976459
-8.53532260
-8.38478950
-10.38398728
-9.12644627
-10.29634798
-8.98423279
-8.98474494
-7.91047666
-9.13251986
-8.27734356
-9.14508575
-8.12646193
-10.06423736
-9.69699040
-8.25487783
-9.68784062
-8.54914353
-8.12051706
-8.80578776
-9.41183530
-9.90327617
-6.76950537
-10.24213934
-9.34195243
-9.27648954
-10.22352107
-8.49228969
-8.22706862
-9.83176322
-8.23574802
-9.56154501
-9.24129686
-10.78452202
-9.94903890
-9.24080687
-9.45348835
-9.73081763
-10.25683574
-9.88899578
-8.45985516
-8.17178192
-8.94181435
-8.27996843
-8.44925273
-8.33686923
-8.42626225
-9.20074765
-9.42804427
-8.42999719
-8.78496708
-9.62512887
-8.83898658
-8.85912673
-8.80031396
-9.40497519
-9.44929953
-8.93594773
-8.61957442
-8.69981934
-7.84695561
-9.26826040
-7.86799889
-8.67960771
-9.49070778
-10.09371284
-7.37668435
-7.07697900
-9.52238897
-8.55953529
-8.64176428
-7.02621611
-7.18568671
-10.00515201
-10.17393126
-10.24244384
-10.70600722
-8.44318136
-9.58105586
-9.88327694
-9.05455752
-9.67362000
-9.06641848
-8.68532046
-8.84770767
-9.09059102
-8.31621887
-10.41127572
-8.65143595
-8.26285102
-11.01967939
-9.56623286
-9.09948609
-10.22574534
-8.56645153
-7.42846219
-9.11294951
-10.89799811
-9.41883629
-8.94674046
-9.80112609
-9.90097359
-9.59846231
-10.28919547
-7.52721373
-6.95853192
-7.00995007
-7.12562312
-8.41607796
-8.27898599
-7.43524386
-7.76602864
-9.22828594
-8.89090768
-13.21454030
-12.04785260
-11.29537275
-12.08454227
-11.72584947
-10.64004440
-11.02534351
-10.32783574
-10.20557017
-9.31357384
-9.57721102
-10.31101787
-8.61287675
-9.86046468
-8.76590160
-9.59009601
-9.31235867
-9.11724846
-10.33470195
-11.79088118
-10.26895992
-14.97380282
-12.72056172
-11.23606592
-9.08484505
-12.54855448
-12.46765704
-11.71660518
-9.51502744
-8.43855254
-8.33403111
-11.15055924
-9.31015952
-10.71342217
-11.13235992
-8.86569282
-8.77919287
-9.41668218
-11.11290804
-12.60845946
-11.23276788
-10.46211717
-8.38980886
-8.01746833
-7.51701583
-8.17833679
-7.76973173
-8.22233180
-8.03557745
-8.00556224
-8.11743360
-7.64416051
-10.87589436
-14.43840976
-11.25537995
-11.76514761
-11.89910724
-11.92323544
-12.04434675
-12.17948653
-11.73767514
-12.09694582
-9.28080667
-8.91691396
-8.79375148
-9.04572562
-8.10595862
-8.79972501
-12.23015027
-8.17383047
-11.16499026
-12.38991660
-12.22401026
-13.52008738
-11.60744813
-12.23383537
-11.31792379
-10.06610699
-8.53555178
-11.62289961
-9.85806121
-8.63014854
-8.25606718
-10.18419107
-10.02607436
-8.90441199
-8.41170134
-8.18557062
-8.60316121
-10.00327348
-8.19696585
-10.16194291
-14.29274236
-9.20047450
-8.40089487
-8.70024234
-9.91032212
-14.32742194
-9.95281771
-10.03196242
-9.96224298
-9.65516117
-8.81178438
-10.52407276
-9.77395036
-8.90764012
-10.55892139
-13.87084970
-10.07468262
-11.04786541
-8.78755373
-10.16171659
-8.03447706
-12.99671507
-12.21295886
-7.88619589
-8.21645707
-11.78405563
-12.13321832
-8.29869644
-10.22883471
-9.15462663
-11.95513889
-8.78317528
-8.83492285
-8.32979104
-8.19297051
-11.69818445
-10.56770678
-8.83638755
-8.27822517
-8.82118971
-8.32499970
-10.23195674
-8.89705717
-10.01559808
-9.07694837
-8.86172093
-9.10386764
-8.64547916
-11.45821918
-12.23488116
-8.82425101
-9.99447731
-8.97209116
-9.14447917
-8.82552128
-8.65586231
-8.43733708
-11.10372281
-9.16211074
-10.39008668
-8.66157982
-10.01423977
-8.83196341
-8.41978508
-8.66767184
-8.65087334
-10.26190218
-10.04741983
-8.05412150
-13.83136479
-10.29686623
-9.01710111
-11.17903524
-8.73165667
-8.23410814
-12.37072998
-11.88392649
-11.57398389
-12.12897061
-7.93716389
-8.07563818
-7.86240730
-8.21399693
-4.22809646
-3.63255047
-4.06741395
-4.12975458
-5.05099692
-4.93025624
-4.80258359
-4.34294703
-4.10483536
-5.10135649
-3.95298213
-3.81721925
-4.58900772
-4.01117222
-4.18418337
-3.57347556
-4.30993040
-5.16540338
-5.73238698
-3.69698138
-4.37451687
-4.95351803
-4.39861018
-5.08356796
-5.24866367
-3.82543065
-4.70997242
-4.68897181
-4.34006135
-5.50913117
-4.05160186
-3.97553447
-4.35727670
-5.75109684
-4.38665537
-4.20765966
-4.27739205
-5.04694115
-4.20607655
-3.89916849
-5.68786809
-4.41051285
-3.39953974
-3.77412704
-5.41548333
-5.24422779
-4.89583438
-4.65015137
-4.58885320
-3.70048596
-4.47158469
-5.49226973
-3.81784582
-4.54066208
-4.78475249
-3.49386807
-4.02340070
-3.53989619
-4.78835722
-3.39993541
-3.43567977
-3.88251972
-5.42564088
-5.30453719
-4.53401739
-4.59541334
-4.44380739
-3.18778930
-3.27881324
-4.94856214
-3.33138720
-4.97893277
-4.30464872
-5.22801355
-4.05825683
-3.39202007
-4.75955002
-4.62533972
-3.61958587
-4.72873629
-5.10191432
-4.63128158
-3.84043290
-4.53572433
-3.94761221
-4.73272164
-5.30399557
-3.78968135
-4.66414630
-3.82303323
-4.18087344
-4.23854688
-4.78903281
-4.62473003
-5.03333684
-3.82247250
-5.08109365
-3.30574475
-4.07947431
-4.37215356
-9.45948309
-7.48026527
-7.22940228
-5.93472317
-9.19841691
-7.99773281
-5.22048676
-7.72180989
-5.85543838
-5.78237680
-4.95318626
-4.97407766
-9.59692201
-5.58492550
-5.98259635
-4.23001150
-6.42649260
-4.98992502
-6.38010734
-6.85861375
-5.81907052
-6.67396223
-5.75003032
-5.65048631
-9.91889586
-9.46200488
-4.46438985
-10.24975687
-8.84222651
-10.03319657
-9.05950368
-6.82902982
-9.67255804
-9.65552948
-5.94646100
-6.02772222
-5.72053094
-5.86523106
-7.97199621
-4.55955181
-5.77116377
-5.17827378
-9.21074350
-8.59305580
-6.07147247
-9.66561095
-5.76193216
-5.72018315
-5.85979188
-5.16181975
-8.98521839
-9.79209323
-9.91477483
-9.98263721
-5.85348088
-9.09712994
-7.15800138
-5.47883435
-7.54488743
-6.96425640
-9.16642870
-2.64833692
-5.72713026
-5.20685793
-3.44903402
-4.61376385
-4.94732574
-5.50075250
-4.24042396
-4.45861505
-2.93714139
-9.74062072
-6.13591240
-5.58496841
-6.55014559
-5.17614043
-6.13231799
-5.83337303
-5.75984040
-5.29964949
-5.81063588
-5.75390221
-5.72151061
-4.91857430
-4.99357482
-9.02787394
-8.93720206
-6.66383062
-6.09715621
-8.67504132
-9.75551444
-9.22192698
-9.38139694
-9.80296225
-9.66699356
-4.95870163
-9.91630030
-9.35989454
-8.14160625
-9.81492171
-18.10098009
-21.06778061
-17.91191263
-20.14971855
-17.40785556
-19.09139563
-18.51689114
-22.35769420
-18.39008052
-17.60166585
-18.83311075
-18.87356673
-21.02726002
-18.82265507
-18.22409338
-19.96205852
-21.16947704
-18.10575471
-21.21997582
-19.61167811
-20.75399820
-17.75807663
-21.99575238
-19.12863445
-20.36152766
-17.90992647
-20.63418127
-18.72280083
-17.21374986
-17.92191679
-17.93106206
-16.87238627
-20.02088107
-18.46218186
-20.78913421
-18.44787956
-18.62617308
-17.34485612
-18.06414191
-17.33313951
-18.06213505
-18.58485156
-18.41788008
-17.56837888
-20.07342882
-21.14191502
-20.50755749
-16.40549143
-18.52953390
-18.72753661
-19.95718094
-20.09969252
-18.12268164
-18.05777195
-21.20547569
-19.91864425
-17.91010348
-20.74606671
-18.64584321
-18.11139591
-20.08065718
-21.23235191
-18.89007782
-18.24764406
-16.66552541
-18.73440635
-21.84078706
-17.77235493
-21.10200275
-19.33230655
-19.55625705
-19.92955432
-19.53547365
-20.91183402
-17.48123030
-20.02416090
-18.15064781
-16.51687740
-19.48275157
-17.87666089
-17.59205804
-19.45136428
-17.14954628
-19.15219136
-19.23080385
-18.83767115
-18.54863093
-18.16956386
-18.52949885
-18.45297324
-20.67307574
-20.55278664
-19.50253932
-17.49821515
-17.87936806
-20.30041570
-20.58782180
-17.94556271
-17.68305050
-18.06942301
-11.60045157
-8.60859609
-10.47955910
-11.16582875
-8.66319102
-10.38760416
-11.10495740
-10.74269768
-10.42628443
-8.65241161
-8.97070788
-8.18638490
-11.24391071
-10.87900321
-9.12691114
-10.68072248
-10.42183776
-6.86194003
-10.88625668
-11.54903584
-11.86488903
-11.37708975
-10.78882018
-10.16537284
-8.18144064
-9.15847080
-9.00455548
-11.15949908
-10.67125692
-11.68599565
-9.78052602
-10.40400390
-11.08989434
-10.89904571
-8.04333057
-7.53177420
-6.71328608
-7.07463439
-6.81811894
-8.34451783
-8.91798696
-6.76526293
-7.41219282
-7.51684970
-8.03621378
-6.94135662
-7.48884956
-11.12368109
-8.64599688
-8.24377847
-10.67881183
-8.70436534
-9.93570715
-10.65244013
-9.38646663
-11.17062440
-11.70899909
-10.97730133
-11.24693047
-11.30043246
-10.65207152
-9.30280075
-10.33135145
-6.36138995
-6.27079800
-5.94990017
-5.77130418
-7.09625834
-6.67430930
-7.04005468
-6.99840779
-7.13897970
-10.04314129
-11.47124065
-8.95795069
-7.70855785
-7.44660845
-6.84049316
-6.71515356
-9.10483570
-10.01063591
-8.53541947
-10.97325751
-9.01796794
-8.82493733
-11.06350040
-7.68011936
-9.53928075
-9.19728199
-8.78873967
-10.92033936
-10.91698842
-10.45704158
-10.68609667
-8.58601251
-8.51121994
-7.57916251
-10.93321019
-6.67812952
-6.91549132
-19.46776551
-20.41516898
-19.77475547
-20.41744257
-16.26485833
-15.88423633
-17.50058030
-20.73439361
-20.43322857
-19.05890416
-19.74752403
-16.25472281
-18.03368167
-17.47774868
-17.98200054
-19.25829993
-18.85558329
-19.15477479
-19.50153837
-19.33982726
-19.24394229
-19.09767697
-18.10477980
-19.05842732
-19.20372061
-19.24758748
-15.47386915
-16.87662292
-18.22369234
-15.41314115
-18.43932312
-14.95018149
-16.30825929
-17.23760786
-17.80731593
-20.57436719
-20.16074687
-19.72283650
-20.67559560
-20.31188992
-20.78722975
-19.95201741
-20.13291488
-19.94722791
-20.10643072
-16.16540812
-20.03685102
-18.83222824
-19.66612994
-19.90806114
-18.60609067
-19.15519368
-19.93093766
-18.99939008
-20.08992026
-20.54714371
-16.10509083
-16.55255044
-18.17829890
-16.10348655
-15.74176249
-17.49414355
-16.25216138
-18.15480635
-15.72874293
-15.44614395
-16.33607602
-15.77671236
-18.99875553
-15.73368652
-20.54711514
-17.69287951
-16.56269879
-15.07277049
-18.45729600
-19.30058417
-20.01000076
-18.82318119
-17.77623319
-15.11277509
-18.98677685
-18.52329261
-18.09137138
-18.97886240
-17.73150921
-18.88863239
-18.78603678
-18.85986660
-16.28283042
-18.94435584
-15.93855902
-19.13456273
-19.80506389
-20.78460896
-20.68039591
-20.42474663
-16.68967673
-15.87198562
-16.77893587
-15.38736586
-10.43890134
-9.22913345
-8.93929655
-9.23183926
-6.92470092
-6.64179394
-8.50334085
-8.05693163
-9.01839587
-6.92067187
-8.05317787
-8.27062215
-7.61876000
-8.40518353
-9.80213193
-7.16418791
-6.92150512
-8.15570475
-6.55777732
-7.12066652
-11.28685519
-7.05933355
-9.79670842
-7.97317309
-8.71657769
-9.37655340
-8.14446548
-8.77396465
-8.34756619
-10.03589954
-7.68324193
-11.22733418
-7.14479402
-6.97514254
-5.81914824
-5.38435039
-4.70575803
-5.86079762
-5.77364418
-6.20114422
-6.68667009
-7.53595811
-7.25592023
-7.89066099
-5.32222449
-4.36715979
-3.25499271
-3.86758588
-2.08372348
-2.60752845
-3.61016200
-4.14598474
-3.65694818
-3.54248687
-11.16186344
-7.61812845
-7.09092709
-6.78970043
-6.80451170
-5.56634131
-7.32998079
-7.49033921
-6.84819095
-9.66607355
-9.00844487
-8.96466122
-6.17147349
-9.25543324
-9.23763743
-10.99067796
-8.48094317
-6.54996313
-8.13144492
-9.51726734
-8.77361835
-8.43016162
-6.06612986
-5.52833053
-5.56058856
-7.37621848
-6.50277809
-6.27660164
-6.12568801
-8.52220918
-5.83187406
-7.35962446
-9.36739090
-7.18201894
-5.60748212
-8.33680921
-4.40099233
-4.99059044
-4.36543098
-5.24004301
-6.31390692
-4.88216686
-7.66041308
-8.99810797
-9.47707592
-6.21457000
-11.87157323
-10.67096798
-11.53290921
-11.13410451
-10.58718340
-10.47570437
-10.70725381
-12.03715014
-10.99987617
-10.97643205
-9.46388098
-11.50506879
-10.77139060
-11.78270157
-9.74776402
-10.83706789
-11.68971190
-10.92368916
-12.04086479
-9.95000764
-10.94511769
-10.08391138
-12.62975182
-12.22953107
-11.56032395
-12.50512979
-12.20214737
-11.29072414
-10.17220824
-14.01222667
-12.47337465
-10.53866188
-11.91720246
-11.58955810
-9.53537624
-12.39503810
-12.76072155
-14.29903505
-11.52130563
-12.92250973
-11.63759132
-11.78443024
-9.74903200
-10.21794565
-10.89224046
-11.98417611
-11.95328450
-12.41196726
-9.76010056
-10.34871697
-10.64679093
-10.81576195
-12.19269762
-11.98207874
-9.23068151
-9.91549824
-9.42229092
-11.92488466
-13.05805151
-10.00856372
-11.37724853
-13.33574241
-12.02789759
-11.85147168
-11.79715898
-12.94790687
-10.12198982
-10.24421119
-9.49538884
-12.10342730
-12.50915168
-9.92967580
-9.42965189
-10.24651448
-11.31020871
-11.68167881
-12.62323536
-12.24968399
-11.48939289
-11.48491483
-13.91307095
-12.03708904
-9.91832197
-11.77092869
-10.49032272
-9.95969319
-13.68198718
-10.81690049
-10.25349490
-11.92056643
-10.35910265
-10.53716313
-13.09352615
-11.20444804
-12.55496697
-13.11015101
-12.09367542
-12.41201491
-12.49798806
-9.97215978
-21.13302097
-20.85532115
-20.11337671
-22.30267023
-21.48016585
-20.83138435
-20.79282744
-20.30730593
-21.01628097
-20.91823279
-20.99563532
-20.67562392
-21.13245737
-22.36628602
-23.04334418
-22.98586544
-21.98771195
-21.35966614
-23.99961333
-22.67795734
-21.95599690
-25.77028889
-23.67771651
-20.90047031
-20.37128040
-20.03788912
-19.91515064
-18.93320620
-21.02629160
-21.22256874
-20.19242712
-20.92967673
-20.48950878
-21.24781261
-21.00023706
-22.37454664
-20.51813978
-19.98145038
-21.07869951
-20.77238770
-21.86695415
-23.46245714
-22.70519039
-21.48050590
-22.79169555
-22.69751731
-20.84142947
-20.98271072
-22.54867632
-21.14724500
-22.59448023
-22.17696025
-18.66660994
-18.93031801
-18.27519273
-21.24982377
-19.74044349
-20.00515125
-20.69458845
-19.44328707
-19.69805727
-20.62851293
-20.90769488
-20.08409790
-19.94224060
-21.23782333
-20.83515053
-23.34145543
-23.71892309
-21.12898129
-21.44184925
-21.57641520
-21.58958301
-24.38446942
-21.15044502
-20.76725954
-20.66129580
-20.26628351
-20.99243621
-19.77310087
-21.34970496
-20.74090690
-20.91513197
-20.70235418
-20.54789147
-20.95547812
-20.57483118
-20.71920883
-21.38026520
-20.23892407
-20.66380750
-22.17683161
-23.18856613
-22.57702727
-24.11590078
-22.43382676
-23.17547153
-22.29265432
-25.07988332
-22.04974765
0.50732795
0.44546463
-0.18690697
-0.43650104
-0.58379430
0.11776680
0.56809787
0.52567331
-0.26255244
-0.72683027
-0.11345236
-0.15910382
0.48685475
-2.91030871
-2.48986508
-0.82138736
-0.52250213
-0.48745289
-0.59622112
-0.69021933
-1.32700093
-0.00678856
-2.36095884
0.21179624
1.19523117
1.67621792
-0.34073548
0.68323215
2.40505136
3.03241135
0.25819158
0.11347866
-0.10419059
-0.29522906
-0.86113498
-0.70605498
0.44955616
1.11185702
-0.88834262
0.06628819
0.62906183
0.68352697
-0.37689919
-1.38769595
-0.11442305
0.12249197
0.88872714
0.35107831
-0.38791429
-0.49587575
0.04064238
-0.28470403
-0.32411181
-0.17310668
0.41810625
-0.20076170
0.49651835
-0.01225503
1.09272144
-0.48213648
-0.38636186
0.38660249
-0.34999948
-1.11840380
-1.71975918
-1.47143974
-1.98879831
-1.30966799
0.16734403
1.35182944
0.61728829
-1.48370650
-1.58689653
-2.74300042
-2.12900419
-1.44682902
-1.25267558
-2.21836040
-0.92758295
-2.62450872
-1.06851742
-3.06847224
-0.31667633
-0.47812534
-0.98160084
0.08562679
1.73394805
-3.35972510
0.71782702
-1.42034259
-0.40850421
0.46471207
-1.31206146
-0.41337816
-0.02418697
1.28264182
-1.56662240
0.16905141
0.34887204
-1.62727433
-17.21757675
-18.43314795
-18.55866724
-18.82552528
-17.25902700
-19.16982192
-19.09683707
-16.58767800
-16.92475394
-20.53241444
-17.63321614
-20.28590057
-19.73667140
-17.17818893
-17.54332158
-18.09911295
-21.35590455
-17.24901320
-17.66578500
-19.82439927
-20.52217229
-21.10498473
-20.32726353
-20.31838512
-20.39961881
-20.72305619
-17.84264952
-18.21787359
-19.75782821
-18.27821214
-21.03229441
-20.30225365
-20.99862785
-18.47127431
-18.60438635
-17.63307683
-19.17245192
-20.32238774
-17.54376588
-21.53537752
-19.11270656
-20.51572973
-20.15379480
-17.50950615
-17.38458793
-17.70981894
-16.82871108
-20.02778002
-16.96012142
-21.24082737
-17.34308231
-19.76681927
-16.47574633
-19.82058524
-19.83041521
-18.73002127
-16.84448045
-17.66651356
-19.50590525
-20.97252360
-17.46158219
-17.11120072
-19.15078314
-17.18207333
-19.76140417
-21.46270776
-20.16556035
-20.23759152
-18.24973068
-18.26727868
-19.19665248
-19.78407844
-19.23123408
-20.69718977
-21.98161157
-18.14775024
-19.43626636
-20.03759647
-20.85927086
-17.14876860
-20.05258281
-21.48484461
-20.71915700
-17.59587809
-19.71996369
-21.27892596
-19.80663673
-21.10847481
-20.29921943
-16.81141635
-17.43855999
-16.74596434
-19.00160586
-20.63759639
-17.42512029
-16.65016084
-17.14007056
-21.76266974
-19.17311639
-17.46760531
-28.06344217
-28.02351154
-27.86847080
-28.43150964
-28.06573345
-29.06325500
-27.54631518
-28.25115118
-27.98968624
-28.26940944
-28.56581737
-27.64039917
-29.08311042
-29.02266074
-26.72190355
-27.52946028
-27.70263323
-28.72930290
-27.68660640
-27.83117029
-28.68529465
-28.15198053
-28.58473898
-28.80640062
-27.08646248
-28.07750020
-28.82015113
-26.86460782
-28.18190201
-27.65139109
-27.49134749
-28.12994284
-28.12427395
-26.74837126
-27.81683073
-28.06239926
-28.24538053
-28.26935986
-29.01339280
-28.20913998
-28.20751265
-28.20109611
-28.96242947
-28.46767364
-29.00444165
-28.87034222
-28.93385950
-28.90658613
-28.04889186
-28.41524353
-27.71787481
-28.12688237
-28.19029940
-28.97125628
-28.12766229
-28.12874883
-28.12757210
-28.30827928
-28.17802714
-27.20471758
-29.01709133
-28.56581737
-27.67773912
-28.25369742
-28.36978813
-27.64321940
-28.38194979
-28.27207104
-28.42292426
-28.42594680
-27.95167660
-23.72115402
-28.68496362
-27.80300458
-27.57018164
-27.86277650
-27.80611589
-28.94429761
-27.75624851
-28.87462164
-28.13109273
-27.88941738
-27.66150747
-28.94844975
-27.52929255
-27.40884599
-28.75103874
-28.79599982
-28.86436350
-28.83060807
-26.75818912
-28.81364299
-26.67917110
-27.13722100
-28.94191038
-26.71526361
-27.97463922
-28.27474974
-27.00524708
-27.28033054
0.30048943
1.72774836
2.17534642
0.37901590
-0.30389297
0.58890046
-0.41887004
-0.40763217
1.56011700
1.49795527
4.53004248
2.99975131
2.05302170
1.56717268
1.96659847
4.43650545
1.02099835
1.98701590
1.79541037
4.11296110
5.40196993
5.61514880
5.87174025
6.55977462
5.45131032
0.08717064
0.25662817
2.01769240
-0.11963923
0.81992331
1.27320180
-0.06949477
0.39004549
0.50848351
-0.07171092
3.14056919
3.42036194
3.19361179
3.18176655
0.31314720
2.46361234
-0.34810581
2.41748291
1.36187136
0.12682511
2.15655305
0.01762867
-1.02491273
2.56761473
0.68567214
0.45116009
-0.18922921
2.09799817
0.51516291
1.71243393
2.98620452
2.59447516
2.16651939
4.05189499
0.36215173
1.78544841
3.73476808
1.08152933
0.82053113
5.77289523
6.45724630
5.00607362
5.49609226
-0.28783327
1.68150768
1.25711728
4.33682472
3.94178287
2.43630417
1.59202767
4.46738401
1.66370848
1.17146171
1.59777018
0.72899787
0.33531805
-0.16520033
0.10138695
1.21207572
-0.16817286
0.88512552
-0.10976856
0.67054812
0.10875496
0.47940487
1.03016745
-0.41443870
-0.07049916
2.66826697
0.12679046
-0.05501773
-0.64845583
0.75203383
1.09821911
0.48416315
-8.73937095
-7.20563186
-6.59875576
-10.28917099
-9.27831970
-7.67917831
-9.23279683
-7.96057421
-12.67487245
-6.97188652
-10.45584693
-9.59666587
-7.95553257
-6.90848470
-9.12243184
-6.79065473
-8.77164508
-9.66455115
-8.82831951
-7.86361268
-9.38121718
-7.44497710
-6.97643719
-6.31993547
-9.77525147
-8.80960235
-8.85202790
-9.61868497
-7.34872492
-10.57166232
-8.19351883
-9.33895112
-9.15125208
-8.68785063
-8.91977886
-8.80295966
-9.91836611
-9.13810732
-9.75711703
-9.90987400
-9.03698641
-5.99626517
-7.10168638
-8.91971096
-5.99766437
-7.81577573
-6.86432116
-6.10418075
-7.11075137
-8.45862989
-8.53867140
-10.40642680
-9.15060130
-9.97714402
-8.64895338
-9.51317796
-9.98346418
-9.29273658
-10.76606116
-10.02526421
-7.31009109
-10.47422542
-8.69414501
-7.84750698
-7.17919407
-8.54080966
-7.29229618
-8.87352916
-6.84116864
-10.39639975
-8.44380936
-8.23639006
-8.09175685
-9.15887908
-7.36224892
-7.64030997
-6.66504806
-6.57917119
-6.99820732
-5.39939616
-6.87262434
-7.16908948
-9.55682963
-9.17205039
-9.58213876
-9.66552804
-8.53212611
-7.67034161
-8.99527295
-7.90111094
-9.21962173
-9.51505049
-9.07745416
-9.06948825
-9.02706064
-9.00523551
-7.57323951
-8.59010898
-7.60292379
-8.21407458
-21.25427613
-21.98252169
-20.71618962
-21.04934096
-20.49549336
-20.58920674
-21.56217225
-20.90344299
-22.06541077
-20.60665401
-20.08115256
-18.78704573
-20.26608103
-20.51447528
-21.63142280
-21.41402997
-22.34591824
-22.79024439
-20.82526132
-20.19306566
-21.59016011
-21.61768494
-22.10664060
-21.60994451
-20.00932911
-20.25987603
-20.84998075
-20.03246062
-22.46200501
-20.19252331
-22.17808194
-22.02416285
-22.20544605
-21.74497871
-21.06354212
-22.88269237
-20.82934837
-22.63112837
-21.25808209
-20.94748929
-22.44834255
-21.31193641
-22.60971330
-22.44605747
-21.36698182
-21.01331343
-23.19922706
-21.02130675
-19.72832414
-22.50130836
-22.64085011
-20.34474983
-20.56711171
-21.71943277
-22.29410005
-20.27399672
-20.43282030
-20.65142614
-20.85065900
-20.07280357
-21.94415988
-22.28006049
-21.84624726
-22.65097320
-21.19684490
-20.81156779
-21.83496266
-21.57201631
-21.13924324
-19.79431783
-20.09693974
-20.71399828
-21.37460367
-20.70898213
-21.61781013
-20.73052015
-21.41641331
-20.52560760
-19.77855906
-21.98971789
-21.49895598
-20.85874696
-21.03657143
-20.75007192
-21.87321866
-22.91914859
-21.97508053
-20.97020478
-21.28353097
-21.42146705
-21.60385836
-22.93019810
-22.01988700
-22.02800887
-22.43910276
-23.06106555
-21.89416165
-22.66052310
-21.73486439
-22.60376594
-24.41107346
-23.07912165
-23.20617172
-22.65334688
-21.94848855
-22.41481102
-22.46304315
-22.87613249
-22.59754244
-22.69272992
-23.49040403
-22.06252574
-21.94297558
-23.87836011
-19.62566865
-22.26771307
-22.24254724
-22.22324794
-22.12586818
-22.40205449
-22.24923907
-23.16251130
-23.22749291
-23.09870414
-23.13394180
-23.45231992
-22.38736299
-21.03638184
-21.37162163
-23.23602687
-23.10323403
-22.97878081
-22.92647130
-22.76205737
-22.77542222
-22.78591711
-22.73195372
-21.99564470
-23.05015698
-23.15612578
-23.06805204
-23.01934553
-23.17087050
-21.66544410
-22.40886366
-22.46135605
-20.80620710
-23.47430834
-22.46064997
-23.31216670
-22.60286859
-22.64333004
-23.90499491
-21.97304241
-22.47002582
-22.15727361
-22.97765154
-21.98379091
-22.78056069
-22.13722461
-22.57945829
-21.28791990
-22.99644675
-22.38139265
-22.47299487
-22.82405658
-22.42660811
-22.70807409
-22.40174796
-22.38305246
-22.45772137
-22.40275212
-22.45204491
-22.60560219
-23.28633412
-24.27478527
-23.32570494
-23.59342872
-21.96871587
-22.93094086
-23.04952953
-20.43691400
-22.61094262
-21.93879597
-23.02290763
-23.04849488
-22.12242435
-23.12250308
-23.12399140
-21.85402821
-23.07266042
-23.06322540
-23.57333342
-23.99394839
-24.36544809
-24.32162362
-22.08208529
-21.83491452
-23.97360169
-22.37101229
-21.74735094
-19.20481995
-20.42974699
-21.14649614
-23.80935191
-19.52313749
-23.78179065
-21.40934916
-20.35379958
-21.40631767
-20.92591108
-20.34443613
-18.16815391
-19.49930108
-20.31632321
-21.15200749
-20.19844685
-20.05890164
-20.80391778
-21.92503839
-24.06256836
-21.53139674
-20.50787121
-20.75269286
-21.70560430
-21.91199789
-21.19590084
-23.54597391
-22.16621915
-21.79692518
-22.09998727
-23.19597212
-19.79366633
-20.19351602
-19.49215007
-17.05961044
-17.81375102
-17.53287054
-19.66780357
-19.51383718
-18.84378858
-19.69237530
-21.46431074
-22.23637857
-25.40799576
-20.35527969
-19.23346535
-23.32382793
-22.16599948
-19.97040373
-18.92803557
-19.93238732
-18.92820078
-17.14955333
-18.02835845
-21.36135185
-18.47294862
-17.72457092
-19.97205811
-21.22589757
-19.58516418
-20.15445605
-19.84583638
-20.71995669
-22.07926802
-21.45895715
-21.82403735
-20.32609626
-21.17298363
-20.43004157
-20.14401350
-20.73912044
-20.20990792
-19.90810164
-19.55549243
-21.84279725
-22.20703713
-20.11172159
-21.15671109
-21.57061240
-22.04069096
-19.39229871
-20.53295619
-22.63198669
-21.70962928
-18.76803077
-20.08484407
-21.86869995
-21.04096938
-21.88811840
-21.90630164
-22.41899829
-20.96718910
-20.70628394
-19.01502193
-21.70244048
-20.47184626
-19.55558356
-21.57803160
-19.74894212
