-20.18572541
-20.53436892
-19.77080639
-20.46140204
-23.75225951
-19.92402176
-20.22101761
-19.52674446
-20.52670961
-20.68784432
-20.64789384
-20.47553205
-18.89629053
-17.66661819
-18.71148322
-23.43791371
-19.01833485
-17.83881403
-21.52823570
-18.56584775
-19.96058236
-18.57143396
-20.56342213
-17.87531479
-21.09446389
-19.30925479
-18.73362558
-20.05803060
-18.00057986
-21.45976589
-21.11026919
-21.86709829
-22.19296918
-22.89752895
-19.21140055
-18.18319960
-19.90576458
-19.61364355
-18.82186459
-22.65580993
-19.00912603
-18.31888997
-18.33605055
-21.77251795
-18.53396069
-19.57159044
-20.28490826
-18.99677020
-20.84365033
-22.85032945
-19.60971953
-21.25810630
-21.06866079
-19.04581168
-22.06050884
-22.88932051
-23.31729885
-23.64487504
-22.06588326
-19.12489815
-18.74584839
-17.73131884
-19.98399194
-21.55858796
-19.42265362
-21.15023777
-16.90146872
-18.43062972
-17.61927913
-20.91056530
-19.88947818
-23.30817463
-21.25940923
-18.98452883
-20.08855066
-21.37666257
-19.26890376
-19.60354059
-19.59648770
-19.12538274
-18.88020144
-22.34762015
-21.12977056
-20.21394643
-23.24284921
-19.60085259
-21.07350906
-20.84291777
-23.10072420
-20.26562288
-19.02671704
-19.75989145
-19.52615202
-19.92255837
-18.01924967
-21.60200786
-17.37446862
-20.45141121
-20.41852740
-20.52311013
-29.06387131
-30.23335590
-26.67718951
-27.13286808
-28.19745459
-27.04042682
-26.94897056
-27.09870634
-28.14152896
-29.04747372
-28.82617016
-27.72538506
-29.04944157
-27.55281618
-30.16884704
-28.99057508
-29.06606840
-30.28141934
-29.29416795
-28.70489912
-28.62993999
-27.10163450
-28.62218306
-29.58876995
-28.94873396
-29.26552868
-28.00889926
-28.80573070
-29.95032400
-29.45918382
-28.64667535
-27.95085567
-27.73420131
-27.48897015
-30.00036283
-27.73107973
-29.53995365
-29.57059900
-29.83765630
-27.46734220
-30.20449594
-28.35799534
-29.10003760
-30.43799796
-29.62721763
-28.97803987
-28.75025727
-29.88264489
-28.15880114
-28.17439545
-28.15155658
-29.61161064
-26.89772529
-28.15479645
-26.87716253
-26.61083714
-26.92452032
-26.98721554
-29.03872956
-29.05541865
-26.16785476
-29.34223565
-27.61309912
-27.35145386
-26.89292527
-29.64562799
-30.51343598
-29.90094699
-28.58098150
-28.49872995
-30.21126817
-28.01950535
-28.18301227
-27.47087534
-28.90836125
-28.10833486
-28.80835543
-27.42113209
-29.18091395
-28.66372297
-28.11801582
-30.41866177
-29.87972916
-28.37091290
-29.26058459
-30.35067992
-28.33001957
-28.89253613
-28.19858739
-28.63620064
-28.72902958
-28.84856134
-29.12753606
-28.61081576
-30.55239095
-30.16640377
-28.44669956
-27.33503365
-28.57188719
-28.31585374
-18.56597097
-18.60039214
-14.33634250
-16.29357642
-16.44603981
-16.26884763
-16.97072294
-17.83875508
-17.66030315
-18.30776498
-22.95935324
-20.84902802
-22.54752547
-21.91972413
-20.79717851
-20.78552135
-24.54125135
-22.29626812
-22.35927396
-22.50814124
-23.71316068
-23.51390245
-22.47510350
-22.48503974
-23.43880487
-23.93312538
-22.59144060
-22.20420091
-22.57430117
-22.95528592
-23.06975578
-22.57451155
-22.53440607
-23.88649623
-20.46044566
-18.48160379
-19.91546164
-19.70536859
-20.85798852
-20.41034960
-21.03669451
-21.69115539
-21.29432051
-20.39273744
-21.85469149
-22.82571606
-23.44962984
-22.69506476
-22.04199277
-23.53599262
-22.91208841
-22.35501039
-22.19579734
-23.32959714
-22.43023814
-22.19891699
-24.28820715
-22.56567253
-22.52886205
-23.75856656
-22.36832309
-22.48598591
-22.67962578
-23.94292030
-14.71315535
-13.63176036
-13.22108528
-12.53785658
-12.61406397
-11.14891724
-14.29076029
-14.79920808
-19.42872612
-12.99581272
-23.96533110
-20.33752775
-23.50655885
-23.66084538
-23.00764410
-22.24128211
-22.85032166
-22.33951779
-22.79157084
-23.90925844
-23.02267062
-21.84050012
-24.02665777
-22.43855080
-22.12609010
-22.86760726
-22.41443005
-22.30640302
-21.90420652
-22.80938759
-21.76512541
-22.91120367
-21.70434325
-22.21749963
-24.19007708
-22.55085335
-27.28903318
-25.32131239
-26.85985629
-29.76506069
-30.21386213
-24.68170674
-29.96743847
-25.36819491
-26.45761330
-25.24532527
-25.68304963
-26.84891709
-24.57856797
-27.41993876
-25.13893722
-26.90134901
-30.05078794
-28.12247622
-29.69041862
-27.50164292
-25.49902190
-27.49035366
-25.17248050
-24.74197141
-27.40950424
-24.67012727
-26.58940034
-26.02069873
-24.68490270
-23.53114910
-24.65514334
-26.98282553
-26.74048606
-27.20624112
-26.90333442
-24.91747048
-27.11067097
-27.03448796
-27.10699365
-26.58277608
-26.54968182
-26.52243271
-27.40809759
-25.59077248
-25.48550198
-24.26502387
-26.50177872
-26.11151859
-24.26431477
-22.62930619
-24.26294994
-24.27558572
-29.96112467
-29.88497220
-29.62722129
-29.94421176
-27.63311698
-24.91441526
-26.56684807
-24.00590018
-24.76627748
-24.60470575
-27.23777448
-25.92381082
-24.86253734
-24.82328760
-24.48502446
-25.89901448
-24.92512889
-26.66187055
-24.66416644
-26.76847303
-27.63785028
-27.03804994
-24.54183565
-23.91878692
-23.74515154
-23.64779876
-24.49975794
-23.95329889
-24.53249281
-26.36196917
-26.94650284
-27.24156994
-26.56416326
-24.56571804
-26.26412526
-23.06573362
-23.30539489
-23.69406026
-22.88624369
-21.25903713
-26.42165921
-24.69120126
-26.63210293
-26.61523327
-29.35456007
-30.10487716
-29.90402012
-29.27822703
-20.42896126
-21.33303169
-21.08789222
-19.93666330
-20.93581120
-20.24001411
-20.39621780
-20.10864301
-19.56288211
-20.85508012
-18.91172227
-21.52456715
-19.39377287
-20.03562004
-20.07494173
-20.12684336
-19.59020307
-20.37195528
-19.36510813
-19.84545680
-19.96999342
-19.99953990
-20.09677124
-18.74457073
-18.57065817
-19.33938923
-19.27500220
-18.29062977
-18.94727809
-19.51180844
-18.96916604
-19.25505075
-19.30576711
-19.70837208
-19.09908659
-19.59200631
-18.49861437
-20.03890921
-19.61903444
-19.16244976
-18.64989647
-18.98677648
-20.22755258
-19.49724805
-19.83346057
-20.32282841
-19.68798372
-19.88968523
-21.67120114
-19.82296762
-19.18605282
-20.00253689
-20.04565667
-20.18513287
-19.89018294
-20.10371583
-19.37986228
-20.99171860
-20.31729107
-20.21890415
-19.76516195
-19.74006953
-20.13009411
-19.89069403
-19.94267737
-18.91369607
-19.19069730
-15.86938249
-16.84934049
-18.07141355
-17.45772270
-18.36763407
-18.62277418
-17.83502111
-18.06349563
-18.76538195
-21.26133789
-19.35085543
-18.30357026
-21.45791596
-19.58387013
-21.20922495
-19.18104159
-20.80008205
-18.74790762
-19.05326736
-20.12606562
-20.72934071
-19.60832251
-19.54998265
-19.42536854
-19.62771387
-19.70736385
-19.60915980
-20.21497670
-20.03665312
-19.68450063
-19.97830476
-19.20108115
-17.75400229
-20.40639099
-19.50625699
-19.67643165
-19.47430159
-19.80243203
-19.65929387
-20.00991595
-20.50763926
-19.96926500
-20.06262140
-20.50356573
-20.06470517
-19.95155423
-20.03544873
-20.73533585
-19.86204649
-20.65415063
-20.50127223
-19.93462033
-19.72758292
-19.63389673
-20.11364523
-19.00699343
-19.71090188
-19.59664707
-20.48931593
-19.75233574
-19.83610078
-19.91605015
-19.54170773
-19.30503201
-19.22821247
-19.44475666
-19.65987915
-19.83850112
-21.11652580
-19.06835550
-20.21381827
-19.80729335
-19.88950496
-19.84700781
-19.73213403
-20.30327418
-20.72505344
-19.59181891
-20.24513259
-19.88160510
-20.13536687
-20.53240480
-20.31316686
-20.07218601
-19.97611877
-20.04423169
-20.43452667
-20.41611803
-20.06652822
-19.72318670
-20.41896754
-19.45137627
-20.93012178
-20.20425005
-19.44329243
-20.42875789
-19.58847558
-19.66900676
-19.33798619
-19.89672151
-19.72493423
-19.88692606
-20.51479420
-20.23560386
-19.64552195
-19.73181569
-19.72141445
-20.09518287
-19.60659163
-19.75072485
-19.25988607
-19.51854312
-19.61673790
-19.74713504
-20.74266648
-20.83358659
-20.45641285
-20.71987773
-20.97505830
-19.25462835
-20.22810061
-20.92288128
-19.51791419
-19.34601372
-18.42910737
-20.03470513
-20.16964648
-19.30440641
-20.01471953
-19.83550021
-20.03128341
-20.74964108
-20.49992346
-27.32681346
-26.36519336
-25.75440653
-29.96865760
-25.92471751
-26.88484885
-26.64377701
-26.58629019
-26.26219236
-25.78932783
-26.35913875
-28.25181359
-26.95766819
-25.57382086
-25.78472600
-26.07474824
-28.51393879
-25.14469852
-27.10227219
-24.09180015
-26.03301530
-24.26382509
-26.37891338
-24.33992207
-29.92633798
-25.36806930
-26.65543929
-29.61644897
-25.41755641
-26.69920908
-30.43174748
-23.86208001
-26.27878291
-30.77862305
-30.28922571
-26.71452699
-26.32594134
-26.98585707
-25.97473516
-24.50746979
-26.69130921
-26.85018064
-29.88233614
-26.02245620
-23.88094904
-29.59435324
-27.93162411
-27.46642138
-25.40219152
-31.77788941
-28.13252696
-30.14870150
-28.63463441
-31.67587359
-28.84362920
-28.23550399
-29.59485884
-25.49491856
-29.52886201
-29.49655689
-27.17978254
-25.87012927
-29.12058466
-28.78126628
-24.91947792
-28.75425416
-25.02022957
-24.85387944
-25.05909000
-25.47821131
-28.96710779
-29.03306046
-30.27642727
-26.84286185
-28.88252260
-28.46477295
-28.18158338
-31.51317906
-31.27738424
-26.28544563
-30.61380503
-30.27527965
-27.27013798
-30.10140775
-30.21351801
-26.23827816
-25.10372717
-25.68625379
-24.08428154
-28.05356119
-30.55165033
-28.24300089
-30.14355371
-28.17343307
-31.82048742
-29.71053027
-30.28941428
-29.62910874
-26.04411559
-26.21835686
-22.89463809
-22.42873118
-22.03529822
-21.57418902
-21.11459233
-23.10959158
-21.18504958
-21.28008450
-21.35002090
-22.60278034
-22.99770939
-22.65139175
-23.16998453
-23.32653982
-20.90973762
-23.20022109
-22.90274440
-23.07202769
-23.53982682
-22.95312967
-22.71751358
-21.06315225
-22.74791517
-23.75437075
-22.76483967
-23.17350172
-21.48629681
-22.98056416
-21.49158320
-22.74438991
-23.39173877
-22.98126767
-22.38997285
-22.55749377
-22.95945464
-22.96459865
-23.02317390
-17.83135024
-22.57611044
-23.03166533
-21.90787180
-21.98479840
-22.63657184
-23.73930545
-23.11832474
-21.57921275
-21.92655699
-23.25270907
-21.38423394
-22.23583886
-21.90105641
-20.66324223
-21.34125661
-22.38634460
-21.98803764
-23.13294379
-22.19202925
-23.10227863
-21.49507608
-21.80869466
-22.49403140
-23.45685486
-22.91593665
-23.45350453
-22.27524549
-23.90824153
-23.66073023
-23.65126565
-22.91069816
-24.18235857
-23.44292931
-23.52326730
-22.57702088
-23.63137827
-17.44004585
-22.49404179
-18.41055290
-18.61444129
-18.96904360
-17.35487873
-23.12236030
-23.14339998
-22.77873343
-23.41505696
-22.60985094
-20.94122997
-21.43047541
-20.68938975
-23.36606969
-23.02133443
-22.99147439
-22.49040938
-23.08887282
-22.87112959
-23.25554375
-23.04554807
-21.50305018
-21.58545169
-24.17817593
-22.89845128
-16.91119990
-17.42838455
-15.97353806
-18.77799922
-17.29781410
-15.55542467
-18.49886948
-17.55063072
-16.86503267
-18.33391724
-18.56006620
-17.05045902
-17.18210490
-14.03673741
-15.18963766
-17.08555352
-13.61518135
-13.60708701
-17.12240291
-17.14235296
-12.85898698
-15.22175716
-14.57668390
-15.47190396
-13.59633514
-14.75865737
-15.79409149
-14.57728633
-15.15821997
-14.62443238
-16.23557399
-14.18291489
-15.21284602
-14.31655773
-17.76061999
-15.12673689
-15.57815642
-14.06277258
-15.40810768
-18.91345428
-16.78479986
-17.15996050
-16.66369471
-21.78062337
-16.97985857
-16.87036100
-18.73561034
-17.25159241
-16.89165510
-16.35592736
-17.17671732
-18.69739083
-16.48811598
-17.70629798
-15.97179844
-16.68846837
-16.48801707
-18.13978498
-15.79766320
-14.63332779
-14.86253655
-15.33726416
-14.19405244
-17.03805231
-15.50370539
-16.97757234
-14.47984922
-16.42916586
-17.02014083
-15.96757548
-14.23201971
-15.69534628
-15.61385516
-15.72618415
-14.93717076
-14.60469699
-14.92284342
-14.89254788
-15.46109409
-14.04934194
-11.70632407
-14.06608777
-12.57589388
-12.08521870
-13.37917548
-12.20125161
-12.07374272
-11.98252436
-11.37007807
-14.79143448
-16.10759233
-18.15889417
-18.10329538
-18.21142770
-17.57780199
-19.49096819
-15.27524739
-20.06523129
-15.28775837
-18.65809737
-17.91317811
-17.40031114
-20.63389966
-20.34580905
-18.94561270
-19.48094362
-17.91969505
-19.51719378
-20.19966796
-19.28679731
-18.91703117
-19.12370659
-18.85710870
-19.12991092
-20.18779326
-19.19352385
-18.55765044
-19.10955598
-18.88162433
-17.81188127
-18.53378320
-18.84969336
-19.10633629
-18.05103466
-20.62810391
-18.69267627
-18.55016649
-17.47219948
-17.33085968
-17.87673223
-19.15118677
-18.62093255
-17.62392446
-17.84035700
-17.78716345
-18.60531539
-19.96308687
-18.46303300
-20.19136915
-18.78232859
-19.87374016
-18.84509750
-19.47332334
-18.81420336
-18.32923472
-18.86849130
-19.49751019
-19.77075291
-19.02844059
-18.19554547
-21.20805214
-18.86628780
-20.54611891
-17.61858046
-20.64021988
-18.88323761
-18.11913139
-19.21375619
-18.05885620
-17.41898553
-18.88877093
-17.41191529
-18.70227757
-20.45085280
-17.59535312
-20.26142110
-17.73285969
-19.08992736
-18.73510495
-19.18794713
-17.80984437
-19.84771801
-17.63381218
-18.89818479
-18.86735677
-18.66472465
-18.87276029
-19.49634535
-18.80142966
-18.90041774
-18.79211331
-19.13298041
-19.15481898
-16.71686081
-18.42653465
-15.92504373
-18.08520139
-17.12558451
-18.47531092
-18.66649866
-20.81044453
-18.93817596
-18.76524467
-19.23316436
-18.92073841
-18.59891085
-18.95241892
-18.75363682
-18.60667570
-17.53657405
-21.97707484
-23.55539226
-22.45339164
-22.48262034
-22.63349106
-23.58251102
-24.76909394
-23.43687644
-23.67615022
-23.70671341
-24.06871393
-24.67401831
-23.79819559
-23.45120631
-24.26881994
-22.96958841
-21.91202474
-23.14102983
-23.46097724
-22.59659584
-23.13574567
-23.03729825
-21.77935694
-22.60784608
-22.19705604
-23.67303532
-23.77998632
-23.54095665
-23.34568766
-23.24078671
-23.86222160
-22.52448395
-22.74684065
-22.60528396
-22.31294869
-24.32713463
-20.93866769
-22.20255032
-22.52983035
-23.18022309
-22.83073477
-22.61630513
-22.62569315
-23.13972551
-22.68705794
-22.72824955
-21.90931995
-23.65114543
-21.94478915
-23.64786432
-23.84926378
-23.82334093
-23.54948715
-23.82644646
-23.32219689
-23.39239127
-23.31440518
-24.20574953
-23.20644924
-22.25661449
-22.42251362
-22.57369518
-23.11687965
-22.30234323
-22.58852535
-23.20927900
-22.71384296
-22.18421919
-23.82943017
-23.64426301
-23.16159168
-23.10345464
-23.38871974
-24.91849814
-23.55322273
-23.53333083
-23.60349079
-22.04587357
-22.34352319
-22.67707420
-22.32641133
-22.59548095
-22.41237764
-22.39495164
-23.34905813
-22.88515179
-22.98453699
-23.17466303
-22.73461198
-22.62297813
-22.65129092
-22.90401132
-22.74697393
-24.05675859
-25.25082878
-24.13802337
-23.69909397
-24.67753085
-22.79700482
-24.42860511
-7.25169838
-8.55478364
-10.28812216
-6.73685045
-5.99407067
-6.85472701
-6.25617783
-6.97657365
-7.93633945
-8.32416866
-7.89318351
-7.97449724
-8.75550853
-5.65647436
-8.45463442
-8.14308793
-7.09238524
-7.74176258
-9.61736814
-7.72113976
-7.42865636
-6.79239148
-8.39131683
-6.60010212
-7.78860206
-8.80072293
-7.10455220
-7.88117494
-8.27963654
-7.08443498
-7.98299679
-8.21917751
-7.50130385
-7.51225754
-9.58812844
-8.09843645
-7.82344647
-8.02999575
-8.78394379
-7.51920838
-6.29077833
-6.54769650
-9.46500802
-10.19805404
-9.33347025
-9.66702807
-10.37882000
-7.31222087
-8.13576005
-8.81068218
-10.60761449
-10.08392782
-9.39138156
-9.59576278
-9.51965922
-9.68148831
-10.71817299
-11.04615936
-9.48090033
-6.81785181
-8.32815072
-7.61793399
-7.51808350
-7.26148787
-8.03135259
-8.08260959
-10.93414655
-8.35272484
-8.09212730
-8.15465035
-8.12170440
-7.32792698
-8.38243040
-6.88439611
-7.14945990
-9.75362615
-10.49099629
-9.16769306
-7.41227314
-8.23038488
-10.02691726
-8.42752178
-8.25489257
-10.73288673
-7.72231327
-8.16039540
-7.78904763
-7.85583074
-7.78759707
-7.76778626
-7.96047216
-8.06887876
-8.21134047
-7.76086979
-7.52763898
-7.61573735
-7.32569098
-7.35300174
-6.87183578
-6.17580592
-29.19161147
-30.34052539
-31.18004824
-29.58579905
-29.70679638
-29.64358474
-30.53634718
-30.44447817
-29.86811990
-30.95787322
-29.66744452
-30.45994421
-29.41433852
-30.39062046
-29.12598154
-30.70170838
-29.61274600
-29.68352614
-29.26814592
-30.40847684
-29.56703126
-29.15451512
-29.26198765
-28.85155257
-30.18538820
-30.29245386
-30.20817873
-29.95646222
-28.46889015
-30.34359197
-30.03282872
-31.00301986
-30.56662243
-29.76639686
-29.58263173
-29.65294110
-29.72038985
-30.05880347
-30.24043841
-29.86786830
-29.43531414
-30.42660125
-29.95470873
-29.91780747
-30.15780390
-27.94118961
-30.00391919
-29.54128789
-29.86558879
-30.03664154
-29.61153455
-29.41202877
-30.36256867
-30.14282429
-29.23683871
-30.56205472
-30.67483138
-28.62170791
-28.78702917
-31.27956170
-29.31527490
-29.63019032
-30.06883801
-30.06065454
-29.47782811
-29.36112483
-30.53837304
-30.02207876
-29.00230455
-29.50354514
-28.52616442
-28.99687966
-30.82163035
-31.03152754
-30.35226033
-29.50915759
-29.95601889
-29.69887259
-29.86340767
-29.58635859
-28.84473273
-28.46369662
-29.46485125
-29.38055897
-28.32457733
-27.67656356
-28.45283193
-28.68667901
-29.52953936
-29.19820786
-30.05854111
-29.05905395
-29.02110991
-29.25357011
-29.90622303
-30.12124330
-29.91346406
-29.75696832
-29.28181320
-29.88596135
-28.92720468
-29.90293689
-26.97496841
-29.59810651
-29.51805774
-29.10333945
-29.89610170
-31.04830818
-28.42588017
-28.33785465
-27.14374746
-27.24505476
-27.75696402
-26.38358870
-26.48444996
-27.88350262
-27.75772324
-28.52258158
-27.70297072
-27.46485656
-27.39969872
-27.82465642
-28.66939082
-27.53598763
-31.50512030
-30.25885502
-27.58457601
-27.32131860
-27.47177824
-25.38422840
-26.88133625
-27.92792459
-28.13267354
-27.56624601
-27.47002805
-26.81111343
-31.12744523
-30.94425061
-27.70200394
-27.99183075
-30.33096177
-29.16828815
-27.09750988
-27.22948405
-27.28025362
-29.35527675
-26.62793290
-29.49828254
-26.61882000
-30.91265850
-27.28733389
-27.78971225
-27.67628582
-27.03031539
-28.38258623
-27.46125480
-27.89795526
-28.61183262
-26.46559377
-26.00138159
-26.57544251
-28.02336884
-26.90017045
-27.35588225
-28.69290581
-27.80697735
-27.84066251
-28.01047510
-27.77056145
-27.63054357
-27.04499740
-29.26706863
-29.08051772
-27.64104477
-27.40531260
-30.15025711
-27.66382126
-27.42397642
-28.44566782
-28.21043136
-25.30744070
-26.74902464
-27.25546024
-28.86979020
-26.67675044
-26.77565881
-25.85636361
-27.50336566
-29.36512462
-27.02871371
-28.15759576
-26.67944118
-26.63197187
-26.58152088
-23.62366465
-27.67816001
-24.69301764
-28.92530648
-25.52309298
-29.11093114
-16.39582488
-16.52537056
-16.58883763
-16.64459709
-16.06091511
-16.33980196
-15.70839640
-16.33334650
-16.69186421
-16.46600744
-16.28360048
-16.08085430
-16.39033084
-16.23375324
-16.41991084
-16.05554861
-16.23724744
-16.35496727
-16.10096429
-15.53282238
-16.32052759
-16.31039850
-17.09659023
-15.96911866
-16.64229154
-16.22159194
-16.22415637
-16.87570723
-16.35496417
-16.96740695
-14.71682513
-15.70199467
-16.28342950
-16.26488147
-16.39807923
-16.59751655
-16.24274153
-15.59436539
-17.42346687
-16.40318910
-16.48933573
-16.00242252
-16.09108694
-16.10458356
-17.14172650
-16.14467023
-15.75856327
-17.22751135
-16.73578045
-17.19181454
-16.43151736
-17.16173733
-16.99427634
-17.20616921
-16.51749151
-16.24515589
-16.60126173
-16.19876295
-16.05087065
-16.07949815
-16.23828698
-16.33718206
-16.83805133
-16.26238495
-15.39956704
-16.37752610
-16.26205557
-17.14633897
-16.62762485
-16.31156684
-16.35160116
-16.31307075
-16.27548586
-16.45406480
-16.49891581
-15.73969450
-16.51928262
-17.03644053
-15.99299620
-16.82660341
-16.34305981
-16.55799488
-16.59362128
-17.11976731
-16.45262245
-17.06225147
-16.39166086
-16.41853477
-16.08359772
-16.04186339
-16.93017537
-17.07243429
-16.13018636
-16.46214430
-16.18840868
-15.72106770
-17.19567611
-16.96382931
-15.62670378
-16.00785300
-34.89581776
-35.28286943
-35.35752383
-36.09884508
-35.93875731
-35.63679378
-35.19558060
-32.66539172
-32.98638648
-32.52343629
-34.47639339
-34.27118330
-36.22159515
-34.23626261
-34.48667605
-30.88361604
-33.52576707
-32.28831831
-34.43183844
-33.88126741
-35.74173154
-35.15452130
-34.26977631
-33.94239332
-34.58705639
-34.16727054
-34.78214051
-30.73520424
-33.67943411
-33.98457233
-33.82922395
-34.20956449
-33.69387366
-33.90202680
-30.36064648
-30.50513876
-29.53575379
-29.98035325
-33.82094964
-34.08078615
-37.55976336
-35.04977193
-34.53554080
-36.42112639
-35.35220009
-35.01748039
-36.09100757
-34.16787389
-30.20187178
-34.03739422
-33.32084841
-33.72731361
-33.79967472
-34.22278957
-34.13625959
-34.47227586
-33.97341430
-33.93949624
-33.92299905
-34.90626570
-33.95853408
-32.73531557
-35.12271797
-34.39164674
-33.85074063
-37.03750016
-33.68042859
-35.16162034
-34.13353020
-34.61002813
-34.72003878
-37.01429409
-34.71177193
-34.26495236
-34.48214159
-33.55064985
-34.81993531
-34.87762300
-33.89691075
-35.36248406
-33.59986488
-33.81587517
-34.16579999
-33.68963217
-33.95704113
-34.20998177
-33.64618679
-34.54646438
-37.55284878
-35.35508707
-34.27439269
-38.25768569
-37.50458175
-38.35742265
-37.72219256
-37.73084079
-37.76172005
-38.66386149
-37.63645905
-37.62972970
-17.98480049
-17.01609770
-19.73161669
-19.41051035
-18.74059574
-19.91943186
-18.40309642
-20.42768962
-19.78747241
-19.89830171
-17.94489542
-19.45580904
-18.29814238
-18.87849192
-19.55928203
-19.59356009
-18.25391228
-20.03224918
-19.53869744
-19.73436856
-18.63830418
-19.53385225
-19.58474536
-19.34209368
-19.30067018
-18.82088800
-20.03496154
-18.93905196
-18.69409552
-16.08098853
-16.59023451
-20.54064181
-19.53013564
-18.44202671
-18.31255146
-19.65509491
-19.39744929
-19.34734206
-19.44745811
-19.50965302
-19.46713786
-16.39996269
-19.05069233
-19.64485562
-19.76119502
-20.11622432
-19.23626287
-17.80421300
-16.03336884
-17.40488538
-17.82242722
-19.96026144
-19.95004177
-20.65816183
-20.01081047
-19.57842838
-20.46887096
-19.97430710
-19.36408577
-16.34845424
-16.46526815
-19.09913584
-18.35287377
-18.80395242
-19.51699896
-18.77428089
-19.96928836
-19.45946689
-20.32004980
-18.77470816
-19.11318018
-19.93333159
-19.04672838
-19.42155272
-17.44768369
-19.68576999
-20.13375369
-18.77316836
-18.35042146
-17.88099125
-20.31110374
-19.85965520
-17.85861626
-17.71403583
-19.51097968
-20.05831227
-19.17855064
-19.21643254
-19.62667643
-16.91924517
-18.40111847
-18.90150284
-18.78061960
-18.74826798
-17.86655969
-18.64171953
-16.38951352
-18.31276415
-17.52550023
-18.59266968
-15.45650200
-14.16789509
-10.90580862
-12.61990473
-11.66872259
-14.12423934
-12.47598847
-14.88513438
-14.11343025
-13.88962925
-14.14774053
-13.95886389
-13.42195522
-14.88644045
-14.32628672
-13.11612256
-13.97233600
-11.65529446
-13.67945876
-14.09620302
-14.01084379
-13.67208866
-14.33376955
-12.28230930
-14.26616539
-14.17193936
-12.39814288
-11.93407795
-13.95647488
-13.57752021
-13.59980391
-14.25583302
-14.84629398
-13.05134163
-11.79063752
-12.91876239
-13.93145594
-13.53562114
-13.63624829
-12.11455763
-11.70638797
-11.57289964
-10.44253893
-13.35669824
-11.73340808
-10.63459157
-11.25988826
-11.32882564
-12.98191143
-13.92812624
-11.29057146
-14.16454272
-13.60360386
-14.37496099
-11.94729093
-11.29718919
-14.08999578
-14.33617674
-13.86519285
-14.31057390
-14.08161347
-13.89028238
-13.33465550
-13.48842407
-12.36476556
-11.74899379
-13.98217493
-13.90499868
-14.42902572
-12.20263887
-13.57439383
-14.10259353
-11.84552571
-13.07285973
-12.35884077
-11.60201789
-10.70415318
-12.44395619
-10.57164266
-11.35674622
-10.84841977
-10.35165456
-10.59634539
-13.05016738
-13.16167118
-11.92876176
-11.12005843
-13.03025739
-13.41078302
-12.14561425
-11.66955278
-12.07911277
-11.51932476
-11.66271564
-13.46131054
-12.57379001
-12.65298449
-11.61016473
-7.41740335
-10.83989414
-18.60145013
-17.84107353
-16.13760340
-17.12412859
-19.56356987
-17.23177017
-17.61875915
-17.85357367
-17.51945046
-19.47236718
-19.83636353
-16.96628609
-16.86628590
-18.08630345
-17.22678952
-16.82189161
-16.48057950
-18.04469566
-18.54078857
-15.98066996
-17.13522579
-18.12807484
-17.90196424
-17.37813718
-18.09170416
-14.42604920
-16.80196811
-16.95807591
-16.28171145
-17.02580764
-17.63427642
-16.02754639
-19.63118405
-17.10685094
-20.24861229
-19.50155936
-18.76126789
-16.77921736
-15.81930847
-17.33374281
-17.83908196
-18.06702667
-17.28522854
-17.98025445
-17.38444159
-16.90369674
-17.51692336
-17.11928260
-18.00310520
-16.87126797
-18.00603277
-17.28027063
-17.21750356
-16.64638411
-19.28964941
-19.72119507
-17.35105115
-17.13866432
-19.65871693
-19.04201436
-17.63663554
-17.25129802
-16.45701966
-17.42442224
-20.04243681
-18.84831809
-15.48984930
-17.51339601
-16.79280999
-17.14351520
-17.18368575
-16.82929454
-18.94299115
-16.55242063
-16.43911423
-19.61163473
-18.89678912
-17.64135246
-17.46847754
-15.82391183
-16.03591863
-16.68250579
-16.71391182
-16.11076303
-16.01249889
-19.12415799
-18.13145526
-17.20129229
-16.04618816
-17.13677209
-18.22689722
-17.70835992
-17.61102584
-17.69611802
-16.74127178
-16.09502061
-15.20599994
-19.29293494
-18.29257029
-16.10586001
-31.92436517
-31.68861234
-31.81750859
-31.89517673
-31.93411428
-31.80673598
-28.01858093
-31.73931156
-31.84212966
-31.81365109
-31.88143046
-31.73454088
-31.48793248
-31.77944521
-31.81999983
-31.70669597
-31.69141105
-31.47019327
-31.58597112
-32.07799900
-29.03101970
-29.16794957
-29.44664324
-28.43914393
-28.80640011
-29.00935774
-27.61649895
-28.70120308
-29.67535306
-29.34897861
-29.03175759
-29.27040428
-28.11107773
-28.41507952
-30.54887430
-24.95561003
-25.13481919
-27.07806721
-28.28927378
-31.71260958
-29.50851342
-28.67864798
-26.47069199
-29.05910705
-27.82458669
-31.67690133
-31.56143975
-31.71114728
-31.98437864
-31.75602091
-29.58763763
-31.70029069
-31.54310623
-31.75872871
-31.66829836
-31.73107126
-31.57681055
-31.71818517
-31.69713656
-31.78367224
-32.02571413
-31.17341965
-32.79842510
-31.35394874
-31.71176863
-31.64260563
-31.33690160
-31.87008411
-31.70782876
-31.85593614
-31.79672518
-29.86457810
-29.13788612
-28.88484743
-28.65532236
-26.23985777
-29.05117682
-28.80712698
-26.60881398
-29.65828980
-29.18276761
-29.65699585
-29.42442519
-29.21954468
-28.55205587
-29.58381469
-28.40022067
-28.05287966
-28.35806985
-28.61851598
-31.77952195
-31.95502334
-31.89365792
-31.68735621
-31.83845436
-31.70736621
-28.81994330
-31.67349770
-31.87689342
-32.14319810
-17.51067367
-15.01308421
-16.11595431
-15.88726675
-15.46669531
-14.69725764
-17.42889717
-16.58569317
-15.16527786
-15.58861471
-15.25331984
-16.16227771
-15.44645094
-14.96080153
-15.11175896
-15.60674839
-15.31308091
-15.67950860
-15.33161111
-15.21992985
-14.04795281
-15.34805652
-15.66123381
-15.46696587
-15.40502381
-15.52249225
-15.45136734
-16.25757392
-16.40538979
-16.32947004
-15.42776555
-15.38678817
-14.57324351
-15.65698291
-14.32425890
-16.85449911
-13.86903277
-14.85558264
-15.98762595
-15.91618334
-15.88284302
-16.80877459
-17.10120552
-15.85899244
-14.20241039
-15.46887302
-14.96568999
-15.78678187
-15.89432803
-16.41585927
-15.51137475
-16.49754969
-16.00886357
-16.64732563
-16.66341455
-16.10877184
-16.56398459
-15.02485635
-15.06160756
-15.98044933
-16.33117870
-17.90014566
-14.95818411
-17.62304036
-16.44417619
-15.86086523
-15.08994627
-15.57725396
-15.58078655
-15.39964525
-16.56989282
-14.93320415
-15.50181459
-15.88694036
-15.04633274
-16.04623144
-16.77191971
-15.84734645
-16.29399641
-15.37298072
-15.51112489
-15.35809568
-16.76571706
-15.92531167
-15.99757218
-15.46374247
-16.33744542
-16.43134172
-15.84144817
-16.67825877
-14.39525061
-15.67795425
-15.69586785
-15.32055248
-15.49824291
-14.97929258
-15.21279987
-14.88839583
-14.96389025
-15.86739259
-27.47502257
-26.82199516
-27.81828410
-27.78646077
-27.53044744
-27.52454655
-27.49936720
-26.51515638
-27.28057253
-26.89130742
-27.77554886
-26.89280592
-27.52563158
-27.53489790
-27.37531998
-26.77407321
-27.52554387
-27.52814807
-26.83942382
-27.09166263
-27.32497429
-27.08569694
-26.16973046
-27.10391904
-26.91431431
-26.64713564
-27.75368831
-27.77303036
-27.72248844
-27.77190747
-27.60473497
-27.24686492
-27.77323263
-27.67019079
-26.99865047
-27.39618694
-27.73077192
-27.73101392
-27.68569563
-27.71974419
-26.78919090
-27.69396808
-27.66554170
-27.24386922
-27.66786633
-27.63704040
-27.56259479
-28.01225310
-27.11111693
-27.36912522
-27.57351591
-27.50630768
-27.78975009
-27.77335818
-27.77171990
-27.00231193
-27.57703385
-27.69310269
-27.66784338
-27.41734520
-26.63560286
-27.21554698
-27.53249102
-26.94340794
-27.49309746
-27.86550624
-27.79469343
-26.73350250
-27.74159574
-27.34625430
-27.02320501
-27.58315027
-27.53573948
-27.44420217
-27.53900894
-27.53236165
-27.84107290
-27.76928641
-27.45167974
-25.89576323
-26.08942957
-27.51961206
-27.24126853
-27.27490962
-27.45204294
-26.59428036
-27.73788982
-27.74321844
-27.13944451
-27.76227160
-27.71459512
-27.74963949
-27.68254755
-27.52358422
-27.65455177
-27.65868594
-27.46854182
-26.97637424
-26.48080058
-27.67832809
-27.29583535
-25.17560977
-27.12380408
-23.72837886
-26.13522964
-25.31093103
-25.73202085
-25.31488587
-24.82645707
-26.31632691
-22.79639533
-26.86943222
-24.21236967
-26.51605530
-24.56777150
-26.57750674
-24.24966842
-26.75906607
-27.84611592
-25.17295785
-24.82484432
-25.85590482
-24.18776456
-26.61583498
-25.51841435
-28.13649191
-25.92129081
-25.25534125
-27.33167722
-27.80861207
-25.55227026
-22.61092394
-22.92822584
-23.56674183
-23.19359986
-23.10119446
-23.31324521
-23.47836131
-24.88457570
-25.01899561
-24.92959767
-23.84390856
-25.04638813
-27.57851249
-24.72130439
-25.32275020
-25.85134740
-25.28774900
-25.55707225
-24.99205784
-25.05730250
-25.32425861
-25.15019071
-26.08995068
-25.43722993
-25.70755733
-27.23863571
-27.99186086
-24.72046064
-26.78074127
-25.85301217
-24.13455496
-27.23194326
-27.59329486
-23.69796109
-25.06622300
-27.02150000
-24.52208516
-26.12807486
-24.89931456
-25.49137134
-27.21483499
-25.15612910
-26.83357052
-24.45568687
-26.60488961
-25.40654429
-23.36541756
-26.78194779
-22.37762413
-22.88640350
-23.09464384
-23.28801235
-22.42491342
-21.72881724
-21.91178852
-23.48125367
-22.98337419
-21.80217560
-22.82390904
-21.88976445
-22.18858650
-24.97527412
-23.74452298
-24.81976623
-23.82610166
-23.44433402
-26.87215371
-24.85701645
-25.62082012
-11.55834482
-12.68971284
-11.20275355
-11.39837421
-11.90484843
-12.42688579
-13.17113564
-11.12910473
-12.10400277
-10.74583245
-12.21075135
-13.04993271
-10.73635305
-11.90732005
-12.40227599
-13.37328005
-12.04702518
-11.39205593
-12.21252154
-11.81649262
-13.51557692
-9.44395941
-10.52144473
-12.36702094
-12.38716760
-12.67306689
-11.23265034
-11.35222519
-10.87095371
-13.83705572
-10.91407588
-11.60364224
-10.74007355
-11.77688208
-12.20103503
-13.38237228
-12.79423338
-11.65586002
-12.05745312
-10.41705564
-13.42175446
-11.91742934
-11.70257854
-12.19681290
-10.54473337
-9.75746561
-12.17466407
-10.17664828
-11.28337457
-13.64931365
-10.94302933
-11.89780101
-13.67423580
-12.33903084
-13.34355926
-10.82388429
-12.36924745
-12.70165226
-12.36735909
-11.20299088
-10.90209911
-13.02430034
-11.75754132
-14.08214369
-11.29556107
-13.15601262
-11.43906635
-13.11226844
-10.39082381
-10.33977731
-11.81177258
-12.83231230
-10.25669998
-10.91665581
-11.06378815
-11.65779826
-12.73777912
-13.47535831
-9.63569579
-11.67469438
-13.20446226
-14.10448208
-13.76347315
-12.94362238
-13.18407355
-11.64875525
-12.78991611
-12.22494989
-11.96973372
-11.89777954
-12.66542359
-10.65806276
-12.80394488
-14.11472137
-12.86683332
-10.77739233
-10.06994528
-12.75756963
-10.62124581
-10.81389057
-19.61740868
-19.80183507
-19.61100016
-19.53531705
-19.55080028
-20.58495323
-20.24447194
-20.15887694
-20.52595051
-20.18952660
-23.07178052
-25.48712175
-22.55871464
-22.85648197
-24.35138303
-22.52775253
-24.45388537
-23.77509206
-24.89847389
-23.58037620
-23.75901139
-23.26432083
-22.21600272
-21.21454601
-21.83670078
-21.62244998
-21.69246435
-22.49300565
-22.40181301
-20.07975575
-19.99451498
-20.14356710
-19.95441883
-20.08988023
-19.99525149
-20.15214041
-20.20936045
-19.64839169
-19.49969467
-19.30871349
-19.67642988
-19.33803983
-19.59775488
-20.62185340
-19.60801540
-19.11843239
-20.96579489
-21.35677039
-19.38873612
-20.67840643
-21.67711029
-21.60775129
-21.32849423
-21.71230239
-21.92879471
-21.29591583
-23.25834548
-23.70446735
-24.13179382
-23.52502321
-23.21918031
-22.98210103
-23.51813714
-22.21184859
-19.47753499
-23.08317114
-23.54211182
-25.38284147
-23.82519095
-23.41705780
-23.74672486
-21.55160998
-19.99478475
-20.50939451
-23.21707500
-24.63193582
-23.69674524
-23.93830007
-24.43126477
-24.63759755
-20.71710474
-20.93754705
-20.48267114
-20.48485880
-20.71876311
-19.93707323
-20.50198463
-19.33809944
-20.50357655
-20.30657402
-19.67451516
-21.56982880
-19.77203750
-19.35272491
-18.01516414
-20.46480162
-20.38582101
-19.38453831
-19.32541694
-19.51678162
-23.72504297
-23.11836299
-23.75506140
-24.05834787
-23.21525944
-23.48254529
-24.57702723
-24.04032965
-24.02388820
-23.20557722
-24.22585766
-22.35241236
-24.09376730
-23.07321646
-23.82781554
-22.16361878
-23.89277930
-24.59215458
-23.99292613
-24.11609785
-23.62308529
-23.16243307
-24.04463099
-24.16036675
-24.42423947
-24.05457583
-23.56263980
-23.42161862
-23.79546215
-23.43799804
-23.48472338
-22.56296470
-22.59009577
-21.53843236
-21.52436487
-20.32566189
-21.30832868
-21.20711473
-21.03599478
-20.99806696
-20.18966057
-21.21056611
-21.38730737
-21.44036452
-21.34493609
-20.13175557
-23.36414729
-23.47234926
-24.09652044
-24.22774076
-21.06506218
-20.10275288
-21.27406872
-20.95203986
-23.79462060
-24.27861446
-23.65546758
-24.30749301
-24.33986321
-24.19380572
-24.06305230
-23.25286908
-23.29342258
-23.92456001
-21.44887872
-21.04652325
-21.00990892
-23.85408429
-21.66200078
-23.34380002
-23.90568546
-23.93467978
-21.42884263
-21.23642201
-23.93557696
-24.21445501
-24.81876182
-23.83141226
-24.09312865
-24.13093630
-21.09458560
-21.18446853
-21.00662490
-20.26860347
-21.38167000
-21.83546922
-21.12416388
-20.88386663
-21.80983991
-21.55474473
-20.63709571
-21.45532179
-23.69808560
-23.49762858
-24.30565644
-23.37912982
-23.46186031
-22.69361012
-24.06858234
-23.67021885
-26.52929297
-26.32510744
-27.64340272
-26.83339718
-27.26457949
-27.72645050
-27.00004677
-27.16351588
-27.62115764
-26.72156946
-27.94169849
-27.68892963
-28.13845999
-26.51601530
-27.33368547
-28.29677192
-27.79423593
-29.48337915
-26.15667168
-26.56752399
-27.55384537
-27.56666851
-28.32617970
-27.22296512
-26.41045813
-25.59836061
-27.12366730
-26.38529146
-25.80545866
-25.83440277
-26.34533039
-26.01462536
-25.89478188
-25.70704672
-25.52302265
-25.14554714
-24.55176934
-24.20699641
-24.13294895
-24.39992648
-24.67264592
-24.79729761
-24.73474612
-24.12955176
-22.29987583
-24.07264985
-22.91187913
-23.42261922
-23.49384533
-23.72553390
-23.50327268
-22.34803522
-23.50527191
-24.33742074
-24.17102066
-28.17936172
-27.31929925
-29.33563043
-27.49943703
-29.51139296
-29.13602464
-28.32465895
-26.28533203
-27.44171634
-26.39064595
-27.17261790
-27.80318511
-28.36458727
-27.46743523
-26.55337245
-26.64113651
-26.83020291
-29.33454202
-25.65056511
-26.24048550
-27.66271692
-28.26981135
-26.30643671
-24.06759288
-24.84889173
-24.88441321
-24.78178595
-27.75312020
-24.67433797
-28.60696915
-24.19933882
-24.01708998
-24.39785064
-23.89835467
-23.71571816
-24.43597653
-24.07927222
-24.01554642
-24.34486700
-24.18182550
-28.70792222
-28.02933100
-26.08493416
-27.06454542
-26.86053933
-23.58256056
-22.75455293
-23.82213201
-21.99066273
-24.15537234
-21.69272766
-23.46794078
-21.84681757
-22.09540815
-21.61656129
-22.44720635
-22.36077026
-22.10526152
-22.57195623
-22.48766710
-22.58906836
-23.15852930
-22.84905173
-23.43747867
-25.32463707
-22.88339278
-30.48181394
-23.46646970
-22.64643868
-22.61889041
-23.79536227
-24.90779451
-25.91814407
-24.05810620
-22.91693771
-21.16150998
-21.15089071
-20.92673458
-21.19367172
-20.91841761
-24.98618575
-23.76578902
-24.85365715
-22.64890618
-25.14676044
-22.82721538
-23.31851012
-22.80701150
-23.04145488
-22.97292744
-22.93455360
-22.75273402
-22.03029639
-23.46061661
-23.10281659
-22.78531963
-22.96411455
-22.56504914
-22.28604960
-24.28614810
-21.98055559
-22.65799728
-22.47626501
-22.72175206
-22.12599780
-22.62732466
-22.85052580
-23.16261744
-22.76102865
-22.67463290
-26.81386998
-22.74178732
-23.57787180
-24.71419093
-26.43419535
-23.63103966
-22.37805285
-22.85833653
-22.64717373
-22.89177297
-24.61088487
-21.89979787
-22.21526565
-21.90189255
-22.95306362
-22.23119627
-23.23399512
-23.61576594
-22.90457110
-23.41072486
-23.03424123
-23.25958856
-23.31009326
-23.39841042
-24.85387939
-23.46092700
-23.89312672
-23.52857298
-26.70116857
-22.77860128
-23.80738347
-23.88300264
-24.90452816
-25.61479171
-23.05733881
