-39.49095041
-38.56353096
-39.65803752
-38.67401284
-39.13386574
-39.20200255
-39.50193980
-39.42790829
-38.23730333
-39.19390873
-39.55830293
-39.60508144
-39.35612811
-39.14367371
-39.30044671
-38.02380307
-39.94628608
-39.53602219
-38.00802816
-39.94410654
-38.66245129
-39.25060937
-38.23346074
-35.80389866
-37.34681312
-36.26926285
-37.66224411
-40.49865181
-41.76857017
-36.45604995
-36.79310851
-37.86776677
-37.33297526
-35.72963204
-38.48193927
-38.35713115
-38.93532670
-38.71380380
-39.80833716
-38.89623158
-38.37358828
-38.05831182
-38.51306542
-38.59287714
-39.12210171
-39.62620689
-39.21717084
-39.52923773
-39.32444461
-39.37237705
-39.61282627
-38.95714591
-40.01846942
-39.02939623
-39.01687026
-39.30102207
-39.09376440
-39.28103091
-37.48769544
-37.60194186
-38.47343950
-39.21226142
-39.54818348
-37.79679183
-37.86896278
-38.03541280
-39.29636556
-37.01182645
-35.74027391
-38.58877850
-38.15723834
-35.68365240
-38.86738181
-39.04549957
-37.97319969
-39.51483601
-39.41053159
-38.66452584
-38.40435502
-38.28937062
-38.41589752
-37.61412927
-38.60528870
-38.86884634
-38.56106238
-38.01291699
-38.74470523
-38.85231678
-39.29515169
-39.48023993
-39.40486778
-38.80614084
-38.88868194
-39.87763018
-39.23016663
-39.70411197
-38.54759461
-39.36713640
-38.55841355
-37.65929554
-15.01261138
-14.70603508
-15.42275955
-15.53190229
-12.57367409
-15.02672814
-14.99801708
-16.02111371
-14.35705699
-15.58947685
-14.63050965
-15.78001385
-14.53720083
-15.20322788
-14.98817655
-14.66913135
-14.62447041
-15.05828594
-15.09749353
-15.11214829
-14.90389291
-14.72145994
-14.89235056
-14.73845690
-15.03721450
-15.13965799
-15.35404499
-15.08886992
-14.36576498
-15.32728670
-13.72909916
-14.71765596
-15.03932700
-15.06437848
-15.06961393
-15.69042399
-14.73247211
-15.10879210
-15.03427931
-15.24078763
-14.93008195
-14.99285592
-14.74860455
-15.34418473
-15.00659765
-14.95597960
-14.73499180
-15.58851206
-15.23225753
-14.83486177
-15.02655388
-13.92802435
-14.83437027
-16.04403926
-15.43698261
-16.65016461
-15.24723901
-15.00795544
-14.91325157
-15.14390151
-15.82590180
-15.12048241
-14.94739520
-14.20862385
-14.76843947
-14.48029431
-15.00577189
-16.14601247
-14.95632107
-15.55042919
-14.83803990
-14.52589515
-14.60502439
-14.22168710
-15.04343514
-15.52183429
-14.62657532
-15.10237538
-14.65108588
-15.04944730
-14.40301474
-15.12896497
-14.74144805
-14.12645089
-13.87327499
-14.74811094
-14.55382285
-15.02029178
-14.88355153
-14.22129758
-14.53977220
-14.23934292
-15.28492142
-14.44649756
-14.69333926
-14.81024991
-14.69720177
-15.69209528
-14.77653143
-15.48127597
-25.83305765
-26.41141116
-26.16529179
-25.64044070
-26.66990205
-26.49304472
-25.85674572
-26.65907716
-25.40314861
-26.93154272
-25.38173760
-26.38309856
-26.08104694
-25.85607765
-25.49489912
-26.14017552
-25.04081402
-25.08298338
-25.48744568
-26.93063690
-26.81119092
-24.94460243
-26.26217809
-27.17600440
-23.60125016
-27.14828032
-26.30365548
-26.54431983
-25.65269499
-26.15372484
-26.07254007
-25.65595706
-25.76498762
-25.04887103
-25.51619557
-26.71127832
-25.86675253
-26.79099875
-26.44844865
-25.10523772
-25.86646491
-25.53620410
-24.83195690
-27.03328673
-26.64498667
-26.29238714
-26.11295496
-26.01955822
-26.12949911
-26.58693732
-27.24472584
-25.26306223
-26.62286599
-26.25178423
-25.44025874
-26.78117710
-26.09566461
-26.64448574
-25.59336538
-26.03572714
-26.08585919
-25.78257153
-25.97271989
-25.62301879
-26.53075028
-25.38159782
-24.93691976
-26.56284133
-26.58261400
-25.85318468
-26.52784849
-26.76169539
-25.82287661
-26.26900642
-27.34171772
-25.65974378
-26.67986957
-26.44128931
-26.87944924
-26.34991133
-26.41592134
-23.97837129
-25.65456326
-25.93254272
-27.18030676
-26.73226886
-26.76474019
-25.94382111
-26.93050685
-27.61345908
-26.47390890
-26.65914405
-26.62740099
-26.39780838
-26.13459580
-26.86714531
-25.51281332
-25.90692651
-25.80589165
-26.63450423
-21.14952497
-19.13829164
-24.91506161
-25.12489103
-24.62697789
-24.65213891
-21.04210955
-19.18468634
-24.76461740
-23.32628755
-21.89222949
-22.53254498
-21.06334593
-21.33923585
-21.89446436
-20.62228707
-19.46402699
-22.26643424
-24.92407999
-23.75698853
-24.57229197
-24.67329767
-24.52962784
-25.31714056
-23.99760938
-24.77026212
-23.81808573
-25.09514795
-24.47258353
-24.55556454
-25.01511779
-24.41049924
-24.23816366
-24.45931807
-24.61257225
-23.98675185
-24.77710914
-24.61405535
-25.42265339
-24.59596884
-24.50510743
-24.83042807
-24.81601180
-25.23172696
-22.43825519
-22.62272003
-24.27121328
-24.70286079
-25.31406550
-24.49542859
-24.72383481
-25.02148209
-25.42616202
-24.63750742
-23.63094808
-25.52891933
-24.86944320
-23.89126542
-25.11214861
-24.33641218
-24.14160578
-24.64969034
-24.63428706
-24.82819573
-21.99699638
-26.11071958
-30.79763565
-26.03662317
-24.74990434
-25.45004518
-25.50290531
-24.98047439
-24.59541706
-24.32947039
-25.71103233
-24.29615848
-25.50826138
-24.99351469
-23.95471855
-25.68190410
-26.14583816
-24.59412264
-24.48926459
-24.86739688
-25.74843880
-25.64898159
-24.85482425
-24.77032952
-25.14326333
-24.91834844
-25.37514089
-23.99901171
-24.30763533
-22.57121302
-25.03140782
-24.57389534
-26.38927202
-24.97065614
-24.40903007
-22.88063306
-29.63778704
-29.24877977
-27.19485163
-28.43058567
-28.60071436
-29.44491912
-29.51441141
-28.28504230
-27.96712182
-27.50942257
-28.38877096
-29.21104282
-29.03046094
-28.35193893
-29.45776335
-29.02536050
-29.04720031
-29.59273717
-29.76755053
-29.59535775
-27.31179175
-29.00581307
-27.44832652
-27.92703702
-29.23200075
-29.33154351
-29.75317586
-29.29406990
-29.38002849
-27.92743760
-29.73208218
-29.56522451
-28.86792503
-29.46047512
-30.37298109
-28.04368888
-29.02396121
-29.67601638
-28.34126038
-28.54227804
-29.07791600
-27.64589005
-29.82436813
-27.77401578
-29.49722063
-29.61416617
-29.74121736
-29.54553847
-29.15914583
-27.36741099
-29.43710627
-29.14417241
-28.76254732
-28.82590124
-30.05299171
-27.83753078
-28.46738159
-28.51473034
-28.62289509
-29.27564461
-28.50754381
-28.57904995
-27.25534350
-28.45674993
-26.90949078
-27.74537592
-29.10580524
-27.40722220
-29.10432293
-28.91247545
-28.86590087
-28.81814566
-29.09951148
-27.94737784
-29.32205970
-27.34666017
-27.55533608
-29.68179304
-27.62951520
-27.99031824
-27.45778361
-29.52931105
-30.27189574
-29.74331509
-28.00893954
-29.03124059
-30.08849066
-29.84476666
-27.91942977
-29.61971123
-29.69185428
-29.19425920
-29.94709703
-28.08538992
-28.96826368
-29.06593954
-29.13128166
-29.01976983
-29.07672483
-27.54920877
-22.78388803
-23.30818857
-23.71267400
-22.82679635
-23.63681867
-21.69275099
-23.65776979
-23.37231815
-22.81718875
-24.19896490
-21.11832586
-24.11486422
-24.08311099
-25.17948314
-22.46735011
-25.08191784
-25.12855821
-24.19168899
-26.96923084
-24.74595302
-22.75720788
-22.64005866
-24.54774665
-23.84083239
-24.53541625
-22.72183486
-22.80837629
-24.34631390
-23.04137348
-23.82424246
-25.10918507
-23.06083438
-23.51498012
-22.46440378
-23.90747059
-23.30341838
-24.62345076
-23.71431806
-24.58638155
-22.72231843
-21.75463358
-23.42513657
-24.33518124
-24.41878118
-25.45186281
-24.25758801
-22.75997560
-24.35015877
-24.08038094
-23.95829304
-23.45257513
-21.85279018
-22.66276041
-23.33157364
-21.62494432
-23.31496927
-23.21872818
-23.43534285
-23.33825267
-23.13514916
-23.61545708
-24.14120968
-24.27582900
-25.03588886
-24.49801521
-24.71189440
-24.61907838
-23.50373639
-23.93755726
-22.65033512
-23.32289792
-26.28612075
-25.99792024
-23.34837103
-23.69927366
-23.32855044
-24.10057058
-26.23944502
-23.56207380
-24.71949885
-23.99847034
-22.24057139
-23.82191273
-23.98952603
-25.18101742
-23.51428955
-23.15772449
-23.58167248
-25.38701378
-24.34977886
-25.09561195
-22.86902425
-24.04451382
-23.09192883
-23.44362965
-23.82803577
-24.02443319
-23.50128562
-23.23658561
-23.69300412
-24.25968438
-25.92033397
-23.86290400
-23.38011523
-23.39345065
-26.12291759
-25.43864651
-24.17825151
-24.16179585
-22.72565421
-25.36640947
-23.41645796
-25.20308068
-25.26633034
-25.50620694
-25.72628410
-23.47109973
-25.49357663
-24.89458730
-26.83672322
-25.40514491
-23.24573885
-25.32345062
-24.66694583
-25.06974040
-23.92961506
-25.26431850
-25.97044119
-25.37649460
-25.13093405
-24.27929762
-26.17772252
-25.37288834
-23.65497207
-24.75539824
-25.75032079
-26.07502122
-26.32289143
-24.77520282
-25.06105515
-24.64690123
-23.48401262
-25.28286293
-25.68343878
-24.35200617
-24.87478503
-24.37483846
-24.95058225
-24.42083563
-24.78515457
-24.49718548
-23.18069732
-23.49800242
-24.60423678
-25.22419621
-24.90950399
-22.75848733
-24.29779528
-22.92104685
-23.01975557
-25.39820563
-24.36463690
-24.21941253
-24.98427067
-27.66701491
-26.16279093
-24.59698232
-24.65594352
-24.46239119
-24.41036067
-24.36409183
-24.28481527
-24.24979675
-25.07962232
-24.74364919
-25.09961099
-25.90900780
-25.35129459
-25.63067563
-24.76587438
-24.45569793
-26.18205470
-26.10262740
-25.70768596
-25.40928188
-24.40905850
-24.89514969
-24.87151473
-25.94094667
-25.07495659
-24.52728540
-24.94364938
-26.36444345
-26.37940199
-26.75420295
-24.04274947
-23.58756407
-26.92933327
-26.68650498
-26.74083147
-22.07912390
-24.29033829
-23.80710683
-21.85515752
-22.99009545
-23.52453636
-22.08208455
-23.27190007
-22.72663222
-22.57542698
-23.62875357
-22.26767994
-23.64548196
-23.64368445
-22.20727540
-22.45017325
-21.20064249
-21.69498339
-22.31499260
-20.08768984
-19.88848768
-20.15585893
-20.23307536
-21.11395409
-20.93068273
-20.95248062
-20.87465983
-21.33691494
-22.16529986
-22.01789253
-21.40455192
-21.97367278
-21.88806892
-21.24209780
-21.17095743
-24.34672552
-23.57583136
-23.47050536
-20.99755733
-21.80269139
-23.71529946
-22.62764848
-22.35225161
-23.92673833
-23.85741236
-22.51056397
-23.64848653
-23.15715903
-21.78908273
-22.05516976
-21.15191516
-21.09010810
-21.95696779
-21.27531475
-21.29770966
-21.90242371
-24.39342041
-23.59401100
-22.17572890
-21.53273471
-21.34356010
-21.42899084
-21.87844317
-21.22561325
-21.01264950
-21.41116689
-22.13496574
-24.11218227
-22.67122443
-24.05063087
-22.96810462
-23.78681475
-21.85081164
-22.77731256
-23.44600470
-23.22991226
-22.39412228
-22.21945847
-22.05387829
-23.05405668
-23.71257499
-20.62135502
-19.79426118
-19.42296279
-19.39253174
-21.25185308
-20.29207765
-19.61840453
-20.31796114
-20.81726100
-19.88553110
-21.27693784
-22.13990637
-23.76147039
-21.85980256
-21.45974566
-21.33561847
-21.04650586
-21.59046787
-23.87937031
-21.60680666
-22.64539581
-19.24222673
-21.38840090
-20.32043095
-19.76176954
-19.95922089
-21.64615431
-20.57204761
-21.47671490
-20.60791490
-21.17978545
-21.26700085
-19.40718618
-23.21827563
-22.59925659
-20.58825793
-18.96477259
-21.74291817
-23.45078692
-18.89719137
-19.06138822
-20.73230020
-18.28804246
-20.23065040
-19.65735582
-20.56782534
-19.36316937
-19.53027363
-21.04282863
-22.31957794
-20.77997689
-19.51658440
-20.42928582
-21.40855743
-18.91956279
-20.62201698
-23.84523132
-21.21903628
-21.42136623
-22.23766813
-22.49174265
-20.92174533
-20.22998719
-24.18519810
-19.68724446
-21.90052782
-21.03342471
-18.72020485
-20.49446942
-21.67290982
-21.83502663
-21.96087263
-20.87890415
-21.34735379
-21.32278622
-21.79295965
-21.38640053
-22.81573776
-22.07322144
-22.98758127
-23.31560436
-20.81167996
-21.71461732
-22.28861329
-20.53774208
-23.39863931
-22.64883299
-19.11621271
-21.37060805
-20.98274684
-20.27390592
-20.18503394
-21.30671867
-20.80921457
-20.95927927
-20.36707654
-20.70555901
-19.56186042
-20.84359092
-20.87555586
-19.33034752
-19.37353885
-21.53448414
-20.52996830
-21.89843067
-23.22882748
-19.46887263
-19.35044964
-21.97137997
-23.27098860
-20.91210892
-23.04326341
-22.04365277
-21.05936248
-21.14058705
-21.65466455
-19.85081286
-22.01132531
-18.75876140
-20.61968420
-21.93689853
-23.24257353
-21.37173616
-20.44571637
-20.69267885
-21.02051925
-22.28694666
-21.40392794
-21.24326661
-20.30829726
-20.93206829
-20.66805624
-19.70709078
-20.47667070
-21.46131432
-20.32528270
-22.45941031
-21.50800479
-22.22511538
-20.21933538
-21.54740171
-20.47692520
-19.86537876
-20.97097444
-20.67918738
-20.84525273
-20.41868460
-19.54205237
-22.55718367
-21.68973356
-21.62661043
-20.43189375
-22.29856182
-18.96046714
-17.26721383
-19.78628332
-21.75705140
-20.81609033
-21.37190689
-21.53572576
-22.12628895
-22.30585562
-21.42556457
-20.68785291
-21.32638572
-21.32022369
-20.13551847
-21.65207066
-22.18342603
-21.25026827
-22.30902272
-20.52584041
-21.44263488
-19.88561664
-21.41858257
-21.47018004
-21.62920330
-20.08410686
-21.33402323
-20.87929007
-20.96577026
-21.72213459
-20.89019510
-22.02416597
-22.83595795
-21.46689495
-21.82139920
-21.48717031
-23.76853314
-21.08187202
-20.92342391
-20.97754262
-19.19283665
-20.46744907
-21.79690705
-21.17106937
-21.56615721
-21.26829572
-20.75225477
-20.56926970
-20.82546208
-22.33863352
-20.71033598
-20.50881626
-21.19961653
-20.90306328
-21.44313543
-21.71576523
-19.42033564
-21.07278603
-19.89568620
-19.29500592
-21.51745267
-19.51550979
-20.44814151
-21.64862715
-21.10310311
-20.97419566
-20.39994053
-24.54815581
-24.42712632
-24.61396655
-24.47743208
-24.45660556
-24.62423425
-25.13354777
-25.21160054
-25.46531590
-26.24905481
-24.80203586
-24.95262095
-25.41751839
-25.30180992
-26.03187743
-25.39813206
-26.20208492
-25.65370674
-24.68277986
-24.33520748
-24.91638081
-25.18880264
-25.08308754
-26.04565482
-25.43520875
-24.27945356
-23.54360102
-24.58449204
-25.62025154
-24.66591340
-23.74580025
-25.12052717
-25.54610921
-27.23533935
-25.83787806
-25.29225512
-24.80187999
-25.26087211
-26.55964233
-25.00661550
-25.30171744
-27.18596681
-23.81519186
-24.23388694
-23.59790943
-24.56380985
-24.20501026
-26.77369660
-25.16844481
-23.90361059
-23.87892768
-25.06409020
-23.43820821
-23.80714870
-23.32333780
-23.17060140
-23.43776556
-25.36573610
-23.11112274
-24.41477061
-24.89933328
-23.90345094
-24.12669121
-24.78673713
-23.88483231
-24.96838881
-25.06458437
-25.22442600
-24.92820780
-25.84822607
-25.27500754
-25.33996700
-23.96744239
-24.05988628
-25.58703128
-25.51513534
-25.36637997
-25.23075053
-23.83611382
-24.50920886
-23.40972663
-24.13489687
-24.41926501
-26.22320434
-23.20779951
-23.82442779
-23.27760904
-24.15276005
-23.42689779
-23.19873093
-24.01710644
-24.24317182
-25.44099711
-24.79919035
-25.29806751
-25.15940230
-26.13565915
-25.97831244
-24.76595988
-23.41223701
-13.39214511
-14.69149555
-14.35062346
-16.35977686
-13.83875173
-14.21669137
-15.26875750
-15.22849484
-15.25368148
-16.11915442
-14.66539291
-16.34505696
-14.45685539
-14.17577881
-14.60240162
-13.69478343
-14.58911946
-15.16974822
-15.82251798
-14.92767494
-15.89436641
-13.25098904
-14.25938131
-14.35629351
-14.65229983
-14.50149936
-13.48752186
-15.23450020
-15.04740568
-15.10202100
-13.99345000
-15.03305549
-14.54795986
-14.86155323
-15.25913145
-13.96145813
-15.17700310
-14.16312796
-15.36816675
-15.64969463
-15.71941176
-14.56875691
-15.98717258
-15.97060675
-14.83548519
-14.67389179
-16.33329665
-15.21143954
-14.75027536
-14.60941648
-15.52869170
-14.36008959
-13.45477587
-14.40593227
-13.38926232
-14.67924684
-15.81828278
-14.47245953
-14.40989443
-14.89788636
-14.50444883
-13.92118137
-15.57131052
-15.09904429
-14.09476619
-14.28564787
-14.84014274
-15.33910554
-15.01575814
-13.73859278
-14.10535979
-15.49887266
-13.16842453
-14.72468747
-13.79299440
-14.15579687
-14.59003517
-14.17746248
-14.69966226
-13.61762333
-15.67224971
-14.71998893
-13.54147587
-14.85620112
-14.26293678
-15.51913155
-14.11205309
-14.08286149
-13.67519859
-15.14449532
-15.18110323
-14.36801426
-14.78212584
-14.56378503
-15.63621201
-15.13633976
-13.89744491
-15.49333084
-13.86627122
-13.98130421
-17.88028994
-16.38189061
-17.53534423
-16.83000293
-16.76498671
-17.44666484
-16.04255159
-18.04614027
-17.22985295
-17.90103383
-16.23724492
-15.61356413
-16.74974540
-17.88227936
-17.63913399
-17.15252706
-18.01100537
-16.87238752
-17.51884019
-15.62030036
-16.30340143
-17.40560201
-17.48298095
-15.48406702
-16.27177126
-16.12563949
-17.89693509
-16.39752508
-18.06452687
-16.48910801
-16.41370668
-18.21150463
-18.43501907
-18.25112027
-16.70839794
-18.40478878
-18.06848529
-17.07184392
-16.44342210
-17.69120481
-18.30958003
-17.59783976
-18.32988702
-18.56877915
-18.01574563
-18.11409970
-18.41230887
-18.17873686
-18.41403320
-18.52189375
-17.50214027
-16.01930040
-18.29327564
-17.96877035
-18.27784206
-16.45244556
-18.06951542
-16.57322956
-18.58069008
-18.43850082
-17.49321194
-15.32718320
-16.10178646
-18.22231950
-17.99436316
-18.12051289
-17.20553637
-16.85399265
-17.72290825
-16.18831948
-18.09278490
-16.30036209
-16.86468152
-18.34765590
-17.87358251
-16.25966782
-15.92659830
-15.25039201
-16.33176743
-17.97172369
-17.95068838
-18.16971545
-16.69424280
-16.43959039
-17.54340124
-18.29905710
-17.21052895
-16.60014056
-15.31492100
-16.47593382
-15.63681396
-16.15118416
-16.23567882
-16.68352294
-16.81693382
-18.25020839
-17.65208156
-18.27665603
-16.79141757
-16.29057135
-28.17680006
-27.82712437
-28.28970226
-28.05877866
-28.29454076
-28.62146219
-28.21972082
-27.77370894
-28.19214046
-27.39759656
-27.79420155
-27.75484016
-26.68386145
-28.69823374
-28.42612961
-28.33336359
-28.52718047
-27.68575673
-26.49368736
-29.01370132
-28.79313595
-27.63004958
-28.20500999
-28.40618214
-29.15421709
-28.60174060
-27.02696048
-29.14905224
-28.65661516
-28.41967754
-28.30578467
-28.31894354
-28.25219113
-28.16569171
-28.85859058
-27.71842333
-28.76941508
-24.82776075
-26.61236252
-26.65759357
-25.33378990
-25.56726181
-26.24314362
-25.11465965
-25.70174623
-28.22394376
-28.85209155
-27.94149435
-27.65927826
-28.49341596
-26.87570864
-28.52256024
-28.15621617
-29.07958619
-27.75180107
-28.74363954
-27.89256374
-28.41434501
-28.42991212
-29.05194749
-27.49471441
-25.98992025
-28.43843279
-28.83296769
-27.73885747
-28.09778916
-28.72083147
-27.89000199
-27.88852018
-28.19632334
-29.15813056
-28.78953324
-27.74691147
-27.77612294
-27.86050175
-28.45823701
-28.06765505
-27.77058190
-28.99096560
-28.08859315
-27.98172374
-28.32585760
-29.17223436
-28.08704360
-27.30126302
-28.60760684
-29.05048656
-28.69764050
-28.95729661
-28.70570191
-27.37386627
-28.67179562
-28.68403068
-28.73846471
-29.03730413
-29.01983439
-28.88867630
-28.04195395
-28.91577335
-29.00171355
-14.28702222
-14.30920858
-16.52893360
-16.19941750
-14.87627331
-13.60871116
-14.69783555
-14.16646208
-16.40678807
-15.32810176
-15.31343410
-14.55398278
-14.88522264
-15.39204501
-15.74969246
-14.21789882
-15.35566364
-16.05924863
-14.15935654
-14.95352337
-14.95427051
-15.14459814
-17.29854388
-17.55578668
-13.05438295
-14.84160216
-16.89669712
-15.09497561
-15.79164045
-16.48757171
-15.26710554
-13.92249511
-14.96704138
-12.21877267
-12.20235318
-12.55041260
-11.62204456
-11.92309397
-12.19628141
-12.63797034
-12.03534098
-13.84880762
-14.12009418
-14.21544906
-14.85979883
-15.19403543
-14.07290836
-16.09677592
-16.56398541
-15.25845022
-15.37522637
-13.25666348
-16.28330076
-14.84940354
-14.45732468
-15.00764720
-17.25128957
-14.04911149
-16.61054871
-15.96591366
-14.33882296
-16.63337983
-15.92705130
-14.97734649
-14.15215586
-13.84263729
-14.00872175
-15.17668159
-16.75047524
-15.59648481
-16.49512642
-14.99619234
-16.62870859
-15.99534598
-16.23360741
-16.02731724
-15.17034704
-16.26092255
-16.03895968
-15.44223601
-11.33153184
-12.29898342
-12.03096389
-12.06026638
-11.74754875
-9.66461353
-10.51398754
-14.90834461
-13.91479071
-13.88747159
-13.74572597
-13.81247167
-14.08991855
-14.20963777
-14.17870606
-13.97044565
-14.21383079
-11.89974764
-9.23247672
-9.73348713
-24.01601236
-25.14107991
-22.47091380
-24.88554236
-24.34127342
-24.35681677
-25.10613926
-23.28295504
-24.41301379
-24.90690548
-24.49618653
-25.68812479
-24.26513601
-22.05316790
-23.38604261
-22.85454905
-21.11908663
-21.50548700
-18.21729989
-22.86313482
-23.18846366
-21.87447830
-22.48835171
-22.74406108
-27.26161909
-24.30098782
-23.85293945
-23.13632432
-24.52585633
-24.60358386
-25.30845684
-23.63421184
-23.55556203
-25.09119002
-24.81877968
-25.06333664
-24.59708415
-23.82946883
-24.61217136
-24.89367019
-25.38153279
-25.00991012
-24.32851318
-25.30716090
-22.86204100
-24.98760949
-23.87777308
-24.23025730
-24.80480098
-25.06844081
-24.42097888
-23.43831362
-24.54745056
-23.04317806
-25.18333924
-24.84987603
-22.20955386
-24.53176242
-25.01827055
-24.47178479
-24.94971042
-23.95303807
-24.81620366
-25.02752474
-24.82293182
-22.30108033
-23.46813836
-22.64349590
-24.00827235
-23.03609591
-23.02496189
-23.44559305
-22.58842913
-22.52284518
-24.47105314
-24.90449607
-24.68234563
-25.35187623
-23.93884580
-24.68388456
-24.67358577
-24.60945183
-23.69214967
-22.83454197
-24.85095229
-24.66549112
-24.99060769
-24.82170811
-25.43420004
-24.62999911
-22.55489446
-23.34349331
-23.64763454
-25.24917252
-24.32700445
-25.37795939
-24.98851599
-23.03977327
-24.49908523
-22.79987922
-18.64927300
-15.97338250
-16.27360870
-15.74844159
-15.82871781
-16.19666289
-17.34608138
-19.82988157
-19.51091528
-16.63223568
-16.60552473
-15.79200423
-15.37738860
-15.56945768
-16.95522926
-17.69374771
-17.36172847
-16.06002691
-16.38973490
-16.96470561
-18.44579644
-15.12107965
-15.59501556
-18.09208318
-17.76130743
-16.81296426
-18.39627468
-19.23020982
-17.91470201
-15.79521528
-15.05731433
-15.50131232
-15.61739156
-15.18408983
-18.70318409
-15.16975047
-14.69258038
-16.57900544
-16.04498422
-19.23681543
-18.84665557
-15.34788884
-16.38005778
-16.42106627
-15.41687096
-16.02860763
-15.24060773
-14.76600334
-15.67612174
-16.33013591
-17.62721912
-19.12585507
-16.93728506
-15.78538120
-18.42330887
-16.55292459
-15.16002327
-16.69347867
-16.12367911
-15.57411491
-18.07892415
-14.54685950
-15.45224414
-15.85644508
-18.83529593
-16.39224478
-14.62283099
-15.90190823
-15.68041290
-15.66552139
-16.26156310
-15.91582048
-16.23577226
-17.91816847
-16.57241155
-15.66909565
-15.19566209
-15.38809277
-16.08621494
-13.97169896
-15.08620182
-14.95029858
-14.89688131
-16.90902851
-14.78044124
-18.25516267
-16.02786289
-15.65599633
-15.42033166
-16.30382907
-15.47560617
-16.01665595
-16.20004996
-19.09436182
-15.67464942
-15.97789302
-15.87754868
-18.52930600
-16.36294831
-18.11312878
-21.22656390
-22.05125189
-20.49491336
-20.73388514
-21.02756934
-19.82632361
-21.27414476
-19.74765329
-22.34686555
-20.00466334
-22.82118358
-23.20523665
-22.83262526
-26.94436383
-20.84118846
-21.20657033
-21.13511782
-22.48985347
-22.01185848
-21.99882882
-21.14164126
-22.65344849
-23.86143179
-24.07409011
-22.42187788
-20.60023465
-21.74427466
-22.92508883
-21.71971995
-21.33839313
-18.99651687
-21.41223452
-22.07145916
-21.17865130
-21.17979500
-20.68023284
-21.40431225
-22.68487433
-18.79216112
-21.79284520
-22.19375101
-20.10208598
-21.88213066
-19.38193143
-19.94526014
-21.41358433
-20.65920542
-21.36795001
-21.11422662
-18.91784317
-21.79752364
-20.53269089
-21.24322794
-20.86497040
-20.23525437
-21.53464237
-22.50938931
-23.10761734
-22.05913715
-22.43850515
-18.38833261
-20.56686864
-22.68855081
-21.10929222
-22.13018428
-20.77846695
-20.79960124
-21.44891859
-22.22927868
-22.04483604
-25.67917516
-19.92950542
-21.76422603
-21.95325143
-21.54414457
-21.16697334
-22.00310903
-22.53335580
-20.37757057
-20.63988806
-17.78692263
-22.12498648
-20.08003759
-22.43887386
-22.31217517
-20.94281194
-18.38326586
-20.28347766
-23.03360369
-19.43969973
-21.35022657
-19.05220676
-18.01340039
-20.16906222
-18.91624388
-21.34245455
-20.19439932
-18.83028815
-21.40828901
-20.52779938
-14.44302227
-15.53271652
-16.01697082
-18.70758974
-16.31558567
-16.37772444
-17.04864946
-15.93771126
-15.85141440
-15.95800477
-15.42112419
-15.75890195
-15.60092599
-14.83087555
-15.50441050
-14.76662587
-15.39457968
-16.86228862
-14.05851213
-16.85100303
-15.31118259
-15.35376123
-16.03619348
-16.98230455
-15.79456408
-15.58262409
-15.73918370
-15.36244927
-15.10381848
-15.25259341
-15.72727493
-14.95620709
-15.34784602
-15.26563404
-14.35697936
-14.82661272
-15.94075239
-16.53952131
-16.53260762
-15.64939620
-16.35068062
-15.83720134
-15.49736983
-15.67521591
-15.79442535
-15.87579746
-16.08072879
-15.08206243
-15.74803536
-15.20046791
-14.39632918
-15.98061551
-16.42847592
-16.15374964
-15.89048514
-15.80242947
-15.33640194
-16.53478459
-14.13185749
-15.79876158
-15.59668755
-14.18041642
-15.53151706
-15.61789110
-14.55265648
-14.30643029
-15.67823516
-16.32991220
-15.99579440
-14.85373637
-14.06420305
-15.14306159
-15.40334429
-15.01942149
-16.20157840
-14.67069466
-15.35232428
-15.15441414
-14.81800541
-15.08337217
-15.78239865
-16.63299878
-15.52352024
-17.03051031
-18.81915176
-16.84205077
-15.81715433
-16.06411584
-15.98992905
-15.70727507
-16.11511200
-16.16550230
-15.98665402
-15.39921127
-15.94361768
-15.83532769
-14.85567416
-15.22324348
-14.49166586
-15.85748533
-22.13330417
-22.92755697
-22.03925489
-22.84542715
-22.11146364
-22.99099295
-22.98688552
-22.06032826
-24.20835512
-21.74895117
-22.23155704
-22.16078438
-22.09300109
-21.74123237
-21.77750154
-23.12581764
-22.47535955
-22.12825878
-22.22019401
-22.83925545
-24.23458883
-21.43815468
-21.88242645
-21.60580144
-21.95906749
-21.88464875
-21.81276111
-21.97062991
-21.87699215
-21.94033333
-23.04866554
-22.21301326
-22.94943038
-23.00906784
-22.95114241
-23.49938542
-23.36391472
-23.24660612
-23.38003202
-22.93679912
-24.18333757
-23.12639184
-22.64730118
-23.44666153
-23.04489672
-23.05271184
-23.09880889
-23.32018692
-22.99694649
-23.72101557
-22.04104085
-22.12999778
-22.93605696
-22.23951664
-22.03277952
-21.95011631
-21.89003877
-22.04964258
-21.68035567
-21.95561683
-22.83596662
-22.69979110
-22.05106308
-21.50189937
-21.57626492
-21.95044706
-23.23387019
-23.08751274
-22.00239421
-22.11902430
-22.03332303
-22.16851847
-23.14161679
-22.16664335
-22.48300668
-22.06892035
-22.19637858
-22.23496111
-22.28214480
-22.83899764
-23.62769016
-22.44093725
-23.06464219
-23.49818176
-23.00290186
-23.00943710
-22.86003439
-22.84164037
-22.89494104
-22.13442432
-22.15422612
-22.94751958
-23.07550137
-22.64990142
-22.73936469
-23.23884320
-22.92775470
-22.91290896
-22.06710081
-21.96689030
-12.14680292
-11.96773065
-15.13484903
-11.94897517
-10.64117920
-12.17089054
-13.72035678
-11.46237352
-11.27735301
-11.40791863
-16.31158190
-10.99070735
-11.78310633
-11.37874766
-11.69242730
-11.74421462
-11.14499834
-14.28258776
-12.22784361
-13.17549593
-12.77935982
-17.52387943
-16.71123346
-13.63871817
-11.75546491
-14.00142559
-12.58817757
-12.67343812
-17.30037981
-11.82949814
-12.74364137
-14.27941769
-12.79593997
-12.57511681
-14.63679819
-14.52998340
-12.08885809
-11.78826624
-11.61275335
-13.83873312
-11.97489273
-13.41035716
-11.47124360
-11.37882583
-11.63542177
-11.50609273
-11.31077323
-11.62426526
-11.51776917
-16.66730638
-11.90701445
-11.55697429
-13.54095483
-16.79354387
-11.45824333
-11.43059624
-11.16033721
-11.09493949
-16.19729836
-16.58325375
-11.51558141
-11.47619172
-11.46820444
-12.46950236
-12.69559327
-12.11938481
-13.99299466
-12.61609174
-14.18587978
-11.79055617
-11.84300716
-13.70507394
-14.28039420
-13.91772076
-11.38248621
-12.01987108
-12.26223800
-12.23696601
-13.85016005
-12.49605267
-12.15841801
-12.41499665
-12.64892442
-12.32211477
-11.99655129
-11.84275451
-13.88219300
-11.67036025
-14.16429120
-14.10963387
-12.82252555
-12.70395319
-14.48595239
-12.81795704
-12.81555900
-12.65120977
-13.90670053
-12.78158132
-14.43030060
-12.34213321
-21.97211499
-22.38109120
-21.75829657
-22.54867426
-21.21109509
-22.42120897
-21.74307039
-21.55727599
-22.59266673
-21.73017760
-20.85487521
-22.07226431
-21.64810200
-21.76323836
-22.85041619
-22.05532116
-22.00404261
-19.27995755
-21.86645077
-21.90009337
-21.11996099
-22.54156504
-20.17689388
-20.03137308
-21.44168924
-21.17494380
-20.32597638
-20.49151836
-21.64146786
-21.36693369
-20.95291526
-21.49220007
-21.52397845
-21.42751925
-21.56025163
-21.62811385
-21.49154890
-21.30496406
-21.44143053
-21.43919507
-21.42480843
-21.03078500
-20.62027883
-21.72331546
-22.53798665
-21.40992590
-20.25841857
-21.97840603
-22.39173685
-21.72936643
-20.74505611
-21.16805666
-21.72674714
-21.84121384
-21.88475025
-21.81203118
-22.27852716
-22.11722994
-20.77790707
-20.83380561
-22.93312265
-22.18886505
-21.63699214
-21.43499640
-22.09902671
-22.06782987
-21.96695839
-22.25818689
-21.89381280
-21.68697950
-21.59837702
-20.50759717
-20.96333640
-21.15262729
-21.12769363
-20.54996188
-20.38411109
-18.85440316
-21.01253643
-20.92476157
-21.48883839
-21.32667039
-21.18332482
-21.33930621
-21.50287936
-21.85501250
-21.50994532
-21.47131889
-21.40270533
-21.50510842
-21.29754548
-21.69447063
-21.60892771
-21.55812106
-22.51011497
-20.99192143
-22.51755841
-21.41213712
-20.57452039
-22.11854814
-17.50677600
-16.51378720
-17.35650338
-17.74065954
-16.72396335
-17.55103784
-17.14989902
-17.54795784
-17.91679918
-16.22856937
-17.16330294
-16.98470519
-17.23128968
-17.11462397
-17.21593326
-17.77656396
-17.89146806
-16.80571344
-16.90129367
-17.64620112
-17.00271068
-16.81697023
-17.46545994
-17.68612741
-16.92639819
-16.15794131
-17.12100306
-17.02338636
-16.95286146
-17.83270880
-16.64514480
-17.43817537
-16.99578064
-16.79487702
-17.20646549
-18.48477529
-17.21790964
-17.15438312
-17.00705151
-17.56178234
-17.03084273
-17.72947717
-17.34857312
-18.21966943
-17.71890096
-17.08749766
-17.09971685
-16.98842642
-18.27424924
-17.93038817
-17.75567204
-17.21606031
-15.94773391
-17.20575501
-16.77766997
-18.08898443
-16.97014781
-16.50193848
-17.06269340
-17.65340274
-17.79822609
-17.42953096
-17.96829677
-16.97471769
-18.77165910
-17.69952518
-17.72034094
-17.60490556
-16.87095339
-16.94506001
-18.52398325
-17.25895667
-17.37552905
-17.32383515
-17.04030357
-16.90911863
-18.98827006
-16.43406804
-16.70398395
-17.35688320
-17.55684764
-17.69076081
-16.87620165
-17.20824780
-17.19776767
-17.89326912
-17.81100744
-17.73980672
-17.71042549
-17.47378439
-16.19806601
-16.85470480
-17.86105433
-17.26186076
-17.39505407
-17.34902193
-19.36991584
-18.07123415
-17.87534621
-17.50648203
-34.12315954
-34.86758022
-33.35875264
-34.60834038
-34.51845153
-34.96429005
-34.51527995
-34.59697072
-34.92048589
-34.54274772
-34.96828789
-34.70096025
-30.72532209
-34.67033222
-34.65492739
-34.04159017
-33.87313084
-34.55345594
-35.21992098
-34.56505803
-35.19631630
-34.66114284
-34.70639773
-34.13303893
-34.67529332
-35.02031353
-34.88252018
-34.99576605
-34.70652456
-34.70599253
-34.57548101
-34.56815628
-34.40549262
-34.82896212
-35.02792373
-34.53772225
-34.49141204
-34.83444143
-34.78476887
-34.63167232
-34.67407050
-34.49192691
-35.03374355
-34.58134042
-34.55335567
-34.79169879
-34.49078489
-32.55769992
-34.53826540
-34.73890457
-34.20867426
-34.95796627
-34.15091101
-37.83561458
-35.15971710
-35.09260827
-34.81425887
-34.82879578
-34.24739599
-34.33841803
-34.37011939
-34.96930535
-35.07535118
-34.18117913
-34.49599421
-34.84271470
-34.50482009
-34.88644163
-34.76450734
-34.93011345
-34.74779639
-33.41661135
-32.37572908
-32.73692097
-35.44882724
-34.34132499
-34.65412633
-39.92211606
-35.34678865
-34.68767400
-35.02443218
-35.03522208
-34.94034103
-34.88266765
-34.94946021
-34.79074281
-34.66559021
-34.85110580
-34.44848592
-34.86230424
-34.23028790
-34.56844705
-32.79270740
-34.52707306
-32.92996803
-33.23068588
-35.43777920
-34.76524047
-32.88174778
-34.99443091
-21.77704994
-20.78785786
-21.08181250
-20.20922304
-20.39445713
-20.46817890
-20.49385510
-20.70200840
-20.68921111
-20.77366769
-20.42862347
-20.42892409
-20.36210631
-21.85442692
-20.34345828
-20.89555475
-21.11666132
-20.88895766
-20.53367375
-20.53629640
-20.35965136
-21.29006020
-22.11502053
-20.97204130
-20.94031490
-20.28263579
-20.81879943
-21.07012647
-20.88263136
-20.08194773
-20.15264112
-20.41957661
-19.98263707
-20.33593940
-21.57667339
-20.34968762
-19.85327259
-20.39869572
-20.41181243
-21.19806522
-20.51490989
-22.04585674
-20.53626758
-21.06349386
-20.42362815
-20.60138390
-20.70651902
-20.60138052
-20.71472996
-20.13380919
-20.77977828
-20.46132932
-20.96651424
-21.35960238
-20.90364401
-20.64381783
-20.62406603
-20.43918669
-20.45187230
-21.56543135
-21.96170441
-20.41288542
-20.49605376
-20.60579532
-20.79033786
-20.64206683
-21.29159360
-20.41631666
-21.00837114
-20.35627852
-20.51992048
-20.34220915
-20.14009602
-20.61870475
-20.75816064
-20.35137379
-20.60319013
-21.10919054
-20.63307186
-20.51507560
-21.28747662
-20.78017084
-20.61407512
-20.48922798
-21.81588069
-20.49767902
-21.14018285
-20.48965150
-20.54456385
-20.69483996
-20.52738583
-20.59409228
-20.54845270
-20.54312439
-20.34005152
-20.68210896
-20.76243871
-20.82656002
-21.58461125
-20.63952486
-20.41379614
-20.21609580
-20.33412890
-22.21742969
-19.86431760
-19.62275177
-19.93435994
-20.97701119
-20.37569046
-20.72230355
-21.39774343
-19.47565164
-20.20273447
-16.80469052
-17.23272551
-16.89375637
-17.16258600
-17.19372187
-17.97245912
-16.71034669
-16.88558298
-16.94603190
-16.64585799
-19.93458335
-20.10638294
-18.55277827
-20.21643883
-17.57494346
-16.41257394
-17.49492127
-16.86034193
-21.18209797
-22.92631431
-16.43434921
-16.53275403
-19.88310161
-19.49745186
-19.75154172
-20.15960194
-20.61179124
-22.26722523
-19.95645835
-20.30410202
-20.35873102
-19.69732042
-20.73844397
-20.41948625
-20.05099061
-19.79768303
-20.18671499
-19.90218586
-20.49055067
-19.41500833
-20.08090054
-22.42929293
-23.42588667
-20.24398200
-20.80975402
-20.44558640
-23.35315121
-21.46653271
-20.02162403
-22.56625324
-20.23998501
-20.90958762
-17.22189114
-17.32512671
-17.05739213
-17.26464808
-17.28685368
-17.11652130
-16.93107477
-17.22253062
-17.53891043
-17.25238553
-19.29077942
-17.95237345
-20.02911841
-20.78148521
-19.53025057
-19.82713617
-19.64786943
-20.89957375
-20.02347746
-19.91186314
-20.15545007
-20.11804527
-20.18713754
-20.43719213
-20.29747488
-19.79007536
-20.81947387
-20.42301922
-21.26613718
-21.87166898
-20.08252823
-20.00972934
-20.53903599
-20.72307119
-19.04590729
-16.74201358
-16.15473097
-16.43802052
-16.88028628
-16.31545324
-16.37944050
-16.83783308
-16.14231421
-16.15722697
-16.80572647
-16.67094145
-16.20260367
-16.29229418
-15.87076448
-16.36892598
-16.42703746
-16.46611006
-15.97745673
-17.71600250
-18.43959510
-18.47127744
-16.64983310
-17.43760140
-17.10675909
-16.08509299
-19.01357553
-16.14937918
-16.40879319
-17.52662487
-16.72971238
-16.94589160
-16.61454486
-16.50279303
-16.98284062
-16.90592263
-16.81703522
-16.77495255
-16.68592193
-19.30243957
-18.65556070
-19.55241893
-17.37740714
-20.97130482
-18.20131595
-17.58973096
-18.96945938
-16.78453975
-17.05923689
-16.51127825
-17.04586155
-16.71288446
-16.48904435
-16.34271557
-16.43509366
-15.99250641
-16.65657747
-16.48071066
-16.71270361
-17.12367649
-16.25604975
-16.20568094
-15.50223557
-16.29479674
-15.30841039
-15.98080941
-13.06530921
-12.49963350
-15.40199583
-15.86062922
-16.08873061
-16.52242587
-17.53299869
-17.08888271
-17.08674301
-16.00073536
-16.78121235
-16.19506873
-16.10378783
-17.70005232
-15.96500228
-16.80757252
-16.55566467
-16.94161016
-16.26749250
-17.43756314
-16.89574979
-17.66318398
-18.79372056
-19.88808565
-18.90644118
-17.41703159
-19.84293524
-17.27374537
-18.18053191
-15.91744615
-16.65157782
-16.57977947
-16.50180392
-16.05991684
-15.06651403
-21.53756628
-21.87321864
-21.94023142
-21.64831591
-21.37296736
-21.94482187
-21.72174933
-21.82092109
-21.75493503
-21.42372405
-22.36663384
-22.82328831
-21.55221676
-21.97581431
-21.49827716
-21.50545839
-21.98525969
-21.65581658
-22.06187959
-21.64167175
-23.22129289
-22.08852473
-23.29267981
-23.00255716
-23.27828184
-23.35330886
-22.09454612
-23.38416805
-22.94712983
-23.66841858
-22.16980458
-21.77778201
-24.32664024
-23.19206674
-22.40944575
-22.96305516
-23.72221064
-22.37283858
-23.22459345
-21.01554671
-20.85556592
-20.69429554
-20.16685847
-21.24028762
-21.94998250
-21.15086954
-21.24364670
-22.51669402
-21.41677956
-22.45702724
-22.04339558
-21.92801233
-21.38804970
-21.71745578
-22.74341371
-22.24090468
-21.92015595
-22.96531352
-21.46862763
-22.01981039
-22.96568802
-23.77059491
-23.12978627
-21.59412708
-22.80505766
-22.32505583
-21.76414364
-23.16927370
-21.95040536
-22.79280295
-23.06230561
-21.71148828
-24.30155320
-23.42279722
-24.35422745
-21.80829131
-23.42569363
-23.11634481
-23.89531397
-23.25732468
-23.71551113
-23.78787169
-21.60255606
-22.86338790
-22.68996452
-22.38517140
-21.58268556
-22.32378850
-23.11265868
-22.71859601
-24.07965533
-22.98203351
-22.75186895
-23.82336408
-21.90754179
-22.83774168
-22.93341849
-24.19267566
-23.29394441
-22.54003359
