-26.38920863
-25.73123442
-28.73844569
-26.87365261
-27.14194152
-26.29951846
-26.57277808
-26.63648385
-27.56939495
-27.59644226
-26.81825311
-26.03290202
-27.63339521
-25.59955054
-26.44562833
-23.43222174
-24.06206106
-23.67021666
-22.50639787
-23.36712412
-26.41050223
-26.99268345
-26.62151410
-26.77795733
-26.42123322
-27.69288760
-26.75355426
-27.70016608
-27.42764730
-25.76899268
-27.31359346
-25.76688553
-26.14664442
-28.79068120
-27.57143735
-27.33505418
-27.50045679
-28.93086118
-29.45200233
-30.16775918
-28.26284010
-27.53644869
-26.73354904
-26.01088441
-27.83789912
-27.16530946
-29.63005269
-29.10386403
-28.62081532
-27.98368686
-29.06846380
-28.43241922
-28.32555242
-28.80695921
-29.67080134
-28.91708357
-29.45106619
-29.48651086
-26.88204935
-23.45219416
-27.56256991
-27.41542586
-26.92070979
-26.94265588
-27.92308284
-26.96881669
-26.98426831
-28.96685264
-28.54193990
-27.44212326
-28.04908913
-27.92815412
-27.55975198
-28.80438595
-29.54886889
-29.74682563
-29.30865117
-27.07605095
-28.62593772
-27.72446396
-27.02113481
-28.37103130
-29.08157234
-28.14065088
-29.65724099
-27.24586679
-26.53657193
-29.34265460
-29.45676571
-27.74811613
-28.83212415
-30.29868040
-29.31090514
-28.60991329
-29.10002942
-28.83965532
-29.56587233
-26.31131288
-27.26569534
-26.97915990
-15.59924095
-20.72930453
-22.16971463
-17.83824616
-18.20160234
-16.44853142
-17.88847664
-17.56904403
-18.27824550
-21.38964554
-21.02371136
-17.36481109
-19.14096774
-19.60008530
-17.64257959
-19.08671962
-18.18903802
-17.10108526
-17.30585174
-16.71916418
-17.39069490
-16.98279319
-16.98805582
-16.49165707
-15.98922830
-15.52113852
-16.02416257
-15.91676130
-16.27801455
-21.84988577
-17.91849676
-21.96463785
-21.42206711
-18.75147747
-17.93439573
-18.49799620
-22.13922521
-17.85102666
-22.01873164
-17.24116296
-18.31235929
-18.06298203
-17.48222596
-17.93829988
-18.49385134
-21.28047066
-18.61292319
-18.26502734
-18.17258753
-18.06665870
-17.81522939
-18.98196188
-18.00218761
-19.93045213
-17.91120409
-22.00914716
-18.35177251
-16.29895172
-16.82109379
-16.81625180
-16.32749618
-17.18531725
-17.64777876
-17.16556253
-19.44821120
-16.62363772
-17.11662352
-17.51011122
-16.97942921
-17.63173723
-18.01830228
-17.51701032
-17.77487955
-18.25784002
-17.74361891
-17.13942206
-15.51852708
-17.29064941
-15.01452316
-13.48896661
-16.36374361
-18.62561403
-15.82297443
-16.29781286
-21.99148108
-22.29563907
-21.83253436
-22.08730283
-17.93158714
-22.29482026
-17.85859624
-22.10834476
-18.22106810
-21.48115682
-18.84153063
-17.42509851
-16.92898327
-17.85393778
-17.72150834
-17.04097305
-15.41369760
-12.20380233
-15.91633251
-12.08416224
-12.98977895
-12.13781967
-12.09201049
-12.75978145
-13.21730078
-12.63581778
-12.48129147
-13.66215735
-12.66300736
-17.38511548
-18.42616547
-18.55223476
-19.19238282
-18.47960468
-18.97949223
-17.75996426
-18.55647695
-15.32302245
-18.25802939
-18.11065999
-16.88561498
-14.23111000
-17.22413466
-18.63335754
-17.69768641
-17.65546282
-17.25535531
-18.15413122
-17.25639854
-15.70484021
-14.42355672
-16.60074933
-17.40596305
-17.12479317
-15.27131298
-17.04635652
-15.48787952
-15.59812447
-16.28110231
-15.99486432
-15.98126547
-12.64590308
-12.32067156
-12.16232211
-12.17784104
-11.86449917
-13.36949845
-12.06958403
-13.14832011
-13.70815196
-15.54010162
-15.44486599
-15.91600385
-16.07474953
-15.60589483
-15.58876602
-20.06788708
-19.12093721
-16.59920037
-16.31972892
-17.72088408
-17.24060712
-19.47884788
-15.92243252
-17.97855889
-18.43593365
-12.47208324
-12.84367573
-15.05272083
-15.02709300
-16.99957187
-17.51858215
-17.01367931
-16.38764732
-17.08212361
-16.06420573
-15.52865218
-14.98738765
-16.17635596
-17.02119625
-14.86229795
-15.13044961
-15.62868341
-16.90235104
-16.33553684
-16.22434236
-15.89126576
-16.13245120
-16.29831495
-15.32174531
-12.53722478
-12.93022189
-12.79758929
-13.60033527
-14.53944642
-12.29573140
-18.62125855
-18.61367000
-18.41765527
-18.50835480
-17.36775190
-17.12901462
-19.19802614
-17.82629242
-16.75293434
-17.35440350
-17.98224054
-17.51675513
-17.81275854
-17.68979286
-16.33622165
-16.91137240
-18.64333533
-18.98643243
-18.77362593
-17.82353982
-17.66843330
-18.59136938
-16.37373992
-16.91132916
-17.62589566
-17.07126553
-16.91466646
-17.62066874
-17.90964772
-18.22797547
-17.93389090
-19.48393271
-18.42603919
-18.25165813
-17.53979538
-17.72738000
-17.64965648
-18.02170756
-17.72369554
-18.21498236
-15.56416368
-18.96994984
-17.14642763
-18.14230371
-19.19137907
-20.87277239
-20.04481575
-16.64006638
-17.41493624
-17.13746161
-18.18682763
-18.29905462
-19.07413826
-16.68973641
-18.36513532
-19.05437760
-18.94132164
-18.72589267
-17.47138232
-17.78561559
-17.69992101
-17.91890425
-18.35586426
-18.21400287
-19.70291560
-19.27589414
-16.41111780
-16.58390583
-17.54327691
-17.78224091
-16.77046986
-17.42111797
-18.32402717
-17.90641607
-18.40952195
-19.30893916
-20.01283682
-17.71782952
-17.92602496
-19.15933913
-17.56334807
-18.86872856
-18.60149494
-18.21440795
-17.65055039
-18.13426161
-17.38181454
-18.58155163
-19.30904849
-20.15936464
-17.38003666
-18.53230379
-17.40604884
-18.06243596
-17.26990332
-16.79806589
-18.53906030
-18.35856980
-17.58036700
-17.79943058
-25.59547301
-25.79478298
-24.74750341
-25.79795426
-25.32524789
-24.96079177
-26.14827929
-23.69305238
-25.84874653
-25.79663560
-26.28458075
-26.73370043
-26.54050841
-25.74510781
-25.43757096
-26.83526408
-26.83649376
-26.25585415
-26.67426329
-26.54436467
-27.52012483
-25.53727307
-25.50989890
-26.78740408
-27.41962323
-28.17339597
-25.94086681
-26.41331138
-26.99248643
-27.48468756
-27.22784492
-25.87521989
-26.73687398
-27.83607048
-27.24207651
-26.22019314
-26.69040886
-26.77192215
-26.55185929
-26.88694164
-26.48592100
-26.15604615
-26.21441166
-26.18690921
-27.70323826
-27.96893110
-27.84510096
-25.74513060
-26.92031701
-24.98690981
-26.17788683
-24.45476656
-24.18672019
-23.54795141
-25.29913044
-25.91772252
-25.45578850
-25.50021887
-25.27924981
-25.62974079
-27.35366846
-26.63432915
-25.39734214
-25.35522993
-26.51435896
-26.50134205
-26.39907804
-24.79273779
-25.85228715
-26.59720263
-27.27125317
-26.91853891
-27.04009884
-26.98862305
-26.91706732
-27.35217723
-28.01417634
-24.93950471
-25.50300919
-25.93104629
-26.23908528
-25.48555422
-27.16391138
-26.60282615
-27.15151603
-25.83267233
-27.02707237
-27.00496603
-25.35608355
-26.04406777
-27.03086223
-25.96060312
-27.35876618
-25.24621507
-25.10184221
-25.88640643
-26.59574504
-27.45943314
-26.98364391
-24.26796525
-21.02031122
-23.96288254
-20.86639285
-20.59352620
-20.81229970
-20.31417494
-22.76325346
-19.99849654
-21.68313777
-24.45882424
-20.79368177
-20.99585205
-20.68977609
-20.37910474
-20.07015356
-21.55025013
-22.30549341
-19.05601989
-20.19420741
-20.16064057
-20.98548244
-19.61692313
-21.02316522
-19.69463101
-19.80177381
-19.33983962
-20.62982209
-23.08809164
-20.58661609
-21.64005144
-23.47224853
-23.16756955
-22.00818180
-23.96779895
-21.06798554
-22.50682359
-19.79828708
-22.01577441
-20.86712614
-21.89141236
-21.22598774
-21.48080047
-20.75036733
-21.63586951
-21.57732527
-21.73119926
-21.86713024
-19.49821515
-23.08527998
-21.41099037
-21.30438531
-19.75201048
-17.31347437
-19.56441855
-22.43160601
-20.02011439
-20.42328540
-20.34481992
-20.99028710
-20.99337226
-18.58553450
-19.84364866
-21.32241653
-19.19948235
-20.25572530
-18.62351625
-18.04466911
-19.40458262
-21.02968145
-20.40518561
-21.40212649
-21.85810005
-19.10931304
-20.48973468
-20.96780307
-21.05481970
-20.64026603
-21.77433771
-20.42303323
-18.83404861
-21.16601355
-22.32347937
-21.84943717
-21.44187525
-20.40345327
-19.58959184
-17.51096298
-19.49121850
-18.79626669
-20.44942444
-18.87610953
-23.41277501
-22.36968606
-21.26609847
-20.65143217
-21.78341905
-21.19312046
-21.00812441
-20.17577458
-15.55233231
-21.66508640
-21.62692586
-21.96177060
-20.71639657
-21.81697789
-21.68591347
-20.41906905
-22.10433749
-21.15800110
-21.76988965
-20.96507376
-20.48227194
-20.68565975
-21.41298319
-21.87949597
-20.35704608
-20.91480909
-21.52501231
-20.93021743
-21.85114200
-20.88917460
-22.39318106
-20.77225124
-20.84703263
-21.30886176
-21.67074722
-21.11603664
-22.41729008
-21.01582536
-22.83607655
-22.40703535
-22.27580577
-22.98025995
-22.83379792
-21.41301348
-22.01057110
-22.16820801
-21.75887326
-20.58168293
-20.94682540
-20.12136843
-21.20137470
-21.34700449
-20.08114614
-20.97013999
-21.23375941
-21.31537651
-20.66533445
-21.00908986
-21.58740330
-21.16366543
-19.84031515
-21.16048955
-19.84679303
-20.59853341
-20.54805232
-21.08694110
-21.19730371
-20.64391372
-20.27992376
-20.75945481
-22.23548571
-20.47316697
-23.42349353
-20.70879358
-20.10752737
-21.15671208
-23.94297968
-22.25396699
-20.87363578
-21.01622101
-22.34590933
-22.78425937
-22.66008480
-22.50195528
-22.97014322
-20.77983882
-22.59982448
-22.16740631
-20.80599489
-21.49033326
-20.52003822
-21.47026596
-22.83964915
-22.99270176
-22.09951820
-22.51727764
-22.61354261
-22.83979241
-22.53013701
-21.87017664
-21.92265854
-22.59435348
-20.85819036
-20.80507812
-20.57693852
-21.17995383
-20.73672196
-21.69457108
-21.90843733
-27.27379409
-26.25897337
-26.37227561
-28.24504857
-27.76344212
-28.06537321
-27.75405262
-26.90146831
-24.87303160
-25.77015494
-26.58431228
-26.66197775
-26.34962967
-26.51273880
-26.82450943
-26.69128412
-28.14325453
-27.99532760
-26.88839121
-28.48579284
-26.70255873
-27.21704504
-27.60776285
-28.96678530
-26.74353647
-26.71230200
-28.58323176
-27.14706991
-27.46048791
-27.13049556
-27.47191731
-26.67532749
-27.04765937
-25.78106671
-27.36195528
-26.90738140
-27.69603369
-26.66890762
-25.84153249
-27.25446930
-26.35087309
-27.36153161
-26.63899019
-27.91378805
-27.66039367
-27.96697053
-26.62070637
-27.55337008
-27.36046327
-27.83695125
-26.15917039
-27.60062732
-26.97387217
-28.08505093
-26.87383977
-27.71570495
-26.29636984
-26.70906032
-25.94716606
-25.58059065
-27.12292877
-27.10739254
-26.57674903
-27.15173412
-27.96794470
-27.28681836
-28.01137192
-27.32391219
-26.67487743
-27.65276636
-28.04935811
-27.93581847
-27.79306643
-27.56153279
-27.12372133
-27.86617820
-27.20204469
-26.36539182
-26.48652887
-26.71711476
-27.33286402
-25.79672642
-28.32961012
-26.37981209
-25.76430778
-27.16792440
-25.74971379
-27.55019175
-26.44695504
-26.36229640
-25.69829639
-27.31832248
-26.99340191
-25.48560842
-26.21119670
-27.24844475
-26.72822996
-27.57127489
-27.92513746
-27.01454952
-35.01933374
-32.91943620
-33.02267194
-33.01963447
-33.01120605
-33.01426919
-32.98300169
-32.99256957
-32.98937343
-32.99058988
-33.01057530
-33.02367671
-32.95428693
-32.93672779
-32.45893623
-32.94701553
-32.91972355
-32.83514350
-34.89200328
-30.46346664
-34.23371870
-33.71913170
-34.26064924
-32.78911943
-32.00995056
-33.42454084
-29.78624154
-31.38947573
-31.54563069
-30.14142785
-31.37232292
-32.00013826
-32.99791163
-32.91682749
-31.25809356
-31.66074632
-31.36717129
-31.43834781
-31.48581552
-32.77486368
-31.53657167
-31.56461572
-30.74011318
-32.92704887
-30.67934871
-30.67596749
-29.58388118
-30.92340127
-31.30860018
-29.09083110
-32.92995464
-33.85074297
-32.96622036
-32.93596384
-32.98238006
-32.97344485
-32.97528382
-32.97075444
-32.98015068
-33.78219649
-32.89625251
-32.92003650
-32.89152903
-32.89753787
-32.85401531
-32.87767182
-32.84404969
-32.22025697
-32.65295355
-32.85275243
-29.31349280
-31.47381073
-31.75046905
-31.81821031
-31.42258349
-31.56250163
-31.50319630
-32.12605230
-34.22680971
-31.08646360
-31.54536465
-30.95871514
-29.47934716
-29.46240815
-31.44590888
-31.21896242
-31.24026044
-31.40250863
-30.48067084
-31.83112304
-31.39936053
-30.13041961
-31.04011845
-30.36429113
-30.45687548
-31.00806244
-29.66015011
-31.58942795
-31.06076085
-30.65441008
-22.59325481
-20.01448765
-19.22819000
-18.56705274
-20.21701445
-19.99335012
-20.04802449
-19.72651860
-21.01302079
-22.99009255
-22.96261184
-23.08259553
-22.71666927
-22.48368679
-23.42094673
-20.33825521
-22.76360252
-20.61476290
-22.59808467
-22.40105420
-24.37122779
-20.79962415
-20.02093481
-20.10751557
-22.69201811
-20.31403714
-23.51312700
-23.13892194
-23.19536076
-20.03760555
-22.21022718
-23.11780937
-23.49213929
-23.35577761
-23.72053506
-23.50943561
-23.14226903
-22.96467373
-23.73322826
-20.94374646
-23.83932321
-24.37071966
-24.13565032
-23.43200245
-23.29246665
-23.99846140
-23.32774434
-23.63201357
-24.25084076
-18.94205027
-18.79135127
-19.20993192
-20.90899829
-19.83797579
-20.02445387
-22.52505391
-20.93198267
-22.59038618
-22.61797496
-22.81200220
-22.64261038
-23.41379020
-20.25108860
-20.19368320
-23.19867186
-24.20146724
-19.79346756
-21.24747918
-23.40445218
-23.50777537
-22.47288462
-20.84546634
-23.53037539
-23.04164137
-23.46098773
-23.05375725
-23.45361188
-23.01448404
-22.72531575
-23.43677269
-18.58553556
-19.12749067
-20.41194499
-23.14162575
-23.89728407
-23.40993369
-23.30919947
-22.72979752
-23.35064375
-23.03655459
-23.57892852
-23.62221213
-19.54275584
-18.74082750
-18.86257469
-18.64919608
-18.19808258
-18.76922745
-18.53578592
-18.45575306
-21.91832681
-24.06433193
-24.53308079
-23.59164977
-22.53482439
-20.25071933
-23.13303895
-23.73385192
-21.56193246
-23.45371193
-23.56508943
-23.10391338
-18.54146577
-20.54267800
-20.92152503
-18.95450795
-18.80052485
-17.98922942
-18.87510198
-18.21335936
-19.37054372
-24.31658267
-21.81265422
-23.54166006
-22.88977123
-21.65189051
-23.10048184
-19.90781720
-22.02504848
-20.71026783
-21.69888566
-19.28359906
-22.68808950
-22.67783772
-23.68929376
-22.88539067
-23.51575175
-23.04962620
-23.45285957
-23.40730045
-21.22814331
-21.26319701
-23.09556616
-23.48443240
-21.06745904
-24.09901875
-24.09877520
-22.29933553
-21.19579450
-24.65988998
-23.67248982
-22.61650030
-22.85281889
-22.80725232
-23.20529412
-20.54590110
-23.19144998
-23.22653740
-21.33492444
-22.34382652
-24.54550176
-22.03788574
-20.72582268
-23.67381984
-23.42938772
-24.45549690
-19.53173277
-23.21132244
-23.10237954
-23.43571396
-18.98600712
-20.40485657
-23.77087443
-22.92201829
-20.60723703
-22.04299297
-20.76005171
-21.69029886
-22.95275822
-21.30969789
-21.96780914
-20.82691115
-23.02920236
-24.30193009
-20.74721700
-23.75519306
-20.83495032
-18.81415868
-20.14111100
-20.76392949
-21.43683959
-23.28086334
-22.90423566
-23.74032290
-23.02629245
-23.65569877
-24.12983501
-23.33947651
-22.41731202
-24.23298655
-21.16136661
-20.68114852
-20.41766992
-18.34090271
-18.69055527
-19.10139086
-18.59501399
-18.69584371
-21.39745747
-18.80915740
-20.00962105
-20.60143274
-19.50036684
-22.41012823
-20.30735720
-18.56832930
-18.82862373
-19.00253296
-21.21350253
-20.82315129
-20.94901177
-19.09037835
-20.92528890
-18.33979501
-19.21270574
-18.17629800
-20.12667354
-19.08105095
-19.27980141
-18.32590499
-18.61309164
-18.50599884
-20.99193814
-20.88216643
-21.33918978
-21.05462769
-20.94316515
-20.74184119
-19.21194733
-19.80507401
-19.01518704
-18.92055189
-19.29892166
-21.47200392
-19.89846730
-18.30090608
-18.40563828
-18.58636581
-20.76878294
-20.00392640
-19.27861340
-18.96404285
-18.27064039
-18.82022734
-21.12666025
-21.50538467
-20.25115829
-19.48159553
-20.74624932
-18.15564947
-17.74145150
-19.49833362
-19.55353465
-18.64151205
-18.68346409
-18.42792640
-20.11536462
-20.47385656
-18.62770183
-20.85275560
-21.50490356
-19.31909386
-18.81225412
-19.21602347
-20.57415805
-19.12907613
-19.10544092
-18.98434713
-20.86971790
-18.23809242
-19.03782391
-18.24620481
-18.72630155
-18.78900660
-18.24200701
-21.61028711
-18.40152874
-20.57431374
-17.72599773
-20.21098130
-19.16278893
-20.49869054
-18.94308363
-18.81950674
-17.94219849
-20.85280920
-18.44491003
-21.27209638
-19.69839435
-18.71531044
-26.61617823
-26.80229617
-27.37149128
-25.77251723
-26.22989609
-25.99654916
-24.06850372
-24.85409759
-24.19793700
-26.35607842
-27.29007061
-25.50672424
-25.19413127
-27.11791133
-24.40344271
-26.65456208
-25.39110350
-26.45198827
-26.06121262
-26.20261144
-24.63685306
-26.99667878
-25.64912800
-26.35229259
-25.54201409
-27.05433414
-26.54305400
-26.73912360
-26.87822775
-26.45333428
-24.74387396
-25.69056534
-24.83009460
-26.56374913
-27.19863196
-25.22469883
-26.47624056
-26.21058429
-26.81426707
-26.89271404
-25.92002350
-26.42378238
-26.42080338
-25.43402574
-26.64830818
-25.87661998
-24.64336185
-25.04959719
-26.85467291
-26.92996824
-27.48470830
-25.10370087
-23.44004267
-24.81501386
-24.89652697
-27.20862421
-26.58204012
-24.20862507
-27.32214550
-25.03414819
-26.13556623
-24.27705420
-25.66040837
-26.57401469
-25.61894931
-24.35726727
-24.22888288
-23.55725180
-22.47610033
-23.27698414
-24.78950132
-26.22550153
-27.00066691
-26.65215261
-26.68249883
-24.91574591
-26.65788277
-27.29581256
-25.30697790
-26.90655059
-26.81577187
-26.24128555
-25.14774433
-26.81591416
-27.17930658
-26.60627476
-27.29420276
-25.22353773
-26.89174288
-25.33362449
-26.66139187
-26.75182191
-27.30300961
-27.35038844
-26.38248149
-27.19412855
-24.54464647
-27.59029835
-25.81273998
-26.91284624
-17.79821307
-17.46826781
-16.80329953
-17.19509558
-19.04681034
-18.91020637
-16.22481761
-17.20519426
-16.57451878
-18.88784692
-17.53486045
-17.27587083
-18.74193058
-17.59039058
-17.46345939
-18.04937752
-19.74050105
-17.29754567
-17.85258673
-17.01168671
-17.36614407
-18.17807126
-18.33007460
-17.67274816
-17.58994494
-17.32857652
-17.55365099
-18.63591325
-18.17738366
-17.55425442
-17.94914696
-17.84693110
-18.21555372
-18.62914927
-17.97238123
-18.32857852
-17.71609849
-17.46479989
-18.20772809
-18.31749557
-18.60242434
-17.63300233
-18.16535565
-18.27191009
-17.92428595
-19.42293181
-19.20041595
-18.22286926
-18.42693050
-18.01164248
-16.03817244
-17.09759661
-18.54198959
-17.96331143
-17.96168811
-14.94203900
-15.48025549
-15.98441118
-18.33698519
-16.43115867
-17.84774599
-19.60643581
-18.81314115
-18.78692216
-20.04209523
-19.04340336
-18.75988165
-18.87194772
-17.77898359
-18.91844826
-17.89839132
-19.38191483
-17.69888377
-17.25236330
-18.04021696
-18.20186241
-17.29431728
-18.07154560
-17.74816985
-18.53576738
-16.34277583
-17.53753059
-18.16067400
-17.54849341
-18.89793320
-17.86154687
-17.65989892
-17.84148521
-18.22979537
-16.57304432
-17.42374011
-17.60900938
-18.45295614
-19.17545067
-17.95643983
-18.58800186
-17.94063722
-18.28085125
-17.72739369
-18.06620127
-22.76034687
-24.15161421
-21.18399163
-24.21316400
-24.40548771
-23.66491889
-24.66971885
-23.14892397
-24.50724013
-24.24284714
-24.10731033
-24.25123152
-21.12400259
-20.29658424
-23.71365962
-24.23768249
-25.05924805
-23.63557039
-25.20194534
-24.33451887
-24.70800495
-24.64500957
-22.99639117
-24.18800694
-22.85082549
-22.50825116
-23.15392903
-23.91964303
-23.95743145
-23.57166613
-23.44370952
-23.40643301
-23.96654203
-24.66565958
-23.96328533
-24.88872952
-24.24559825
-23.25053022
-23.33856462
-23.30430339
-24.75015303
-23.54672461
-24.41323060
-24.65353157
-24.22364042
-23.46142026
-24.06149494
-24.89541633
-24.46639227
-24.63018351
-23.47876462
-23.58255488
-24.33245039
-24.49715511
-23.36921661
-24.69851622
-23.95943948
-24.70158995
-24.06291819
-23.09881738
-24.61924067
-24.85645447
-20.68526565
-23.22973040
-22.44235973
-24.13840615
-25.01905236
-24.71818531
-24.74188912
-20.17584676
-24.31460116
-24.60208475
-24.16079565
-23.72075155
-24.17614078
-24.41280593
-23.55665025
-23.66900060
-24.93746092
-24.47667916
-24.33466923
-24.68840305
-25.12407347
-24.52618237
-24.94961136
-23.20728776
-23.60993961
-24.55138095
-24.56830912
-23.31272455
-24.05142649
-24.43315545
-22.05225516
-25.37584363
-24.71773687
-23.69529726
-25.15189175
-23.82773600
-24.58578254
-24.46895741
-13.80376928
-14.20259505
-16.02091050
-17.16475758
-16.68809126
-16.57211426
-16.83038865
-17.66505231
-17.83063999
-13.89462593
-16.96590976
-15.55407539
-16.62292513
-14.46788749
-17.01142316
-16.14872243
-15.44899200
-15.79344554
-16.51810847
-16.98454378
-16.36818089
-17.20398029
-17.41071773
-15.55222748
-15.28246291
-17.34796444
-16.11591972
-16.15662177
-16.03643166
-14.59412715
-14.84177052
-14.75125025
-17.12083003
-16.83647162
-17.06396273
-14.24300884
-16.79805079
-18.06244696
-17.04976328
-17.34216345
-16.76079642
-16.43834413
-17.06440789
-15.26068312
-14.82390241
-17.02058703
-16.14553522
-17.16052755
-16.21040816
-17.96073298
-15.86011333
-13.18013683
-16.85155660
-16.79259814
-17.41398061
-16.15527795
-17.01141011
-16.35588810
-16.91278448
-16.66529484
-16.36063719
-16.38435909
-15.65586858
-16.51485413
-14.98679334
-16.74038272
-15.66730873
-14.59183071
-16.08839077
-15.04867282
-17.13255776
-14.11498557
-17.19738513
-14.65966734
-12.12815900
-15.73543021
-14.58810812
-15.22094481
-15.41371996
-15.20130080
-17.20815369
-14.50269150
-16.56437091
-18.16523016
-14.19410556
-15.92776173
-16.65415450
-16.03297529
-15.83213736
-17.61376950
-15.09840266
-16.58889794
-16.42703594
-17.27209502
-14.06524262
-16.43246766
-15.63508908
-15.35360365
-16.13115758
-13.59128398
-31.81336215
-32.97284663
-33.92919783
-33.36159717
-32.01561806
-32.87106283
-31.88632387
-32.15112623
-31.46736431
-32.24881130
-32.25162638
-31.82200456
-30.79479641
-31.75940999
-33.63154734
-31.31277241
-31.30298237
-31.59843992
-32.49786578
-32.17156259
-30.15710125
-32.16147990
-31.03248528
-31.89477620
-31.93658024
-31.51246088
-31.48092581
-29.13928102
-31.87562182
-31.40536582
-31.75969570
-31.24670473
-30.78968272
-32.06075909
-32.35414234
-31.00833483
-31.40921608
-30.72950806
-30.70396681
-32.05347481
-33.02370401
-31.81334850
-32.87222721
-31.68113037
-31.49962820
-34.63389378
-32.80921354
-31.48930094
-33.57666063
-31.25853887
-31.10561687
-31.82426648
-33.85190680
-31.10638537
-31.73883723
-32.40884519
-32.15510715
-31.82891438
-32.59020807
-32.65403215
-31.11757937
-32.25760993
-31.41909829
-32.18282263
-32.85025581
-31.58210579
-31.65801338
-31.19903496
-31.21743463
-32.05752844
-30.83994847
-31.03608589
-29.05624576
-32.09715382
-30.11632954
-30.69053651
-32.50446249
-30.77971274
-32.05702530
-30.70874624
-29.91552899
-28.80029595
-30.66750262
-29.52548497
-27.94563891
-30.87111815
-30.80110972
-29.64936690
-31.79621477
-30.17230840
-33.15575339
-31.10644260
-31.66223132
-31.63961612
-32.01125098
-33.41340820
-32.72363689
-32.25814383
-29.74442080
-33.40173712
-16.99149660
-18.36910346
-20.07208538
-19.28028628
-19.22372466
-21.42113298
-18.20294676
-19.73417719
-19.91864753
-19.20654461
-20.09082190
-20.35272161
-19.79735449
-19.85011209
-20.45958310
-20.07983209
-19.37499890
-20.89094662
-19.74710395
-19.40444084
-20.46010012
-20.21823124
-18.15622006
-17.86856185
-17.89521342
-17.43308061
-17.44342292
-17.74625480
-17.39106363
-17.51833795
-17.44275371
-19.78979653
-18.53915034
-19.54040084
-19.97802273
-19.84921616
-19.52634293
-18.51670366
-20.10658399
-18.71230756
-20.00215455
-19.66933112
-20.03490910
-19.89352627
-19.73351597
-21.19022850
-20.48975757
-19.73880267
-19.98879182
-19.70310529
-19.35666768
-19.60010746
-14.68068522
-19.96358486
-18.79571804
-19.74531018
-19.99887441
-19.85908032
-20.74871060
-19.26572071
-18.89143369
-19.86338273
-19.45870042
-20.27078743
-20.10682502
-19.95786123
-20.25385584
-19.83885695
-20.07846118
-19.83295344
-18.63340369
-18.09409659
-16.64518383
-15.80492185
-16.08507303
-15.76634306
-16.34522362
-16.54022569
-16.28819558
-17.61808944
-18.18369269
-19.42205212
-19.49611558
-19.40488277
-20.22241742
-19.36117446
-17.68200481
-21.19226603
-18.38102201
-19.58401713
-19.10475909
-21.49998047
-20.04670488
-20.70689098
-20.32570425
-20.06735039
-19.68483666
-20.31813834
-20.77652609
-20.14964458
-21.46113128
-20.80821862
-23.21312096
-22.61850998
-23.71957274
-22.41937020
-22.55633946
-21.69638836
-23.40252342
-20.39364789
-20.04225949
-21.27780266
-19.48170186
-19.96472614
-19.54489863
-19.86659832
-21.44114434
-19.90990189
-20.01276549
-21.18050670
-21.14822763
-21.88690653
-21.37002520
-21.42815737
-21.52357595
-23.05887211
-21.22937531
-21.41154360
-21.93172146
-20.61322391
-21.97087509
-19.47861257
-20.95101443
-21.48883868
-22.22980825
-20.86214018
-21.77272345
-22.21214929
-22.00217226
-21.91576854
-22.28749674
-22.29166353
-20.85885481
-22.34226419
-22.36515198
-21.12849667
-21.78783015
-22.26170480
-22.44457850
-22.21316396
-21.74430385
-21.23136815
-21.22523929
-21.50585513
-21.19473135
-21.56292940
-21.61184252
-21.37751113
-22.24926431
-21.02785281
-21.23177496
-22.35285238
-21.57036925
-21.38318640
-20.23614452
-21.63038794
-21.05238891
-20.95268961
-22.38369252
-21.15946427
-21.52132831
-21.31394867
-21.83437234
-21.58306738
-22.02527961
-21.22997015
-20.98887000
-21.33989571
-21.70979735
-21.72916207
-21.08141692
-21.78955355
-21.96873584
-21.63426696
-21.24546214
-22.18857706
-22.60571370
-20.95593332
-22.02452127
-20.98983902
-21.19593022
-24.56300040
-22.06809234
-21.39684487
-21.69854366
-22.05424197
-21.71734448
-21.24266294
-21.92499036
-22.41904472
-19.43708073
-19.69935524
-17.56458226
-18.09001606
-16.98818291
-19.32297774
-19.49911879
-16.64263714
-17.38404973
-19.80507466
-22.23470804
-20.76591108
-21.59249118
-21.39783463
-20.22145176
-19.80396868
-22.33980716
-19.97703145
-21.62582166
-22.01090116
-22.15447251
-20.53244826
-21.37566664
-23.04429251
-21.08150718
-21.68208075
-20.04128260
-22.66621695
-21.95557157
-21.30754194
-22.32983676
-20.40180631
-22.28443351
-21.09910790
-20.99478401
-22.23488367
-21.26854374
-20.84538076
-22.10863335
-21.21264749
-22.74546634
-21.62169781
-21.71783652
-22.27341154
-23.29109504
-20.07649917
-23.32669161
-23.85804869
-20.60506782
-21.72641803
-19.78840298
-21.12206247
-23.64366456
-22.56455976
-21.56898631
-22.37967204
-21.48935494
-19.38101197
-19.77289475
-19.17474225
-18.41399976
-20.52546116
-17.33207820
-19.33488532
-18.53014920
-21.86163222
-20.00489434
-21.05798957
-20.98308384
-22.82826409
-21.94137344
-24.24488248
-22.37474956
-22.90137246
-20.21909169
-20.41946313
-19.88754614
-21.91438677
-22.17757350
-21.03196130
-20.65253184
-22.66482620
-21.97146840
-22.87862436
-22.83338151
-22.83670654
-22.34817876
-22.06495517
-22.66751592
-22.48675663
-22.17170570
-21.33458271
-22.68915432
-22.40484626
-22.71587876
-20.85324956
-21.46707837
-21.49625525
-21.27595828
-21.43373678
-23.84370298
-24.68003587
-25.08153151
-23.80165589
-19.58658285
-24.48693726
-25.31605814
-25.33064012
-25.00004697
-25.25401881
-25.43415314
-24.22676638
-24.78944359
-26.52246464
-25.24144146
-24.71944415
-25.33825411
-24.86742099
-24.94649865
-25.37365789
-25.93781405
-25.97074237
-25.52939720
-25.59545758
-25.22339589
-25.53592477
-25.66726109
-26.16776179
-25.89483331
-25.35799178
-26.63552833
-25.20615508
-26.42818126
-26.16946838
-26.88707240
-22.59540136
-25.64606135
-22.98473229
-19.89254557
-20.04742340
-24.35525541
-25.45729385
-25.05687176
-25.46385629
-24.84131121
-25.49292145
-25.06685944
-23.43457118
-25.43613698
-25.01021981
-25.04732616
-24.03593057
-25.20186927
-24.54621352
-24.85759703
-23.39756859
-25.61908860
-25.30385054
-25.74901682
-24.50029505
-24.87780043
-25.76983477
-25.19897195
-25.44372817
-25.21094475
-25.86631586
-26.31108733
-26.06867888
-25.72396489
-26.43148237
-25.94278267
-25.21610643
-25.73548010
-25.41275899
-24.43209518
-26.77279775
-26.74725459
-26.54237519
-25.88008184
-25.12504067
-26.14707839
-25.87576647
-25.57903518
-26.37368282
-26.66548234
-25.52459349
-26.51666309
-24.83342566
-25.12226055
-26.45327686
-24.90688066
-26.14227745
-25.24328915
-25.02113392
-26.05086921
-26.14329150
-25.00779179
-26.19278064
-25.71774702
-23.53913345
-24.37856150
-23.90919353
-23.99550457
-24.39140875
-23.50423914
-25.20073754
-24.18233524
-23.87376867
-24.26530228
-24.89041053
-23.45013731
-23.47818749
-23.74376556
-23.87398085
-25.23160719
-23.98264918
-25.33928817
-22.91326541
-23.73110162
-23.45960950
-24.09339352
-23.76183665
-24.22547636
-22.91739287
-20.57036366
-24.15650690
-22.98514409
-23.76490533
-24.53588437
-23.73288326
-22.41135042
-23.29100696
-23.87296152
-23.81500295
-23.74290308
-26.03376084
-24.29319369
-25.26094218
-23.83486259
-23.81023850
-23.22877422
-23.40442752
-23.54177359
-23.97495380
-24.48695413
-25.51824119
-24.10083408
-24.34057373
-23.93944776
-23.93038151
-24.13602618
-23.04117157
-23.29024970
-24.38613395
-24.08634775
-24.21960382
-23.86130909
-23.54481126
-24.01494875
-23.61104844
-23.20229778
-23.37076992
-23.64565983
-23.91459951
-23.49245456
-23.81810306
-24.31728689
-26.15858537
-22.97357374
-24.22410392
-24.14539157
-24.45682247
-24.25440134
-24.68546120
-24.75566734
-23.66080438
-23.94541522
-24.08171113
-25.20845969
-23.70836150
-24.62493002
-23.57487201
-24.50680201
-23.80565406
-23.87831806
-25.31796307
-23.52730397
-24.15754184
-24.24979173
-24.18195277
-21.38521009
-24.27637243
-24.48663409
-23.13613972
-23.76170031
-24.40934426
-24.16645291
-24.88674287
-23.73282074
-23.91362376
-14.27306965
-14.75763461
-17.03614650
-16.60522096
-15.91274620
-15.04757115
-17.29825710
-16.15710188
-16.32809083
-15.29902946
-17.53868146
-15.04240505
-15.40176560
-15.77375389
-17.02992927
-16.79309755
-15.81219577
-13.89850332
-14.50598233
-15.29494358
-15.16599770
-15.20881357
-16.51621196
-17.70000872
-14.45257120
-16.21388108
-16.16380548
-15.79226364
-16.57960925
-15.86748848
-17.06929734
-15.00393648
-15.87476490
-17.65723620
-16.47479627
-14.01765976
-14.64335100
-16.13807573
-16.63576154
-15.83369255
-16.85562596
-14.80091703
-15.06114352
-16.55300245
-16.15158455
-16.01508156
-15.50867843
-15.64019598
-14.93757025
-17.82045411
-14.21868352
-16.01867643
-16.08779917
-17.67880681
-15.24942066
-15.46916909
-15.83661557
-15.69372080
-13.88899394
-12.96587296
-13.10882964
-13.64492896
-15.14973881
-13.93086202
-13.17180098
-16.66179748
-15.00503021
-16.67506659
-15.90942786
-17.09861330
-13.97012787
-17.24748332
-16.34105831
-16.25294632
-17.23250340
-15.97473245
-14.94593450
-16.09767648
-16.10299004
-16.23511135
-18.02366864
-15.47549950
-14.74953851
-17.03768056
-15.88216161
-17.52673441
-16.14090401
-16.36290245
-13.85908070
-16.69207621
-15.39572009
-15.44081344
-14.94301792
-15.83285220
-16.81210449
-17.41813966
-16.45428319
-14.64786567
-17.40685082
-16.95614614
-25.38222992
-27.42862528
-25.36813839
-26.96051348
-23.64729026
-25.15905942
-25.64924078
-25.97501652
-26.84309781
-25.28439485
-23.82328859
-24.86588831
-24.91986127
-24.60950195
-26.49695146
-24.00988516
-25.00955182
-24.65216204
-24.61502933
-24.56854170
-24.81722743
-24.36164809
-24.30872971
-26.43724363
-25.09728647
-24.73523725
-23.88675757
-22.88074307
-23.40199132
-23.94735731
-23.96768552
-23.74631343
-22.61564102
-23.12644942
-22.35239268
-24.59930906
-24.19065879
-23.95879266
-24.45185958
-24.65593770
-25.84693709
-24.36431588
-24.63405361
-24.88730052
-25.59396285
-24.43789553
-25.08043199
-25.23821378
-26.34780268
-25.61727263
-23.81736160
-24.82762776
-26.20792029
-23.08505821
-26.21748462
-23.48953280
-25.23527057
-26.03146125
-25.91058920
-24.94754653
-25.14725570
-22.20614473
-26.74699968
-25.92878552
-23.90401517
-23.92119149
-25.28865737
-24.30278066
-24.32442278
-24.51071927
-26.66222940
-24.30811842
-24.81624611
-24.68250150
-25.22810708
-24.73708052
-25.06308526
-24.71696097
-26.35428148
-25.94831211
-25.82797816
-26.46776678
-25.62184749
-24.26117364
-25.74774436
-24.50654861
-23.71527750
-24.70142485
-24.79524996
-24.92187080
-24.60999922
-24.38695298
-25.35599537
-24.81346845
-24.10401875
-25.76552314
-25.54874134
-24.83359868
-25.90499491
-24.39764473
-14.52774432
-13.92810865
-12.79477057
-13.08380177
-15.57666720
-14.63997411
-13.92220408
-15.42588126
-15.04670638
-13.56438163
-15.10361815
-14.57381781
-15.06355116
-11.89190726
-12.79139996
-12.90592626
-14.68668307
-15.42290819
-15.01123105
-13.70015268
-13.59247465
-14.20305205
-14.25993523
-14.00849138
-13.85342605
-13.98998744
-14.30436878
-13.71214214
-15.08811356
-15.35478253
-16.39785548
-14.08751714
-14.35237825
-13.92023449
-14.77463631
-13.79246939
-14.46218699
-12.96182636
-14.63369333
-14.81058965
-15.35458446
-14.13482421
-13.63076048
-14.73902767
-14.30706137
-15.31284195
-15.16368594
-15.04431783
-16.35881877
-14.38070873
-14.15067209
-13.98776374
-13.21659389
-15.03563604
-15.96380944
-15.07826812
-14.36940318
-14.32898205
-14.11442342
-13.90205461
-14.91924847
-14.50717794
-14.55748016
-14.42320659
-13.39376891
-15.42243495
-14.68518587
-14.19032236
-14.87811704
-13.35075585
-14.42760996
-14.47410585
-15.10603148
-14.43382135
-14.40375564
-14.21488912
-14.88107167
-14.53748289
-15.67804016
-14.90165626
-12.90220620
-15.04131473
-13.14315977
-15.26815272
-12.25547222
-13.06318033
-13.70330153
-11.62172295
-12.27299889
-14.73138521
-14.03441670
-13.41572843
-15.32343996
-13.29730403
-14.18244591
-13.67885248
-14.41294588
-13.39193824
-14.44768407
-14.87029658
-27.64105267
-23.61407437
-27.47479062
-22.87098842
-22.75414158
-27.83230665
-27.58725082
-22.03980951
-24.84704975
-27.80133645
-22.34442218
-22.36178249
-22.67632789
-23.44706401
-23.07018116
-22.81462047
-22.67519820
-26.25724330
-25.49213329
-22.47991321
-25.35749917
-23.24258959
-22.73826140
-20.78829449
-22.55334007
-22.77307589
-24.07818380
-22.91289152
-23.34517581
-28.27000943
-22.80708468
-27.90941416
-28.25394017
-23.58322277
-22.55841699
-22.82352210
-23.32428078
-25.66511570
-26.47402828
-22.82747693
-26.10756613
-27.08437776
-22.68676687
-26.18108994
-22.72979017
-23.26018419
-21.59811710
-27.07405575
-22.77619589
-24.94800961
-25.07341223
-22.92397470
-20.61638333
-19.49829190
-25.21808562
-21.98743738
-23.26110767
-23.39120491
-27.39367357
-26.48347990
-24.65495713
-22.77176116
-23.07426335
-22.71979601
-27.11694555
-22.31528982
-22.80186410
-23.18265680
-23.13242680
-22.47683915
-23.39252078
-22.24369818
-23.21805065
-17.11922066
-18.29588938
-22.58434951
-27.55936601
-28.07739364
-22.53874475
-26.22908725
-23.09095870
-21.97564368
-22.58956509
-22.26429706
-27.88746405
-22.73458644
-27.46682960
-22.77785627
-22.97708439
-28.21067015
-22.74866181
-23.61882354
-23.32916527
-22.33475110
-23.04544293
-27.60466329
-28.30854558
-21.83663189
-22.50376049
-22.39743366
-13.90363613
-13.70928993
-13.98716386
-11.91071780
-11.23426653
-14.30220178
-12.72886945
-14.27114729
-14.61108655
-11.90644877
-11.45263699
-12.05834246
-11.61737811
-11.64516918
-12.21637436
-11.54849166
-11.16939942
-12.23371645
-14.34313128
-13.93427781
-14.12159788
-12.55465911
-11.71413827
-11.85076442
-11.97169793
-11.79531311
-13.80178845
-13.64084145
-11.20799039
-11.60041371
-12.16295636
-13.34532025
-15.23099186
-12.26970577
-13.57985171
-13.43794949
-11.55445579
-11.33262727
-11.79096981
-11.42200734
-11.60310968
-11.48100232
-14.12227012
-14.17038976
-13.38731543
-11.24943046
-10.94960558
-12.14357988
-11.83151461
-11.30214282
-15.84027759
-11.81446551
-12.04772476
-11.08314177
-15.81338305
-11.32677868
-12.32808476
-11.76472877
-13.85505812
-12.29815695
-11.19114271
-12.09319558
-13.30042641
-12.18227336
-13.65996647
-10.85940380
-11.63040688
-11.57859153
-13.51570470
-11.93688491
-16.00465262
-12.01725089
-15.56947787
-11.77671147
-13.62684465
-13.69683791
-14.39873227
-15.33067551
-13.52234417
-13.49878768
-11.71440448
-11.39437371
-11.96169292
-13.28717323
-11.71392835
-11.22932292
-11.53865190
-13.94305716
-12.65787814
-12.44178183
-12.94130159
-11.52411542
-14.12858336
-12.12861016
-11.12211462
-10.88452933
-13.24990811
-11.65555097
-11.41575756
-11.94552474
-15.73512843
-15.49062419
-15.32281843
-15.53704791
-15.96874140
-14.38649850
-14.71139497
-15.92198159
-15.19040548
-15.52572884
-13.50934384
-19.19476647
-15.30896649
-15.00039575
-14.69945634
-13.87547166
-14.49266898
-15.04692372
-13.98903689
-15.37307657
-15.38205884
-13.95876767
-15.15303238
-15.61162232
-14.93674824
-15.69167247
-16.04905672
-15.01365089
-15.47762271
-15.94223310
-16.09850646
-16.00428231
-15.24084417
-13.55485635
-15.18697969
-15.18027177
-14.80841509
-14.19139410
-15.16686831
-15.27795837
-15.35120256
-15.23570034
-14.90301817
-15.48489798
-17.04922642
-15.70124852
-17.06533877
-15.84444663
-15.51443735
-16.42635332
-15.04778478
-16.04768894
-15.75119146
-15.56235949
-16.11302856
-19.39966672
-14.62806824
-14.48201502
-13.76875198
-15.35864634
-15.11144709
-13.41417964
-15.02932480
-14.36607680
-14.32323822
-14.45203792
-13.78865330
-14.64670165
-14.99593691
-15.05137471
-13.97596174
-15.49510338
-14.45101564
-13.60774040
-14.07409671
-14.02616585
-14.23496560
-13.54919544
-15.81489027
-14.91979443
-19.03173391
-15.17117485
-14.72474551
-14.94326860
-14.13095737
-14.70135455
-14.63384721
-14.10177132
-15.00791425
-15.18805302
-14.58490376
-13.86776643
-15.57603643
-15.66028320
-16.32982343
-15.67408485
-17.21296859
-15.13453948
-14.42714970
-15.59968352
