-11.79250362
-8.33134809
-10.56449102
-10.91263512
-8.59944549
-11.18868113
-9.78403217
-9.89391966
-10.01833712
-9.98628127
-9.44942831
-9.65201130
-11.64487313
-9.78722845
-11.50261860
-11.81641538
-9.93020676
-8.63402710
-10.95496922
-8.57819815
-11.34375878
-8.63733708
-10.15188235
-8.60427900
-9.49481287
-8.11177061
-9.74159374
-8.22010625
-8.79089609
-8.49930459
-8.58569246
-9.43863254
-10.93914484
-9.56242150
-9.96832532
-8.72411832
-9.30652409
-8.66028600
-8.51781541
-12.04347401
-9.82663900
-10.75963624
-9.95789842
-10.59135384
-9.71037363
-8.82692661
-9.77701713
-10.19923865
-8.67410897
-12.56252453
-12.40457447
-11.92188165
-11.19567853
-9.59033442
-11.11331899
-10.80421612
-12.23026177
-9.70548919
-10.05988402
-9.43264372
-8.18479512
-10.19070361
-10.14477725
-9.73646238
-10.21618806
-9.82938417
-9.31278849
-10.25348918
-10.78058490
-9.40546799
-9.79189369
-9.60743551
-10.84328798
-9.23663288
-8.65927947
-9.49255613
-11.73263210
-10.86033305
-9.67059928
-10.19140218
-10.23351542
-12.96297439
-8.53200137
-9.70420543
-9.89810483
-8.49867413
-8.66242057
-9.08727254
-11.38646981
-11.21262723
-9.26264382
-9.96889536
-11.73519320
-10.08651622
-7.95053563
-11.19324427
-10.52825308
-11.37161488
-12.14397281
-9.62699872
-12.94277796
-11.40017101
-9.42287307
-9.98237080
-10.30452483
-9.97785249
-10.00697623
-10.00221443
-9.34719945
-9.28687595
-10.13586397
-9.72710322
-11.73267713
-9.63579773
-10.88811751
-10.29784533
-9.82475731
-12.62016004
-9.20914299
-11.60462928
-10.00582188
-10.16115089
-10.22680604
-12.86732431
-10.17690015
-11.09528645
-10.58368924
-12.75055124
-11.34708195
-10.39834012
-10.26681536
-8.66177177
-8.70266382
-8.68236846
-9.24919280
-11.98142544
-9.22270727
-9.90006152
-9.28187301
-10.79354570
-8.34031708
-11.74396206
-9.78371700
-12.00751878
-13.02509473
-8.67150688
-9.92357360
-13.63099526
-9.68626427
-10.09942990
-10.53908006
-10.60860464
-10.85613542
-11.18470212
-9.97784417
-10.06190163
-10.13375295
-10.14933548
-10.74356599
-10.12537890
-9.08895348
-10.32458716
-10.29074422
-9.87165650
-9.12966659
-11.35070299
-10.01603291
-11.12138178
-9.43307426
-10.94770374
-11.23852137
-10.72592673
-9.55889281
-10.13099661
-8.45504882
-9.87669569
-10.03965753
-9.34288429
-9.21046602
-12.31271015
-8.43427211
-12.14481340
-9.95230857
-9.47706888
-9.22787876
-10.85935115
-9.62433108
-9.10513098
-10.71522303
-9.73315793
-10.19858723
-12.16397963
-9.90600223
-11.09196815
-12.17425559
-12.08656443
-9.76787931
-9.01450574
-11.35717616
-8.98197671
-12.11040011
-11.92539422
-12.23115487
-11.53490147
-11.63593177
-12.32670226
-15.11444371
-11.97492995
-12.19482632
-11.35058108
-12.30467161
-13.11161412
-11.80103886
-11.91086911
-11.61365539
-11.67013491
-11.98631144
-12.47210585
-12.58041475
-11.68083988
-11.46482013
-11.45325844
-12.01710030
-15.37938687
-12.14365264
-11.49588182
-12.93357503
-11.97962781
-11.65994015
-15.26384461
-12.36403439
-11.71412974
-15.45732381
-11.89311458
-11.74934129
-10.79212477
-11.47192884
-11.90357623
-11.45189822
-11.11803236
-11.62298824
-11.04724373
-11.43434260
-15.43076811
-11.21730405
-12.17032266
-12.36039446
-11.79826294
-12.63916088
-15.31892650
-15.46685181
-11.78598307
-11.92877674
-14.70391877
-15.25799985
-12.98773237
-14.96333548
-12.22379649
-15.41836624
-12.50844793
-11.70611734
-11.39699185
-14.69633934
-13.24358461
-11.96488591
-11.68125952
-12.19315178
-15.49549724
-12.35372285
-11.75255831
-12.03796546
-14.11629917
-14.95714163
-12.69409724
-11.56576699
-12.01354673
-11.78263851
-12.02907671
-12.34557220
-11.81302213
-11.43032570
-11.57249679
-11.70905217
-11.86918520
-11.55620883
-11.23010452
-12.08954207
-12.46631464
-11.76026710
-11.15621741
-12.27714572
-15.20517316
-14.96838392
-12.03870725
-12.24883367
-11.55816291
-11.49890573
-11.95713882
-15.63820682
-12.13233520
-14.26233925
-15.93416572
-15.10353840
-13.27142252
-13.79846672
-14.64042122
-16.24252727
-15.51240185
-12.59206351
-12.10604090
-12.62396713
-12.69914229
-12.02018528
-11.69126359
-11.65626196
-13.15356099
-15.64042179
-13.31129224
-13.68233101
-15.50465818
-14.34349947
-14.10782934
-14.00700047
-14.28233252
-15.51835445
-14.63306788
-15.67585420
-14.66325838
-13.61531335
-15.11290339
-14.58248138
-16.74362136
-15.99156516
-15.29858706
-14.29605890
-16.40232041
-15.99509304
-15.69839666
-14.76200077
-17.16511116
-12.42356771
-12.09512863
-15.02614161
-14.23271247
-17.10478255
-15.89673000
-12.41878034
-13.81482825
-12.24837370
-14.57747983
-11.61745445
-15.99770603
-14.79371164
-14.71338215
-16.24740513
-14.64039379
-12.50938369
-12.12507497
-11.83712553
-12.27921025
-14.57256909
-12.95527998
-13.61278248
-12.47297777
-12.99010816
-12.53256167
-12.92456394
-14.41729142
-13.15665349
-15.18463739
-13.70761146
-12.94602142
-14.79904582
-15.67583677
-14.80203220
-14.18961384
-15.19218403
-11.50058555
-14.25665808
-13.85192461
-15.52091509
-14.42516955
-12.92350815
-12.58865662
-15.01598713
-12.04592322
-17.23643116
-14.58943283
-13.69970806
-15.19033992
-13.19488808
-12.75189633
-13.46318013
-14.64255764
-14.28482637
-15.89436180
-13.02028132
-13.83229842
-14.38638899
-12.09807235
-19.72610436
-24.14842076
-23.05869707
-22.99183976
-23.74793435
-23.45369741
-23.75289422
-23.42379690
-25.63390139
-23.60146676
-23.87429871
-23.71676996
-22.13181624
-20.87766379
-22.92566605
-22.92260203
-20.57744496
-23.63575474
-24.40720621
-23.65390256
-20.52461230
-22.14529825
-19.95584665
-22.15741706
-21.30888263
-22.63631602
-21.12340805
-20.34563805
-23.50096957
-21.68414855
-24.26321389
-23.89661180
-23.74386201
-23.46586220
-19.48694201
-23.37308006
-21.06160800
-23.28860114
-23.78546924
-24.56920736
-23.85942896
-25.04447817
-23.85096926
-24.30815363
-23.47186174
-21.80543065
-21.44041620
-22.50928311
-21.42122826
-23.31980461
-24.65220418
-24.95739667
-24.01879136
-22.96920591
-22.86265828
-23.40602901
-23.46883072
-23.26075348
-22.94538366
-22.44579646
-19.47811493
-18.21925349
-20.08910048
-20.20582786
-19.39485695
-22.31325038
-21.29166146
-20.16779155
-22.20959962
-21.99422664
-21.12282291
-21.77923947
-20.99749691
-23.27019715
-20.20632248
-22.00310639
-21.17128274
-24.61208082
-20.73981368
-20.75995614
-22.04961499
-25.98019791
-22.57365800
-23.34369105
-22.83961449
-23.46450792
-24.89616810
-23.69610510
-18.72990578
-16.58652748
-18.50495751
-16.41270224
-19.77202629
-20.55050047
-21.42407997
-20.83882880
-19.66175173
-19.62078550
-22.77819787
-19.93649662
-16.66339353
-16.50582872
-17.42265972
-17.23315386
-16.92816724
-16.27431952
-16.99916850
-16.49271720
-17.58090473
-17.06649374
-18.95250771
-15.51191576
-18.61501405
-17.31885601
-16.38952571
-15.02545037
-16.56284807
-16.41067370
-14.22827800
-16.16849313
-16.97170545
-17.45436268
-16.20862519
-15.07701241
-17.99374692
-16.96255814
-16.58548265
-17.04103482
-16.75892457
-16.73970897
-13.89537941
-16.91418994
-15.01167415
-17.11997106
-15.07674546
-17.29648758
-16.57966551
-16.39563909
-15.83063038
-16.61660576
-17.07589313
-15.65062406
-15.94047953
-17.84861272
-15.92827035
-16.86140342
-19.17708567
-19.04375498
-15.81520465
-16.91012000
-15.25625141
-16.00172552
-15.82013833
-16.92131959
-16.00146620
-19.04305004
-16.52871381
-17.21571392
-17.47008432
-16.07917353
-17.16153130
-16.53189811
-16.69236233
-16.92344648
-16.87897396
-15.90772700
-17.65214649
-16.29689196
-16.72595490
-16.80445437
-16.92634370
-16.77073432
-17.54299835
-16.66677994
-17.34661179
-17.23925307
-16.88179210
-16.13475818
-16.66456837
-17.39743427
-15.97116064
-19.09206965
-15.14596839
-14.29919619
-15.05477203
-16.44147458
-16.17749097
-19.14288279
-16.90508931
-15.65006662
-16.24344575
-18.75904110
-14.81405084
-16.69837623
-16.23870317
-16.93123087
-14.87235935
-16.78082031
-15.52155234
-16.13930209
-21.89650996
-23.13387611
-22.59319811
-21.32818571
-22.62267885
-22.69963326
-22.55759605
-22.73870284
-21.28731093
-21.99295918
-22.30860448
-22.85764031
-23.00566791
-22.82152784
-22.03090654
-23.37289595
-23.65974316
-22.12785088
-22.31149260
-22.93031024
-22.82230889
-22.78270841
-21.72632387
-22.87210813
-23.05240015
-22.64577408
-23.04779808
-23.03115574
-22.55802914
-23.26689217
-22.24553493
-21.13361176
-20.93576803
-21.17091327
-20.55306122
-22.16198592
-22.36444515
-21.24930379
-21.92513050
-21.73354190
-22.52247486
-21.28894950
-20.56559745
-22.52489020
-20.74451503
-22.03885803
-17.89037120
-22.25553197
-23.23398751
-22.66249414
-22.78487690
-21.35671072
-22.22142399
-23.13245477
-22.63753346
-22.13255074
-23.23577859
-21.46511124
-23.23191364
-22.39859796
-23.70314788
-23.13275976
-23.00598139
-22.69242786
-22.70932526
-22.59749682
-22.69862555
-23.14638850
-23.26717000
-22.50514237
-22.04119740
-22.66723264
-22.68597437
-22.25217154
-21.86214410
-21.64542480
-22.35502151
-21.87441705
-22.72958139
-22.07950061
-22.03736377
-19.52693944
-22.13671007
-20.31949677
-19.06228553
-20.53398858
-20.62734924
-20.38866750
-18.94596958
-20.70391412
-21.40101894
-23.69482347
-23.12135484
-22.18411207
-22.65646740
-21.60245902
-21.98973517
-22.35564790
-21.00234440
-21.32218720
-12.94208829
-14.56034568
-16.48568002
-16.94848937
-16.17430258
-16.95920421
-16.87773683
-16.18848167
-16.42972872
-17.02759986
-16.98680500
-17.09729125
-16.74080566
-17.15321442
-17.27154096
-17.35001857
-16.14728183
-16.64465423
-16.91028772
-17.19467485
-15.95545984
-16.18758401
-15.41525297
-14.63583093
-15.99634870
-17.20688134
-15.65445632
-15.62545554
-15.92556583
-15.57531201
-15.73860640
-15.41713537
-15.35110963
-14.50223397
-13.93012412
-15.17237663
-16.42878807
-15.83884108
-14.87987252
-15.08064682
-14.05103968
-14.70326203
-14.84724480
-14.95738283
-14.74386253
-15.84414761
-16.69894138
-16.57822156
-15.95054041
-14.36307919
-15.61796130
-17.07581387
-16.34059252
-16.56861546
-16.80841434
-16.48903822
-16.60676712
-15.29560378
-17.22616049
-16.46736634
-16.84884968
-16.16324096
-16.42991899
-15.61903927
-17.57610930
-16.52994172
-17.00112463
-17.09771278
-16.81996348
-17.26203148
-16.94964368
-17.15100710
-15.11379293
-17.89702192
-17.54415145
-17.16537126
-17.27458027
-15.53976423
-16.59992344
-17.05911961
-17.11819662
-15.53811722
-17.14717571
-17.85960708
-17.04666275
-16.08842112
-17.07542964
-15.21474795
-14.94831342
-14.71734813
-15.72324971
-15.40637493
-14.51636892
-16.79625945
-13.67393452
-16.70176879
-17.16484190
-15.38057289
-16.42787783
-15.44352695
-14.58103643
-15.18278053
-11.42362070
-10.14559725
-13.38555036
-11.87314945
-14.63677970
-13.96307157
-11.64430441
-13.00852436
-16.42476987
-13.00586588
-12.35257696
-13.97108938
-10.29747023
-9.86830211
-11.00442045
-16.20225739
-14.46957458
-14.20068275
-13.27220008
-12.75299480
-12.97115669
-12.92206777
-11.96352244
-10.73783572
-11.07084073
-11.47728294
-11.45182356
-10.91982562
-9.74423038
-12.12236411
-12.83519732
-9.64735427
-11.10541831
-13.85635593
-11.20031234
-14.56605770
-15.24312542
-13.95280049
-14.73294309
-12.79977038
-8.38520578
-11.43393230
-13.82678642
-12.05933454
-12.63351132
-9.64220792
-9.28653582
-14.01265220
-14.51846595
-12.48230584
-14.98912684
-13.75702289
-13.81331651
-14.70341896
-11.62309302
-12.63806165
-13.84299871
-12.94901496
-10.95667390
-14.19534977
-13.34611316
-13.69233989
-11.70050018
-13.78546615
-14.20987805
-13.24495713
-13.50298081
-13.10323525
-11.76808667
-12.03141560
-13.59567574
-12.47789066
-14.63656164
-13.00193753
-14.88027324
-13.17870973
-12.74444123
-12.28899243
-12.51847558
-10.17123159
-12.81145025
-12.70988635
-14.42673463
-17.14969135
-13.07622286
-12.77194773
-12.31945212
-15.60144138
-10.80741223
-16.33996221
-13.66285730
-10.41608034
-11.94124473
-13.79621296
-11.62075670
-13.63538693
-11.60767057
-13.38911908
-11.43536664
-11.57968120
-11.21547279
-11.31595502
-11.19224395
-11.18167166
-11.50970149
-10.34196625
-11.50494328
-11.60566047
-11.11867446
-11.47469493
-11.55788870
-11.78572703
-10.76700898
-11.75468283
-11.85385504
-11.64942478
-11.11583340
-11.40420764
-10.84349122
-11.28464980
-11.20089334
-10.67459452
-11.61435827
-11.20566074
-11.59002875
-10.67983181
-11.56527646
-11.29860464
-11.42747356
-11.27195307
-11.56098487
-10.65038395
-11.41475237
-11.07066902
-10.75512405
-11.38241426
-10.71437263
-10.98921800
-10.28699834
-11.29245437
-10.26248816
-11.65741273
-11.63346530
-11.45285760
-11.03791528
-11.62382569
-12.06325975
-11.59106143
-11.38332937
-11.40512950
-10.93089726
-11.28299822
-11.34318011
-11.46875348
-11.26050107
-11.45626799
-11.16242236
-11.52253898
-11.46563500
-9.93644033
-11.52044167
-11.06982341
-11.28502872
-10.95126491
-11.27323962
-11.58195838
-11.66158273
-11.59960810
-11.50596444
-10.59797645
-11.41066847
-11.65046636
-11.69893926
-11.41590253
-11.59394853
-11.31565891
-10.97491514
-11.23158738
-11.43892379
-11.27661630
-10.79813834
-10.44773629
-10.06554589
-11.33075066
-11.30089617
-11.57037858
-11.20069463
-11.38447881
-11.52321631
-11.25371400
-11.31596457
-11.64247038
-11.75426289
-11.10618831
-11.65526490
-11.51826880
-11.90162995
-11.11095967
-16.62629877
-15.89195700
-16.23791379
-17.26232244
-14.18875495
-16.22004279
-13.90582183
-17.04110496
-16.01340947
-17.05945152
-16.46899740
-17.95983847
-15.93115147
-15.01831544
-16.90532998
-15.65534028
-14.56692441
-16.11242827
-16.84247633
-16.45250706
-16.12024096
-14.86202325
-16.59086783
-15.56553961
-17.04583393
-14.25397067
-17.28122817
-14.42952279
-16.92951421
-16.15785027
-16.77044640
-15.54104399
-16.35416540
-17.58860634
-15.60883387
-15.30962275
-15.01780546
-15.85020133
-17.16785667
-16.73728480
-13.89941917
-16.11670031
-15.19925998
-16.56362007
-16.01449042
-16.84381402
-14.80817774
-15.82388598
-16.63566611
-16.68321710
-10.84099628
-16.05186777
-17.13877753
-15.57174772
-17.32718762
-16.77792207
-16.63703783
-14.62930029
-17.17788092
-13.95723504
-13.44545409
-17.08531270
-15.13045087
-15.39858722
-14.30906968
-18.13480034
-13.64701101
-16.25030120
-17.27906129
-17.66127107
-16.86606771
-16.98460859
-15.56676656
-17.02148953
-14.93095712
-15.40407424
-16.05252043
-16.37150198
-16.19298712
-13.84138342
-15.25672298
-16.82925748
-15.08222897
-16.34935290
-15.63972319
-16.79576001
-17.15245836
-15.21166517
-13.98886279
-16.34202688
-17.16646813
-16.93031144
-17.07608499
-16.95472346
-15.91087339
-18.41295435
-17.80540056
-14.88664466
-18.01712677
-14.76991789
-11.47898519
-13.66748186
-10.44266512
-15.77680966
-13.63578474
-10.64673856
-14.81046827
-10.67245305
-13.52975535
-12.58269325
-13.62402631
-14.90968198
-12.24365177
-16.24213807
-15.30298436
-14.74057250
-14.44409332
-13.64664681
-14.78675330
-14.42055134
-9.19243269
-13.04036502
-10.94205100
-9.62360587
-9.34874550
-8.92703248
-12.89345962
-12.86189833
-11.93780905
-9.21858361
-12.63676051
-13.95097932
-11.36682873
-10.13834670
-11.40114038
-11.50705237
-10.25345037
-15.88449913
-11.55808527
-12.61151524
-15.56759260
-13.69421936
-13.08735142
-14.21948812
-14.91870117
-11.14400973
-14.34945250
-12.14023762
-14.48737956
-15.91305856
-13.42636469
-12.32868688
-12.78682107
-13.15692388
-14.13211882
-11.99294710
-12.32543249
-9.70867952
-11.01117972
-17.38841172
-12.06918769
-9.03097901
-10.02547390
-10.53777523
-12.25429303
-14.38395932
-13.65302314
-14.73094207
-11.69822996
-12.80392686
-15.34607268
-13.09121935
-14.59058394
-10.69071283
-10.65981037
-9.22362027
-12.52315219
-9.19861959
-11.98621157
-14.00969425
-13.21588468
-10.76551490
-11.24437411
-13.19505837
-10.19572874
-12.60470883
-11.62693846
-12.77089526
-14.65044820
-16.01199055
-14.13478727
-13.63345337
-14.30364734
-14.93796438
-13.97185110
-13.43789763
-14.21749085
-15.85616280
-14.04151474
-13.00455118
-5.41983137
-3.31414917
-3.14008656
-3.66198424
-3.44867120
-2.77075539
-3.68248492
-3.58371865
-2.70299177
-4.65051173
-4.09308527
-4.38662002
-5.49769222
-4.13235560
-3.33110379
-3.87793474
-6.43253543
-8.52288768
-5.19641693
-6.08131137
-6.25527218
-6.79238823
-5.52204740
-7.34143157
-6.66050964
-5.74063323
-4.22765519
-4.02544939
-4.18812108
-7.57195479
-5.50926752
-3.46569007
-3.04964988
-3.77625162
-3.70901175
-3.76278632
-4.08438852
-5.73456721
-6.87857507
-5.20435178
-7.12457345
-6.07363315
-4.71423222
-4.87161817
-4.01009369
-7.18901403
-3.50313075
-3.87004033
-4.27239161
-4.34389036
-3.34271760
-3.03295246
-3.95783650
-3.48682699
-3.25253927
-3.11837009
-3.79204242
-3.70280990
-2.78979811
-3.43566972
-3.29616129
-3.24937166
-2.84216554
-2.58173528
-3.18662142
-2.77041207
-2.59081723
-2.49267618
-3.31680467
-3.46562306
-2.50723964
-2.72420673
-2.82643877
-2.97817914
-2.79441410
-2.13087574
-3.11636198
-4.13427033
-4.82323870
-3.45130684
-5.30236021
-6.72256454
-6.44771610
-6.51415931
-5.40965022
-9.85289726
-6.55483514
-5.96865475
-5.97856770
-3.59769315
-4.00953913
-3.20918754
-4.27503616
-5.44399924
-5.45597600
-5.12485396
-4.10583435
-7.76287369
-5.31303567
-5.65761177
-10.00165439
-13.14365224
-11.65102534
-13.91828679
-11.14887807
-12.26396367
-13.14570283
-11.16283828
-13.98946480
-12.21532286
-12.26941828
-10.64370383
-11.55786837
-11.01383885
-12.07496188
-11.71931104
-12.12816515
-11.80656904
-11.59489260
-11.24079578
-13.99259076
-13.58433058
-11.83633020
-11.20632952
-11.42139494
-10.30835598
-12.84400970
-11.49327256
-12.60549665
-11.24070281
-10.05992401
-12.01410791
-13.76179076
-12.65911727
-12.40929960
-11.84630826
-12.60505236
-12.51040511
-11.79895392
-13.37324542
-12.61992995
-12.42810725
-12.28485636
-11.08621973
-10.76032423
-11.06158667
-12.68505342
-12.40014624
-12.54774226
-12.77001602
-13.04251635
-12.57181474
-11.69311082
-10.91155690
-12.04701580
-13.29745052
-11.23927447
-11.58270132
-11.93549503
-11.91546911
-12.04682163
-10.89512412
-10.72731175
-10.48412972
-9.86554431
-9.87341043
-10.64197895
-10.85183462
-11.50206592
-11.45834274
-12.02250069
-12.18480274
-13.13842593
-12.35520484
-12.29966565
-12.09009227
-11.31012526
-10.74268455
-10.47371874
-11.06786128
-11.07749227
-10.69116951
-11.64082517
-12.26371794
-11.16127792
-13.29019166
-11.74008657
-12.47816136
-11.12080109
-11.44743377
-11.36837840
-11.13440731
-12.51345181
-12.09796469
-12.96679980
-13.63832880
-13.18453458
-9.99298231
-11.08941789
-12.22631961
-8.10177932
-8.82323682
-8.53761696
-8.70691931
-8.60380652
-6.86380223
-6.49695522
-7.44643101
-6.40943534
-8.28400319
-7.08187479
-6.72054332
-8.74267379
-7.31876234
-7.52457895
-7.72619253
-10.03668457
-7.89491932
-7.64667386
-8.81261864
-9.44252485
-9.75121206
-8.96081210
-9.46267426
-7.95710033
-8.70554050
-9.54485007
-9.03851687
-8.19390883
-8.24178658
-5.14902053
-5.01280004
-5.58991906
-5.50295826
-4.73961013
-3.64509574
-4.24708417
-4.51117524
-6.71756448
-6.91647036
-7.11865203
-6.38797375
-6.56846136
-6.86589079
-7.51727308
-7.42109446
-5.42814348
-7.08811274
-4.85625974
-7.15856758
-7.77555026
-8.42020188
-6.52383463
-7.24040653
-6.62829702
-7.58303995
-7.70503567
-8.17925412
-8.76111092
-7.03140870
-8.62312267
-7.82182691
-7.05776876
-8.48756135
-7.35781668
-8.36757839
-7.62119090
-7.12351883
-7.21010234
-6.15022994
-9.46402932
-7.77910935
-7.94335271
-8.41264982
-6.01180928
-8.11917283
-7.46413522
-7.65505364
-8.81295125
-7.54543334
-6.73667910
-7.26593892
-5.69985349
-7.37122083
-5.07714821
-7.37048764
-4.53026096
-6.42437605
-6.66957467
-6.06316974
-7.17778494
-7.00055324
-7.17813234
-6.75000256
-7.49337243
-7.26013850
-6.85894111
-7.09201347
-9.33127847
-8.67544960
-26.05501739
-25.47961408
-25.94914271
-25.21433451
-25.48607845
-25.03639466
-25.39402888
-25.04027699
-24.91012387
-25.61436180
-25.84015539
-26.66593657
-26.48609636
-26.31787552
-25.70515861
-25.90881653
-26.13134901
-26.41252178
-26.53536475
-25.02612249
-24.94640223
-25.70903426
-24.57514945
-25.61709551
-25.43692756
-24.68458008
-25.18786761
-25.28533354
-24.92538313
-25.26430609
-26.21885223
-25.40624794
-26.32998138
-25.37026232
-25.20901671
-25.33377945
-26.02627842
-25.98304961
-25.18721894
-26.98638431
-26.95427045
-25.48773956
-25.47435031
-24.78848023
-26.00894139
-25.89238478
-26.86730005
-26.43955047
-26.00628442
-25.37895482
-25.26705682
-25.87015032
-26.33242798
-25.77547570
-26.18105194
-25.71354559
-26.45459798
-26.74555804
-26.10960096
-25.32472875
-25.51972247
-25.67404533
-25.50307968
-26.93881876
-25.86118829
-26.85451974
-26.37985747
-24.67708094
-25.47108723
-24.54529459
-26.10607814
-24.76847852
-26.79881967
-24.65727637
-25.22831610
-25.56899772
-25.36759878
-26.73194947
-26.36648024
-24.80417085
-25.03052682
-24.53277970
-24.86270657
-27.26846602
-25.24082043
-25.66897952
-25.82485876
-25.62793017
-25.47078101
-26.28703674
-26.52499448
-26.36120311
-25.39201714
-25.81925037
-25.40727545
-24.91006587
-25.06473720
-25.43854174
-24.98350421
-25.61008966
-15.08009239
-16.34432371
-14.50786105
-14.63248948
-14.91745687
-16.83174801
-15.90784462
-14.46400520
-15.64522133
-13.98212726
-12.81909609
-13.92780452
-16.50329666
-13.75265328
-17.53650096
-16.86536691
-14.38676993
-17.08642719
-14.41100451
-13.71402045
-13.87756679
-15.08157213
-16.98110347
-14.75103377
-14.03105868
-14.80564713
-18.64816517
-13.45746491
-13.06239214
-13.44632190
-14.43873965
-13.82634320
-16.63598419
-11.96553463
-14.93463711
-13.90990324
-17.01441758
-14.06415301
-14.87429980
-17.65800617
-16.93843559
-13.84073668
-17.34735416
-17.93639822
-13.94335181
-14.83661379
-14.31551170
-14.31662889
-14.42271708
-16.14542822
-14.33417720
-15.72107008
-14.72137124
-14.64792522
-14.74454302
-14.15377061
-16.27397205
-16.21299199
-14.12552638
-16.02794013
-14.24930709
-14.82668002
-16.73121038
-14.22414316
-17.19758900
-13.57993907
-14.34158760
-16.93548928
-17.55114559
-13.68808535
-17.28970745
-16.13994297
-11.74219285
-10.41562582
-12.66366473
-12.72084389
-12.35923025
-12.65783561
-16.49288360
-15.92511525
-17.07745391
-16.41056293
-16.24000682
-16.79622704
-15.34894132
-17.45625685
-15.59106874
-14.77561023
-14.69651595
-16.89507772
-14.69769198
-16.54484175
-13.41665745
-13.74557768
-15.51666988
-14.24544772
-14.62155940
-13.92017086
-15.71811252
-14.16003367
-9.14199671
-11.51003301
-11.74917735
-10.97499775
-9.53702628
-10.04206892
-9.98330840
-9.56389194
-12.21814210
-12.25157303
-11.71451345
-12.48008700
-9.38911589
-9.13088588
-8.24050002
-10.65683132
-9.45772428
-9.27824968
-8.09130643
-10.50923887
-8.63829297
-11.36110650
-7.83599788
-9.11478341
-8.17680708
-7.11492230
-8.07009499
-7.92496132
-8.37962337
-8.44032082
-7.71849652
-5.78368087
-8.00054047
-7.61436567
-12.12042117
-9.27680008
-9.72489188
-8.74503114
-12.61718493
-11.17798626
-10.43009969
-9.03633861
-9.57400942
-12.46006107
-12.12810000
-8.52090140
-8.88815004
-10.80566335
-9.51949023
-10.26913288
-13.29838990
-10.52171048
-10.49360112
-10.39490764
-10.44280323
-9.15081936
-8.95096111
-10.41104501
-11.71444738
-12.47460020
-12.21062415
-11.55680487
-10.87233250
-8.06064884
-10.35416710
-8.87575716
-12.61132142
-8.33066501
-14.76904033
-10.39047543
-9.84067810
-9.04997209
-10.04089102
-9.38332637
-9.44629383
-8.29731388
-9.60188568
-8.87037417
-9.94673562
-12.79800346
-9.84774883
-11.06131819
-9.43305757
-12.51781153
-9.56917834
-9.45988281
-9.27155127
-12.69592471
-11.88209546
-9.94934499
-9.41102261
-9.78204810
-11.58318405
-12.31423283
-11.28238290
-11.66953351
-10.60500225
-11.45150885
-10.66664341
-8.74272468
-11.89498342
-9.91904208
-8.62943173
-10.16603547
-10.87775077
-8.35464193
-9.90778291
-10.10403335
-9.88263379
-9.64600075
-10.51402977
-10.94857700
-10.17299007
-5.83702884
-9.39437316
-9.59843906
-9.74057731
-9.05268379
-8.22534290
-8.97385332
-8.54447905
-11.60658315
-11.25656894
-11.56595843
-10.55996085
-10.62157868
-10.39353865
-10.50646559
-9.11179388
-10.05051165
-9.90254323
-12.34272787
-11.40690346
-9.50006722
-11.61107492
-10.59404372
-11.61444069
-10.97666855
-12.48174945
-9.60864486
-11.41311155
-10.92534099
-9.82468682
-11.15026884
-11.52569509
-10.03018493
-11.28854561
-10.95743782
-8.77602389
-11.33173192
-10.88263202
-11.80562145
-11.84695775
-11.11516932
-11.55646142
-11.18116408
-11.32936085
-13.65486344
-10.86049173
-11.90103663
-12.02790643
-8.74401312
-11.98496730
-8.61997055
-10.46369654
-10.99117281
-9.65107304
-10.93541190
-10.40999590
-11.02644504
-5.13292400
-8.87622186
-10.06372543
-8.32811353
-7.75528809
-8.03668667
-8.09847306
-10.95386960
-11.68834808
-11.58163119
-10.90845792
-10.83314055
-11.13168663
-12.12864169
-10.92790904
-8.44760392
-9.90429225
-9.91478389
-11.10369508
-11.82422277
-10.45729452
-11.75603098
-10.19091615
-9.86820157
-10.75911476
-11.40241661
-9.61293373
-14.14788846
-10.22383327
-10.01586661
-11.51703630
-9.54043875
-10.73963607
-12.13670804
-7.92083428
-10.16037512
-9.43684331
-10.51862989
-12.46241315
-12.96892153
-11.24285017
-12.67881216
-10.30668939
-10.44330326
-11.81150649
-9.36026414
-8.34498316
-11.95056687
-11.82105680
-9.23120478
-11.76095719
-8.68081967
-12.62898890
-10.97677857
-9.34870657
-9.08194852
-8.27962299
-11.64091745
-12.23717975
-8.29483468
-12.69679422
-13.17472281
-10.63394521
-10.79571792
-11.83647928
-10.20977091
-12.47715998
-10.31380685
-11.91765698
-8.05515103
-10.63293096
-10.35251958
-12.02415070
-11.59574543
-11.98559666
-12.60057341
-11.62190971
-10.25994993
-12.37494837
-8.97500441
-12.23543858
-12.10022065
-11.31723061
-10.00833257
-6.40942144
-7.54469224
-6.38645502
-10.16689902
-7.07598417
-12.26067677
-9.83220603
-8.74350814
-8.15716551
-8.79928828
-7.63609960
-11.06535991
-9.11326894
-9.97264653
-8.62908712
-11.61640726
-11.61580890
-10.15114319
-11.88033789
-10.48041080
-10.03418549
-10.39517678
-9.55453367
-12.20708132
-11.93582577
-7.36095351
-11.68356018
-12.02306034
-9.47171069
-11.86452211
-12.25168395
-10.15495947
-10.26325210
-9.60812786
-8.13084228
-10.47354077
-10.62077268
-8.36499052
-13.31529707
-11.28580199
-10.23492809
-11.50571873
-15.04566727
-11.32247550
-12.33669787
-8.34274704
-3.73987418
-5.04490886
-4.89026529
-6.11490912
-4.63683256
-2.09920297
-4.96160974
-5.28406778
0.19034686
-0.68676207
-0.64790406
-1.13017824
-0.73184573
-4.95138281
-1.10352202
-2.86017892
-1.97876663
-1.79126135
-1.17576277
-1.37008143
-0.32961339
-1.28817440
-1.20284637
-0.72246326
-0.93517367
-0.17562125
-0.19426876
-2.37112151
0.23438910
-0.31405784
-0.43758193
-0.83921998
0.37188855
0.39833432
-1.65294005
-1.17622415
-0.74936919
-0.10684002
0.33375952
-5.26695506
-2.31520823
-1.98860064
-4.39340524
-4.92598130
-4.42941091
-5.64111143
-1.42352112
-2.91467492
-4.04620924
-1.51657891
-2.85575762
-5.30218031
-4.22647676
-1.86533226
-2.71412178
-3.98361289
-0.97291713
-1.10312934
-0.97064286
-2.08010524
-2.17949337
-5.67301516
-5.95786166
-1.31093483
-6.32317329
-4.58043006
-5.84395385
-2.98387629
-4.15171574
-3.65729665
-1.56507173
-1.00747126
-3.18308696
-5.51718180
-0.61631313
0.35055032
-4.84420507
-6.19416162
-1.36363420
-5.59200945
-2.41343695
-4.47369974
-0.67584785
-0.08107816
-0.97830980
-1.12107425
-4.74109393
-1.34199510
-1.68007135
-1.32132136
-1.45001229
-0.30983946
0.44830528
0.68691736
-0.03444123
0.96886228
0.43961591
-1.51495970
-5.20048606
-1.59574924
-19.60173316
-17.07257074
-14.99146793
-17.83901199
-16.50459036
-15.03970888
-19.82046922
-15.77428898
-18.05899458
-15.71772052
-19.81664681
-15.84086825
-14.89839251
-16.37881684
-15.36395097
-16.09410049
-16.19029399
-16.08116316
-14.65558632
-16.11915555
-16.27665342
-18.40215669
-18.19981606
-15.57130814
-18.03492142
-16.79028608
-14.68627486
-16.77130180
-15.26731721
-18.26384055
-18.59277222
-15.27416174
-14.78789946
-15.61593102
-16.69938640
-14.52007204
-14.50642845
-16.29554309
-16.81342359
-14.37001029
-15.47399632
-14.16729866
-15.59015588
-14.65406821
-15.51667832
-15.52484001
-15.99573134
-14.86128544
-15.54274165
-14.56143048
-15.28972445
-17.93044914
-14.70055525
-16.49571830
-15.87763877
-17.68379405
-16.21385222
-15.34570149
-16.90392810
-17.44841027
-18.61672247
-16.76816214
-17.51240714
-16.16990821
-16.84970823
-15.74105262
-15.81829931
-17.44661289
-14.24556968
-18.39102936
-17.37436646
-16.01048174
-15.47186049
-16.86952151
-16.04455400
-19.89072116
-19.69222513
-19.65539646
-18.74344814
-15.53082248
-18.87357228
-19.92341421
-19.85690764
-15.11850694
-15.14792135
-14.64966177
-17.63434614
-14.98414405
-15.26267270
-15.78879942
-16.60167575
-14.12187568
-15.59919131
-17.94583880
-15.20696869
-15.49086084
-15.96983139
-16.60090771
-14.99061234
-14.97966813
-12.53636955
-12.85499502
-12.58788870
-13.69300098
-13.96565606
-13.14411133
-13.31501634
-13.59994126
-13.28784067
-14.71857786
-13.66417906
-13.64310663
-13.36575228
-13.53285648
-13.50595232
-14.11083932
-13.39911445
-13.35952833
-13.54676439
-12.82808974
-13.30681687
-13.08995748
-12.31003012
-13.11088432
-13.88779954
-14.33098115
-12.87744248
-13.64936958
-12.40279398
-15.45056167
-12.26550630
-12.10265489
-13.56579908
-13.27487093
-13.18588094
-13.17813254
-14.27998961
-12.47885433
-13.09953621
-12.64494940
-13.10211081
-12.93137916
-13.08273459
-12.99260083
-12.86447854
-13.28412390
-14.21447961
-14.15996385
-11.95114043
-12.80592687
-12.87688181
-12.88004113
-13.66372989
-13.57386181
-14.76757981
-13.12751014
-12.32429914
-12.53812856
-13.97203550
-14.11695206
-15.21008287
-12.62983496
-13.01178616
-13.90880094
-13.15087026
-13.37752084
-12.39983799
-12.84237515
-15.13103762
-13.70657411
-13.19994229
-14.01611599
-13.61792856
-14.02944622
-12.92004106
-13.42075019
-13.20363373
-14.12560852
-13.04665682
-13.56074386
-14.13684412
-13.16445543
-12.95402754
-13.01389151
-13.65198743
-12.44605434
-12.83491796
-12.91542644
-12.23404257
-12.89031399
-13.16379844
-11.95404510
-12.89214939
-12.21328635
-13.17653593
-12.14624143
-12.89787826
-11.89904171
-12.48185584
-12.41068457
-9.84434438
-9.96199016
-9.99672669
-8.91024354
-10.01683776
-11.22308548
-14.60107218
-14.36789427
-13.65334658
-13.06983882
-15.05810328
-15.26768516
-12.04544211
-11.92410641
-15.29804425
-13.27531100
-10.07164903
-11.81252930
-9.94403827
-14.36112682
-10.37715166
-9.73325275
-9.98365474
-11.91371285
-13.95135207
-14.33411473
-11.17042995
-10.54387002
-12.72519175
-12.63531151
-14.56844930
-10.80930915
-14.93275130
-12.83380586
-17.35302576
-17.20922935
-15.13149076
-11.97847111
-10.59332726
-14.75059097
-14.44342823
-14.48191711
-13.89713448
-14.14998993
-10.55132809
-15.17485478
-14.89779995
-14.18661953
-10.94988541
-14.34369759
-11.97590317
-13.38740046
-12.28212596
-11.63085656
-11.69586122
-14.73722020
-10.95835230
-17.54438953
-11.39558724
-13.30407804
-13.64956447
-12.30896108
-12.09794836
-14.53854552
-14.69647507
-10.20155496
-15.47565278
-9.31955958
-14.56023016
-11.97976641
-13.17123924
-12.06479991
-15.08407708
-11.75511428
-13.30388903
-12.04815778
-11.37579753
-11.15870960
-11.63500629
-17.01966766
-16.86739514
-17.40869949
-17.50355505
-17.57693757
-17.71661768
-17.49942112
-17.50675379
-13.13718964
-9.74788025
-9.49887352
-14.49869448
-13.70161445
-11.53205577
-12.17526354
-10.60818126
-11.78218088
-13.23559032
-12.39372917
-13.58221487
-13.48062992
-5.65533548
-6.40282651
-8.79325839
-5.58962600
-6.89076064
-7.53645272
-6.67233919
-7.66893389
-10.64085582
-8.15552021
-7.85793390
-7.54822098
-6.30242067
-8.75834055
-6.07468660
-8.59734573
-6.44340534
-6.94141647
-5.94466303
-7.70866458
-7.11681905
-6.34122446
-5.65037157
-5.58754866
-5.60415813
-11.00722521
-4.03944420
-8.97808674
-7.72764863
-5.65509930
-7.63116162
-6.09038222
-7.04508329
-5.52170949
-5.06711558
-6.70996098
-6.61930060
-4.72443597
-5.03430836
-7.27961856
-5.98009019
-5.24538236
-8.36273333
-6.60001480
-7.17737094
-10.47610266
-6.66891564
-4.80401412
-7.72919934
-6.81787509
-5.60222398
-5.48713283
-6.88036225
-7.47623433
-6.62859202
-6.97645224
-6.71795985
-9.30722831
-6.72826535
-5.84668290
-7.08014097
-10.14284797
-5.88801335
-7.70539609
-6.41841061
-5.49863248
-5.49238494
-7.30033113
-8.03008768
-5.82404174
-5.02803397
-5.54574552
-7.35910375
-7.73319113
-5.91569312
-7.38677499
-8.96587026
-7.00143354
-6.33292472
-7.64652212
-7.21913524
-5.64350306
-5.67665742
-6.30429839
-6.69170551
-6.67451113
-11.40228570
-8.65423056
-6.08745459
-5.61912028
-7.86620514
-10.34494061
-7.91241958
-7.11631607
-5.89281242
-5.38019473
-6.29752813
-7.58608889
-7.28493369
-5.13476267
-9.96970405
-9.79553517
-9.32666517
-9.44525704
-9.62387830
-9.97237827
-9.55492684
-9.50430788
-9.25792850
-9.67895478
-9.93389736
-9.79883349
-10.05908831
-9.37666363
-9.55702052
-9.03579373
-9.84064621
-10.14386328
-9.80355168
-10.05755719
-9.62773493
-10.75059374
-10.43116861
-9.91135019
-9.67210668
-9.86736738
-9.07737229
-10.11245426
-9.27413010
-9.29827848
-9.70449647
-10.21269247
-9.71722875
-9.47100893
-9.69967948
-9.77078805
-9.45899311
-9.12695670
-9.57728196
-10.54444149
-9.39447817
-9.45290628
-10.17526441
-9.21081394
-9.43999613
-9.34101252
-9.56975064
-8.40847196
-9.47431378
-9.37439235
-9.59570050
-9.34504080
-9.53118922
-9.57174103
-9.48394851
-9.33741554
-9.46999298
-10.12943057
-9.23774487
-9.68932756
-9.48659061
-9.17020175
-9.69940297
-9.89499216
-10.14163634
-10.76656544
-9.95354227
-9.76489479
-9.87233459
-9.63033357
-10.62678209
-9.70221288
-9.65021734
-10.26931180
-10.13008273
-9.87828019
-11.47539307
-9.98377421
-10.00779457
-9.49101800
-9.75406855
-9.20565081
-9.09279774
-9.02993001
-9.21439447
-9.45092869
-9.14235935
-8.29009832
-8.95334657
-9.32832796
-9.35314002
-9.79656454
-9.25825916
-9.17197112
-9.38205709
-9.44689246
-9.26015369
-9.03898218
-9.81072054
-9.83171370
-0.09144685
-0.79523710
-0.08512591
-0.54248783
0.32458962
-0.44401268
-0.34485146
-0.13100649
0.69903061
-0.36440500
-0.00450212
0.84500548
-1.91204514
-1.67274893
-1.73956304
-3.78587159
0.24321914
0.36942130
-1.45802576
0.47774783
0.64583748
-3.09598744
-2.33951782
-2.42148504
-0.75332128
1.52847978
2.10461070
-1.25854137
-2.31044871
-1.62697322
0.07472846
0.09292627
0.17693202
0.26991476
0.60592384
-0.19624012
0.32856828
0.69410920
0.36412053
0.13089922
-3.09273359
-1.40679512
0.67115534
0.56017845
0.23180826
0.32182217
1.12300078
-1.73855361
-1.40302072
-1.74295671
0.03542823
0.51723495
0.46340091
0.82742766
-0.72557872
-0.24268207
-0.08891485
-0.69433939
-0.78161063
-0.52083064
-0.14790500
-0.26523715
-0.65287633
0.00627453
-0.98512779
-1.71601414
0.72688630
0.90369178
-0.42159499
-1.60870326
1.10823784
-1.48015556
1.95566369
0.91755818
-0.69642330
0.60204127
-1.77881808
-1.54717827
0.32393361
-2.28559790
0.92359576
0.61730003
0.02066057
0.78195960
0.40241707
-0.07651163
0.09708719
-1.14217483
-0.31252354
0.44588582
0.75832818
-2.09172675
0.52308928
-2.47707540
0.52941539
-1.56966273
-2.09392699
0.37878276
1.19801404
0.14973950
-10.24688739
-9.78457864
-10.57044535
-11.13255316
-8.13386849
-10.59489550
-10.22410919
-10.22330825
-9.84265818
-10.51771576
-9.12419872
-10.01957886
-11.34836929
-10.85237677
-11.12993139
-9.18460745
-11.62098454
-10.31721801
-11.40672396
-10.15514314
-8.06493729
-10.70785165
-10.68147838
-9.60103064
-11.23861067
-10.57239409
-11.01480294
-10.01793013
-9.25949268
-10.76358318
-10.12131953
-10.35091773
-11.71133488
-10.98454952
-11.03752467
-11.80245321
-9.27204213
-11.51510565
-11.49522252
-10.75197689
-12.09488405
-11.12825091
-11.47237723
-8.80554633
-11.22621453
-12.38682146
-11.34197172
-11.57795354
-9.93219804
-11.64495678
-8.58417090
-11.52552725
-11.30894520
-11.47379413
-11.24225826
-9.40216411
-9.97973684
-8.91535403
-8.80507637
-11.19722992
-10.60561490
-11.20170223
-10.77568552
-10.90864185
-10.37539921
-10.42543727
-8.89783188
-10.51265402
-10.49648498
-11.55669992
-9.99912801
-8.00275134
-11.04960878
-11.40795822
-7.32332219
-10.65218729
-10.86271181
-8.25622178
-7.27343261
-10.27446486
-8.93232946
-10.31422283
-9.33915871
-10.66217151
-12.08076053
-10.37071226
-11.26381081
-10.45119273
-8.69379343
-9.88853502
-10.90301411
-11.50253863
-11.37336768
-8.57124867
-10.15059423
-10.13011737
-11.33136337
-8.65304948
-11.14531634
-8.88871923
