1.44982801
2.00533350
1.39767595
1.92553686
1.84382861
1.89618153
4.89997531
4.89906513
4.64903599
2.10057357
4.59788337
1.26583638
1.49491338
1.95932328
3.06108764
1.45050693
1.23355023
1.47108524
1.30540754
1.25771228
1.70448044
0.77241354
1.09610074
2.11681176
2.08824896
1.30181775
2.01810862
2.56837621
-0.11000040
1.42411270
1.97852983
1.73542355
2.12889925
2.77317550
4.42617295
4.95917032
2.72500748
4.05090598
2.10405718
2.28732915
2.33808944
1.73352496
2.05399614
1.80697591
1.82791036
1.36417341
2.72847945
1.54560871
1.11512336
4.62707586
1.01787584
1.68631783
1.47833026
0.56322946
1.67336006
2.03138203
1.92707952
2.04681992
3.64202846
1.23076726
1.77934614
5.18384091
3.31200144
2.15069370
1.17696576
2.39016192
1.14946130
4.27799103
1.79213661
1.58770982
1.88371502
1.46376838
2.61526795
1.78124686
2.42619324
2.25570843
2.45058057
1.71604477
2.40787072
1.81233009
1.79653288
2.36548889
1.79822396
1.73653679
1.84216954
1.82387858
1.98987981
1.62612990
1.60133595
0.48234957
1.60363753
1.53611924
1.70446008
2.55268465
1.93285882
2.16326382
1.62376758
1.35484014
1.60901580
1.73227943
9.27656926
8.70251281
8.84207688
9.33247498
10.23002983
9.13147844
8.91330998
9.19342410
9.29357909
9.09279256
9.46043181
9.71460308
8.90853259
8.93650042
9.89105818
9.93864074
8.79382044
11.19152349
10.17362974
10.34512391
8.93753400
8.96580765
8.61183950
9.94914533
11.07564303
11.27842871
9.71714998
8.78091488
8.77613207
10.18346974
9.04508808
9.66004220
8.76430810
8.93532798
9.09596336
9.05764569
10.15566500
9.65735097
9.37706871
9.10553465
9.09155368
8.87819311
9.00680532
8.91753312
8.86505380
11.25215712
9.01850640
10.98284499
8.62453851
10.81011992
9.10264619
9.20380666
7.95547619
9.58568734
7.92475401
9.66456887
9.65773311
9.64209546
9.78388788
8.10567415
8.87944095
10.87558010
9.09344608
9.16291774
11.35426666
10.19053689
9.39195211
9.11789932
9.07037974
11.31506859
10.42087483
8.58481821
8.96109627
10.19339656
9.08722077
11.24224056
8.93472109
8.80069962
9.15092363
9.02448104
10.07325274
9.29911678
10.22361366
10.71188963
9.01477258
10.81560447
9.83845888
8.52443242
10.23222487
9.24088454
9.52927018
9.74774629
9.53375894
9.22747780
10.95578237
8.53609764
8.69139291
9.26909966
8.83337665
8.95579853
1.66367133
0.65938361
3.14685325
2.76545930
2.10896419
2.97941802
3.51549190
3.29615297
2.85400004
2.80577236
4.26255031
4.57029290
3.84695350
5.27575610
3.81577652
4.52328983
3.34364591
4.98252621
3.05803468
4.58735419
3.10825102
4.50033282
4.00503461
4.78909651
-1.86101934
0.84210462
0.87858055
3.64363991
3.13784201
2.82212306
3.89106013
5.41365526
5.97338232
4.53363840
3.50724566
0.02935982
2.97454721
2.41470097
0.38877051
2.19814565
0.82459212
1.11494517
2.85560093
3.06510698
-0.59474780
2.11779652
3.02059323
3.05378848
2.49633125
3.09872994
3.59778208
1.43457078
2.30969943
3.14046144
3.61217069
3.45086710
3.09340470
0.57804952
4.63385529
4.86351842
4.73925844
4.77184834
5.32098244
4.93666390
4.55735152
4.11081034
3.75849513
3.46949590
4.35188287
3.59597172
2.06754795
3.23372115
3.33381268
3.29039475
3.14382834
3.96060766
3.22182111
3.20846566
5.18091959
3.82950070
2.51275594
2.78042041
1.02320262
2.67884259
2.25549470
2.25844927
2.52331933
4.37056076
1.82371559
3.18472337
3.38978905
0.56669342
3.66624266
3.53701563
3.21118086
3.43390715
2.22475764
3.04680333
1.33900010
3.11274889
1.29198108
1.21974135
1.43692462
1.61087504
-0.03788656
0.90962770
1.19073596
1.15120220
0.33532035
1.34975958
1.29947342
0.60406192
1.14477813
-0.56087994
2.34735020
0.55832340
1.31863779
1.27090562
1.36777453
1.63989615
2.53812167
2.01281469
0.18985562
2.64809069
-1.19129711
1.16828320
1.46747983
1.36871097
-0.96045721
1.27918600
-0.01834471
0.03384927
1.21980851
1.30992467
0.28680335
0.02092329
1.22660583
0.08074799
0.04919940
-1.14957754
0.24723598
-0.03030312
0.12703713
0.94729576
-0.21178722
-0.12115077
0.94436800
-0.19719381
0.97569652
0.73441125
0.91915076
-0.11590435
0.10557731
-0.25681994
-0.54607553
-0.20761847
-0.07007688
-0.20687772
2.13804330
1.29796555
1.22812719
-0.65756237
1.46700603
1.20421533
0.59901896
0.10512302
0.05697901
1.10536999
-1.02740061
1.10578088
1.15129108
1.40934165
0.23148123
-0.01625707
1.14542871
-0.00445244
-0.06548155
1.14301564
-0.40067670
0.62878301
-0.15519214
0.48706593
-0.04394290
-0.14350592
-0.31475848
-0.02102585
1.71144885
1.48134894
0.79440379
0.67142851
-0.17986844
-0.51301569
0.98810533
0.02417502
0.69647638
-0.15771161
0.73502399
1.08957716
1.17472520
1.59588307
8.08291041
8.70051644
7.17272502
8.41878987
8.81119413
8.94493535
7.17134596
9.66667037
8.72238911
9.03035900
8.83634466
7.29489234
8.96746501
8.34356643
8.90569947
7.55792495
8.95504225
8.77674854
8.82639213
7.85355896
9.23667559
8.74145176
9.15701798
7.90272680
7.18736683
7.19123223
10.59874796
8.90379736
8.20781151
8.78620784
7.84868056
11.09176208
11.25161336
8.82572072
8.30535440
8.71360100
10.11673599
9.23805378
7.65994211
10.05898843
8.94851326
10.66978548
10.00651492
7.26554635
9.81672621
9.16168240
10.00155469
8.07317841
11.37347177
8.03621867
7.68369082
9.23133715
7.92168069
8.64333078
7.21391403
7.74064732
7.65382646
8.18555744
7.42153241
8.88244220
9.04704167
9.16716124
8.00464036
8.81557780
8.54649308
7.70317664
7.30848355
9.43782878
7.92499701
7.22399875
8.87002623
7.60959565
7.22099974
7.30713706
7.77662768
7.31701308
10.10206770
9.06160714
8.53858025
10.64294507
8.95432236
8.94231219
10.65756065
6.91167326
7.50338325
7.54125619
9.13245781
9.28810464
9.08660839
9.37158644
9.20245715
8.69119401
8.17447218
8.92289657
8.46929187
8.94150689
9.27195613
7.29191253
8.76061630
7.87119771
-2.42438764
-2.32939352
-2.23623059
-2.37044951
-2.25222905
-2.22101390
-2.34195727
-2.34037883
-2.41687614
-2.18219093
-2.42212622
-1.96926716
-1.04191842
-1.87186485
-2.04690214
-1.99992675
-1.83740519
-1.62006992
-1.86268538
-0.40975372
-2.46529331
-3.66858393
-3.58982162
-2.48098652
-2.44872471
-3.77598768
-3.78455802
-3.16201942
-2.51608209
-3.77464872
-2.42087043
-2.30071690
-2.29343094
-2.72403794
-2.43889189
-3.70583085
-2.65534639
-4.58763165
-2.54042656
-2.49351474
-2.37144583
-3.81126234
-2.81324453
-2.84541122
-2.59758248
-3.79912143
-2.50156724
-3.78032885
-2.38914533
-1.65780557
-3.53725318
-2.52094829
-2.36167806
-2.52813527
-2.39738071
-2.31515139
-2.40174599
-2.06304675
-2.25678469
-2.24597480
-1.54219034
-2.04812164
-1.09046288
-2.02938749
-1.97682598
-2.07664312
-2.38269766
-2.25335745
-2.26263625
-2.07002242
-2.13835738
-3.49959863
-3.61208162
-3.93144411
-3.78369105
-3.86681467
-2.74435204
-1.55549440
-3.78358174
-2.49676945
-2.74094054
-2.43731719
-3.74354393
-2.41524147
-2.50579077
-2.54808004
-2.50229286
-1.93366221
-2.58025679
-1.72192142
-2.72671021
-3.80103043
-2.56357402
-3.84384358
-3.20687299
-2.73208583
-2.58102783
-3.80298204
-2.73356009
-2.59622595
3.46170407
5.77976614
2.49389530
3.34801786
3.71326406
3.84938647
3.40082193
3.33186623
4.71298184
3.49639660
3.81004565
3.77809253
3.23527396
4.01600179
3.14093485
3.53372734
3.48728641
3.45556221
3.65213961
2.80263883
3.38805190
4.84802706
4.59469976
3.71916429
3.37992254
3.56932058
3.54657596
3.84182548
3.53064632
3.69927693
2.94445769
3.20775319
2.14933235
4.16473686
3.19242041
3.25339374
2.56020000
2.08219512
3.73428374
4.15356838
3.29998167
3.78249594
3.59598552
3.18250593
4.23890535
3.21146917
4.96143536
3.57888353
2.64947725
2.29157881
1.88150526
3.28783230
3.79932212
3.01571297
2.61569830
1.88403713
3.14649453
3.01207743
1.93296348
3.36401020
1.25853167
2.90319105
3.32351138
2.66234758
3.12411297
3.62183280
3.36216696
3.54338102
4.61215995
3.25643471
4.49355602
4.13256977
4.39863673
3.45845601
3.47819938
3.52718353
2.52839662
3.09705452
2.96695363
3.28263579
1.91069014
3.76918686
3.20019226
3.49984024
3.27065808
1.91905000
2.51661312
3.68747918
2.30410130
3.22982096
2.98679164
3.35808901
3.18034922
3.35765865
3.34235124
2.99466311
2.97592153
3.60605865
3.20471015
3.01272989
2.31046071
0.61174742
0.48898676
0.54278294
0.66347448
0.55971327
2.16472460
2.32137182
0.56200892
2.29716016
2.42579474
0.57264644
1.21679471
2.45945746
2.38536394
0.69954389
0.50015338
0.58192421
1.21718269
0.54569942
0.69886898
0.66547230
0.63529058
2.18400201
0.52858994
0.51686077
0.69021922
0.58813090
1.56954434
0.56880063
1.20333767
1.22566558
2.56326780
1.41452019
2.16838654
-1.28928144
1.40745475
1.91317238
2.75578093
2.08531857
-1.24420425
3.02421895
2.08225621
2.36707331
2.03736777
0.74044589
2.67140379
-0.56711077
1.32933545
1.25984709
2.36573696
2.05036507
2.27454422
1.08767363
2.18783078
0.50197589
1.55643886
0.56441668
1.90880808
0.09886644
2.21653955
0.61556047
2.16502129
2.19777518
-0.52804575
2.50898927
2.60046622
0.63273791
0.68647951
0.60487273
1.09863807
1.40345958
1.20942396
1.98256106
-0.34347162
0.63797267
0.59323574
2.41981099
2.25931205
0.52726887
2.03328329
3.66637399
3.02669090
0.05724952
3.71308373
2.21941659
2.33610191
2.63613292
2.02557020
1.23829559
2.60068412
1.84538195
2.50667708
2.59726116
2.04415598
-0.67000896
2.55427364
2.12262541
2.39633061
1.17496789
-3.48545860
-3.70012205
-3.04295553
-5.56585281
-6.30801476
-4.17757687
-3.88136911
-5.16946372
-5.23798616
-4.81336055
-3.24506530
-5.53592619
-5.06655610
-6.62098687
-1.74078397
-2.63645091
-1.91828231
-1.73959548
-2.10660471
-0.07983520
-1.43739882
-2.59446067
-1.93723124
-1.91423233
-6.03187556
-5.87608192
-5.57149240
-3.91460970
-3.92129056
-2.28447738
-2.69921731
-2.63670585
-2.42599310
-1.93187002
-2.25488633
-3.40477490
-2.90149426
-6.19976695
-4.77742305
-5.37133929
-6.41443188
-5.48629424
-4.45054606
-5.61797942
-5.60662141
-4.35623125
-4.29245685
-3.23317935
-3.64481848
-3.87823457
-3.34531561
-3.20793222
-2.57879405
-3.33141900
-3.27713833
-3.35761909
-3.44033882
-3.36500185
-6.34645165
-5.34527934
-6.31191123
-5.31526653
-5.34100867
-6.36763070
-5.27412439
-5.34391011
-4.01168502
-3.63161489
-2.95857871
-2.30340477
-2.43147380
-2.59796604
-2.50973575
-1.98592108
-3.07259173
-2.77339896
-2.49120050
-2.08066112
-3.43163229
-2.86247325
-3.09285005
-3.24755222
-3.35311898
-2.84501476
-3.29729469
-2.80155794
-3.65892919
-3.29553128
-3.23277889
-2.55972892
-3.53751874
-0.64648920
-2.15867080
-2.17496111
-6.10213052
-4.98942031
-3.82216096
-5.67356624
-3.44661601
-3.42231998
6.25150124
3.69148562
5.34505223
4.29036153
4.84690161
5.29339668
4.06226946
6.40703431
4.53158598
5.09206397
4.54813930
5.46589996
4.79673958
3.05650648
3.58749421
4.07079622
4.08176687
5.01523196
3.95869205
4.09957395
4.11863133
4.46918018
2.81300460
3.90506617
4.31439572
4.81624390
5.46075909
4.48607116
4.62520987
4.25992217
4.58331382
3.92072252
4.10024054
5.76576272
3.83699374
3.85417458
4.05260489
4.00930141
3.75789380
3.92562757
3.29868587
5.97754610
4.37660523
3.61988842
4.84118372
3.36409606
3.94185591
3.02377798
5.71139352
4.49239600
5.78655852
4.52897724
3.25572759
4.12391920
3.88412854
7.29179550
5.18532681
7.07369094
5.02334624
4.22224263
5.25115936
4.11439936
4.67075774
4.93733538
3.91806061
3.50825798
4.60642965
4.67383708
5.09499420
3.30531673
4.82266517
4.16366821
1.95591413
3.65666322
4.92349784
6.21337435
3.69021850
5.74876298
6.34724025
3.38172176
2.66212680
5.61497129
4.98767436
6.16079914
7.16671738
5.98132454
5.22505693
5.67274042
5.40378145
5.54286639
5.77410539
3.62899371
4.58751085
3.45005654
4.71534955
5.58034785
4.74151321
3.30618505
5.45008073
3.23162914
1.16858136
0.82480175
1.62133189
2.00513186
2.40995886
0.35953287
1.11428078
2.05789028
2.42129749
1.16265624
-0.23244871
0.36796247
-0.20229144
0.21031330
0.42728340
0.37095625
0.24549514
0.68602445
0.72105650
-1.86091212
-1.24810476
-1.92045154
-1.92672425
-2.67494579
-1.38420140
-2.21382548
-1.40536272
-1.72486862
-1.74948978
-1.03469346
-0.50732000
-2.62447010
-1.07241694
0.35708022
1.73682294
0.78646269
0.15233790
0.37771510
0.84902971
0.42075900
0.63051539
-0.02941566
0.58908200
0.39573760
-0.10906815
0.33978745
0.29407622
0.36842001
0.47582220
0.06276509
0.63226831
-2.11617721
-3.26384679
-2.64271526
-1.85654807
-3.45229486
-1.77263993
0.11586732
-0.28744577
-2.12759004
0.10713295
2.43841190
2.63590101
3.66197041
3.42166191
4.14061677
4.60409787
2.75446452
3.94891463
2.65072428
3.83455604
0.44031667
-0.38275790
-0.74791264
-1.77603697
-1.89864704
0.21372012
-0.19636542
-0.34371210
-0.08349202
-0.00849484
-0.13001861
0.06347623
-0.29428303
0.21272693
-0.47705932
-0.62928145
-0.37867555
-0.69734732
-0.66096755
-2.54422881
-1.80807996
-1.71786954
-1.81095968
-2.09095564
-0.73342535
-1.77771536
-2.08656301
-0.93313380
-1.97119063
-4.04822796
-4.20901851
-4.30074628
-4.47666557
-4.30685568
-4.16091974
-4.23463595
-4.29915889
-6.92341381
-6.21689387
-4.76906478
-4.45914621
-3.54978934
-6.10960401
-6.76301106
-6.75352094
-6.26663277
-6.71722863
-6.25770126
-6.43025447
-6.27762038
-6.21330911
-6.29090374
-7.19207546
-6.27600236
-6.28020524
-6.25643226
-6.78611938
-6.31161161
-6.32359096
-6.45466719
-7.07528365
-6.79465884
-6.79991051
-6.82870994
-6.26769425
-6.48973564
-6.40204585
-3.87879057
-4.31731202
-4.32611641
-4.14220759
-4.74164212
-3.70694358
-4.17196913
-3.21261309
-3.77480143
-0.93646342
-3.47752504
-4.52900441
-4.43933969
-4.28972353
-4.26304518
-4.33529811
-4.39401717
-4.25359620
-4.63804055
-3.52788445
-4.45927308
-4.52251211
-5.98161301
-6.22716120
-6.39750221
-6.00246821
-6.29326250
-6.88295654
-6.29119626
-6.27704744
-6.52842591
-6.44560903
-3.33525583
-3.18272025
-3.57188173
-3.64636327
-3.13928477
-2.40123173
0.86844504
-3.58419273
-6.33659610
-6.81531316
-6.43017722
-6.95582381
-6.80425631
-6.53135945
-7.26639152
-6.43029232
-6.38635376
-6.50228606
-4.31746586
-4.60094015
-4.39372664
-4.65197621
-4.02921616
-3.99772168
-4.43239918
-4.42891116
-4.05855650
-4.64272489
-4.75450132
-3.67373379
-3.54808993
-2.56013250
-3.62919426
-3.76961069
-3.54364969
-4.12503436
-3.57269698
-3.49637556
-3.41610354
-3.27658349
-4.74664812
-3.77682626
-1.56337518
-0.06893755
-3.48590740
-3.55673753
-3.75062848
-3.66502963
-3.79460197
-3.94803141
-3.57770482
-3.56561312
-3.44388040
-3.20584150
-3.78340145
-4.00960786
-1.80439242
-4.26744938
-3.54719100
-2.48539315
-3.55036314
-3.08849301
-3.21983480
-2.06794288
-3.15057056
-3.82448732
-2.64185178
-3.86918168
-3.21442585
-3.47962378
-3.57943410
-3.42350965
-2.16863375
-3.75026894
-4.69113126
-3.30559574
-3.59220667
-3.53131893
-3.77493448
-3.66209131
-3.53778259
-3.55376691
-3.91556862
-3.65051509
-3.36458146
-3.71410954
-4.21006611
-2.29854805
-3.98716249
-3.31621518
-3.68712639
-3.45547543
-2.73038792
-3.38135988
-3.45980551
-3.64897315
-3.65558786
-3.67955207
-3.60102619
-3.62102964
-3.60591667
-3.33059038
-5.04702957
-3.21484482
-3.57045464
-2.40062385
-3.65672440
-3.48515756
-3.46899721
-3.45547038
-3.19749868
-3.18928282
-3.24721969
-3.55416230
-1.58341474
-1.21550724
-0.09534500
0.11505689
-1.76755512
-2.22945416
-2.26302832
-3.37242245
-2.39838844
-3.46087362
-3.47444298
-3.67192765
-2.22098901
-4.63596325
-3.07060441
-3.87029710
-0.63372628
-1.02455407
-0.63842644
-0.61809368
-0.38994809
-0.66012145
-0.35452224
-1.24425331
-0.44216085
0.24224847
-0.41399424
-1.20270669
-0.39694829
-0.56492804
-0.61180231
-0.27466491
0.58653399
-0.20065537
-0.32612696
-0.38095175
-0.36371707
-0.70464994
-0.72992579
0.40412766
-0.36232357
-0.27676625
-0.54419769
-0.33812990
-0.52814581
-0.72793202
-0.28738130
-0.05220049
-0.46624108
-0.04399238
-0.43212738
-0.40515020
1.48449642
0.67336593
-0.27877804
-0.14734115
-1.54532924
-0.63226555
-0.69722338
-0.46022577
-0.81858127
0.52657782
-0.84036334
-0.94319258
-1.53715140
-1.24901990
-0.71105105
-0.79161828
-0.96210795
-0.44303284
-0.59689673
-0.42856920
-0.57135358
-0.65963939
-0.66651509
-0.61875757
-0.42177939
-0.57966668
-0.40273131
-0.43114136
-0.81229452
-0.34906065
-0.58566425
-0.42306217
-0.35194836
-0.47773461
-0.84057352
-0.57790428
0.01037018
-0.29288876
-0.24836401
-0.18452748
-0.36913814
-0.87351549
-0.44012627
-0.77609668
-0.13475006
-0.33732374
-0.92721920
-0.32712502
-0.79570585
0.55702534
-0.57700241
-0.41471306
-0.73184689
-0.44695451
-0.62318001
-0.68482067
-0.59166471
-0.60635154
-0.79141375
-0.70096250
-0.35208261
-0.90560745
-1.43298568
-0.40042780
7.78235235
7.89178979
7.71800034
12.08155451
7.83301375
7.83235228
7.83960423
7.86482124
7.80206953
7.81535935
7.85033619
7.85348309
7.85721486
8.34551001
7.82660397
7.85255639
7.85270353
7.95913465
7.97261922
7.82954227
10.42221716
12.04613862
12.00601455
9.87742414
8.71618981
9.61325072
10.68148560
9.68733265
9.73489555
10.78016092
12.02343164
10.97103954
11.37134638
10.64831779
10.77576702
9.97270859
10.75356375
7.78076707
10.03248891
10.20977803
7.79079860
7.78989357
7.78774489
7.80117040
7.93426876
7.51261438
7.84397763
8.67312513
7.82051017
7.91405265
7.84575511
7.81239471
7.81804868
8.11230931
9.83685671
9.47932191
7.81427506
7.84337620
7.84636624
7.85496347
7.84689816
7.83373611
8.29869038
10.12045732
7.84769554
7.83885259
8.95736757
10.13386526
10.02786628
6.80473428
9.59391587
10.36617318
11.40539433
8.22516128
7.88421978
11.01404433
8.62820026
10.06179929
10.49781382
11.17636327
9.79566776
11.23241055
9.88812181
10.82696805
10.66620592
9.84059026
10.67124940
9.49835810
8.06461660
9.42171383
7.79162588
7.73908544
7.80867166
7.72072941
7.78667626
7.83447557
7.81655974
7.78917505
7.84252964
9.88631764
10.87937634
8.83999020
8.80003152
8.48479533
9.84050013
11.53001649
8.95952028
10.46104081
10.60589190
10.43910918
11.53663543
11.60504961
11.76961756
13.00625876
12.09261338
11.89533587
11.45141459
11.99143401
11.73467307
11.78501666
12.48493296
11.88487132
12.17023383
12.82956880
12.48904771
12.68538148
12.09793892
12.47825540
12.15419977
12.09821753
10.33340839
10.54549054
10.51600508
9.63622382
10.61436303
9.42901540
8.90880156
9.13790344
10.25265621
10.45657365
9.73207877
11.27067912
11.13719166
11.62316355
11.30301779
13.10454901
10.91291384
10.03740364
9.09979049
8.94511096
9.01308624
10.64356468
7.18495637
10.51629160
10.56401416
10.54248252
9.06655634
8.65011038
10.71528508
9.44357788
11.80777859
11.96796243
12.04040072
11.42016306
12.00384208
11.91548887
12.57338689
12.62207288
12.00904871
11.87456520
12.75905204
12.24693936
13.17431647
12.38195531
12.45202033
12.75231050
13.18006384
13.14470704
14.11580152
13.47404472
12.75321587
10.53615731
9.72626863
10.76808825
9.78955429
11.04544061
12.38968959
10.80750530
11.07262957
9.15454206
11.80167807
10.42047848
10.39647241
11.79039381
11.41794580
11.42388333
10.94232871
11.41347153
11.71271481
11.04321294
-6.73793736
-5.53152589
-6.05934873
-4.87825959
-5.48734159
-6.35382776
-7.56904940
-6.69003834
-7.13087491
-8.34164271
-8.56895440
-8.07735208
-8.19028856
-5.98060261
-8.05408978
-8.24024119
-7.90584250
-7.99235347
-4.39501316
-7.55551023
-8.30264436
-8.16929343
-8.15062074
-8.01400316
-8.23103159
-8.50683722
-5.64649306
-6.90150907
-8.45017822
-8.28087723
-8.31025672
-7.17900137
-8.43229224
-6.99941731
-8.24673998
-8.54759856
-7.24368376
-7.97306681
-8.54259292
-8.32990591
-8.05765938
-8.03614818
-8.58090234
-8.35961954
-5.74484132
-7.88798692
-8.39489290
-8.50974361
-8.59079861
-8.07464582
-6.64928125
-5.06806490
-7.40269199
-3.07686095
-5.14711839
-5.36810054
-5.14758447
-7.49113364
-4.33034500
-5.83137161
-6.65739233
-7.44392552
-4.76496902
-5.39509418
-7.92074114
-5.74651844
-7.89035442
-8.25407555
-8.02330114
-7.39986169
-8.37446797
-8.39214921
-8.36597531
-8.25181311
-4.99018452
-4.99061081
-6.05985872
-8.04296569
-8.22021519
-8.41959668
-8.08380102
-8.20964029
-8.27449461
-8.21200772
-8.03441389
-6.99145669
-7.69138740
-8.57541819
-7.74403183
-8.42308790
-7.73638636
-8.43346556
-8.39457631
-8.40856613
-5.88922323
-8.06139361
-3.89376154
-7.44229166
-8.06160529
-6.33416437
-8.18632954
-7.79506506
-6.23011289
-6.53601043
-7.88604412
-7.80897728
-7.77526475
-8.24058060
-8.15095678
-7.83853972
-6.49073371
-6.42641515
-6.29602039
-6.34856794
-7.64764918
-6.35335309
-7.32880548
-7.35189551
-7.03968304
-7.00123075
-6.69620251
-7.61708207
-7.71982158
-7.44983858
-6.58010961
-7.73151351
-7.72440226
-7.33593266
-7.65660435
-8.33347767
-5.25117434
-5.28893505
-4.36547076
-4.57680492
-5.14755944
-5.11080533
-5.44514782
-6.93117540
-5.90811778
-7.11937623
-6.89245157
-7.21798346
-7.11874085
-7.18895207
-6.23157659
-7.04725851
-7.24965436
-6.93291373
-6.34979160
-6.40881461
-7.92103868
-5.39239518
-5.22147731
-7.77935265
-8.86330889
-7.66312463
-8.00227772
-8.87136812
-7.92282841
-7.65667127
-8.22245104
-7.78403431
-7.51419380
-7.46029651
-6.13124142
-7.19817645
-8.43213027
-7.52855083
-6.24935256
-6.39022631
-8.19377031
-8.41323572
-7.68296696
-7.72855487
-7.61523914
-7.82119054
-7.78717738
-7.79445023
-7.94372269
-7.96878375
-8.26475532
-6.70384481
-6.45181642
-5.62219593
-5.72748043
-5.70405226
-5.66993953
-6.82451306
-7.15296647
-7.84974738
-7.46024016
-6.31187910
-5.92539963
-6.12937404
-7.27117424
-5.94974588
-7.00414166
-6.26344374
-7.16496906
-5.59756654
-4.38086442
-2.93557982
-3.20046527
-3.24934760
-3.62916718
-2.82457232
-4.07370363
-3.19449274
-3.02208786
-3.24727409
-3.67579263
-2.38593981
-3.57999588
-0.63084982
0.33190713
-3.44015167
-2.73576848
-3.16605556
-0.30903478
-2.75330290
-2.56394534
-5.88313344
-5.55874159
-5.81031854
-5.45061589
-5.26404089
-6.00054291
-4.96260852
-5.95373293
-4.94595658
-6.84891188
-4.43486446
-4.80674743
-3.71401259
-5.19995287
-5.23146314
-3.42019529
-4.15734229
-4.97561579
-4.41997839
-4.48861836
-5.30311990
-6.95027516
-5.64398588
-5.53511169
-5.63663672
-5.64311816
-5.30439163
-7.16420550
-7.02432734
-7.08237735
-3.98154001
-0.20377665
-3.97641066
-2.95923314
-2.43633060
-1.28618929
-2.90855533
-1.84413855
-2.45369967
-0.42074535
-0.06087144
0.55422063
0.86248621
-0.37722429
-1.30028742
-0.63524758
0.24809550
0.31886970
-1.68397868
-6.88314922
-5.26716181
-6.10964477
-4.90379509
-5.14246226
-4.51433891
-4.46908898
-5.32063581
-5.17527030
-4.61210021
-4.07358138
-3.61650459
-3.80683300
-3.91067982
-4.11527482
-3.93191613
-4.04283659
-4.24285881
-4.95930221
-3.32407712
-6.82123820
-5.43722981
-5.44619557
-6.92330731
-6.85815394
-5.68034736
-5.43196036
-5.58255464
-5.73361513
-5.57675758
5.92953674
4.31472354
5.49863651
6.50749823
6.23193019
6.82325085
6.29772152
6.50710398
5.55480556
5.38493710
6.65022088
7.39431733
8.05410872
7.41063925
6.44233835
6.50713316
5.94793926
7.19444287
7.75473273
6.25433549
5.78075924
7.65587819
5.97296285
6.79765073
5.71907676
7.37200938
6.61010754
6.41775905
7.24740100
6.82636490
6.78890229
6.75209955
8.42507111
7.10668381
7.78351801
7.12530492
5.17120148
6.66136566
7.29334245
7.01319378
6.96222550
7.33152579
7.32514203
7.33985072
7.04062420
7.71091208
7.46673096
7.77651400
5.67964176
6.87849362
6.05028992
5.48957300
4.62453574
3.89850623
6.57285787
6.91369585
7.08443569
6.22190607
6.16491862
7.42210532
6.70516109
4.60142688
6.00400772
4.60002945
4.53313152
6.68261333
4.57433219
7.07320631
5.80287736
5.63316698
7.10833140
6.65806534
7.27889712
6.57601745
5.32788280
7.14885266
7.43234690
7.27788278
7.43452860
6.59669231
5.84375365
6.83687687
7.71644014
7.65766009
7.03011323
7.03159434
6.33100240
6.38481496
7.13685011
4.57515544
6.89879360
6.69803020
6.92508601
5.98736248
7.14198441
7.86326479
7.19187438
7.19738468
7.18220162
6.16111380
-0.41379421
0.42331965
-0.16611313
0.32255411
0.24511407
0.39963806
0.52641635
-0.56637952
0.58824166
-0.38505180
1.24752499
1.40320489
0.48065400
1.11803277
-1.31266687
-0.70426879
-1.37492801
-0.37329028
-0.10466483
-0.56334571
-0.46503257
0.19423129
-0.63134441
-0.81822790
0.35630848
0.04031734
-1.27041203
0.21976051
0.27786462
0.37070725
-0.66987491
-0.89399639
-0.98632173
-0.76107824
-0.94136972
-0.62637974
-1.12517788
-0.60936981
-0.61556011
-0.58088340
-0.65453844
-0.67452755
0.33878728
-0.68685086
-0.70240211
-0.68223325
-0.98097137
-0.18991824
-0.59513708
0.19572205
-0.44861319
-0.62666370
-0.59083816
-0.88180918
0.60981992
-0.57744686
-0.56594124
0.44179025
0.59844571
-0.91219671
0.75898005
-0.71673132
-0.62175763
0.80868996
-0.49507667
-0.46077765
-0.52459411
-0.61239373
0.46037390
0.80507697
-0.59288317
-0.63833327
-0.69709735
-0.62294263
0.34242294
-0.50089518
-0.60567929
-0.59699294
-0.72705533
-1.11681447
-0.99614204
-0.59655703
-0.80587883
-0.87448463
-0.85829752
-0.55829144
0.39457435
-0.07634938
0.23587147
-0.66874874
-0.68557489
-0.70762859
0.03926466
0.29691965
-0.65908897
0.18752632
-0.49807846
-0.70357261
-0.70297856
0.21370559
-6.07211093
-5.28834703
-3.19707318
-4.23704284
-4.72652463
-4.90301858
-3.66735472
-3.95195998
-5.05544497
-5.76774129
-5.73521793
-5.75753236
-5.08989479
-3.05623823
-4.80976180
-5.15100349
-5.68955443
-5.51576439
-5.28053595
-5.37044392
-5.35439107
-5.44271944
-5.75734377
-5.75948494
-5.40935917
-4.32879434
-4.22963539
-5.82679919
-4.50988164
-5.12672063
-3.77059472
-5.24979239
-5.50845235
-5.66423856
-5.46182400
-5.81528730
-4.89306083
-5.44848721
-6.46723955
-5.23428410
-6.06573595
-6.64284579
-6.07264803
-6.64988442
-5.80929218
-6.12248834
-5.49571034
-6.20578851
-6.07272952
-6.77835936
-5.22431386
-5.53643150
-5.58877045
-5.85726107
-6.73567600
-5.74998641
-5.73115962
-6.66180463
-5.88775733
-6.66422362
-5.78796765
-5.99293619
-3.90637318
-3.49810553
-3.71564092
-4.53167770
-4.83447221
-4.63355623
-3.96746804
-4.50182188
-5.20779191
-4.86576255
-5.21415789
-3.17398606
-5.74389071
-5.93598501
-5.09650580
-5.60277918
-5.84457510
-5.49130747
-5.37776051
-5.38043035
-5.74502511
-5.20760543
-6.66177924
-5.59099643
-6.68067381
-5.95255778
-5.81466294
-4.53768752
-4.54123628
-3.67091358
-6.69624446
-5.78004086
-6.68607577
-6.08694314
-6.75385946
-6.09440486
-5.59165763
-6.70352017
1.37812639
0.16363827
0.89338581
0.12341715
0.08643594
0.80306396
-0.03381531
2.30091866
2.02904091
1.75489238
2.03695518
2.47253999
-0.00177430
2.35847848
2.12801555
0.75724016
0.57594895
1.35835327
0.08427661
1.13654865
2.70183955
2.63145192
2.64009133
0.87360093
2.76208575
2.49263615
0.93882583
2.61253232
2.68096702
2.21516124
0.52005204
2.29812981
2.46080372
2.55350595
2.89801367
2.66875320
2.65636667
0.54040318
-0.07269764
0.01489814
2.16102876
2.65939987
1.93404483
2.63220815
2.39808494
1.22964744
0.92043535
2.91538850
0.99317521
2.28616321
2.15853224
2.54270266
2.78623433
2.76604495
0.77527681
0.10543246
0.54113446
0.39042896
2.09726384
0.11252085
1.96714600
2.38053827
2.37436981
0.47624628
0.01770277
2.25158454
2.13015565
2.29597924
0.07190682
2.33853551
0.17300011
-0.15340496
0.05910347
0.45029010
0.26151248
1.23847719
0.01779157
2.64976638
2.49217284
0.69708427
2.26441095
2.30421726
0.96486517
1.05969129
1.07474677
2.73773222
0.94656536
0.88672571
1.31886710
0.92725815
1.89916334
2.63783221
1.38426170
2.07218416
2.57952609
2.44507853
0.83551504
2.38195514
2.25293431
1.45121555
