5.92625096
5.01369680
5.11236159
5.53512750
5.27441976
5.54427645
4.69373872
5.01055002
5.24324806
5.64402847
5.37250166
6.34719307
7.14357797
6.08963922
5.94379053
7.69412288
6.12790511
5.93903371
6.02917387
7.78920903
8.23133248
6.24736654
6.42121609
6.49062252
6.33411540
4.86947026
4.60314969
8.57863747
5.60120175
6.12751104
6.54530609
6.79689105
5.32147991
6.26642059
5.89270169
5.76892126
6.77379452
5.45206343
6.86419007
5.89541966
6.20492937
5.89974291
5.42178013
5.02440256
6.64693937
6.02791423
5.53896823
5.34966331
4.79752850
5.18951104
5.90962987
4.92165645
4.76935073
6.38117125
4.68924604
6.82646370
4.65776484
5.35180209
4.71607182
6.86271007
4.67165049
5.33604436
4.65553747
5.66342181
5.85770622
6.06233065
7.89919655
5.53190473
7.21618155
5.27645299
6.92987647
6.03976019
7.46338921
5.80279745
6.34640603
7.14643016
4.93167810
6.20818117
7.94027583
6.25000734
5.86468755
5.42854723
5.14703870
7.03379059
5.47324147
5.35986185
7.15125136
5.21315957
5.27782840
5.74793332
6.28549467
5.62741999
5.89268938
4.76699103
5.03103611
6.93090002
5.57691768
6.91242818
4.95871337
5.17044392
4.60548862
4.49081093
4.14999658
3.44568563
4.56078518
4.75792057
5.15412286
4.12740243
5.66385924
4.75457499
4.73987584
5.96563666
5.35631256
4.85876301
5.51315665
5.44832670
5.76984279
5.59547674
4.90884159
6.02233525
4.74096353
5.77654488
5.71426949
6.15292082
5.72262246
5.78360806
6.04566695
5.94202038
6.10343251
5.43428652
5.34454152
3.58273512
5.57396464
5.24671759
4.06865067
4.00369275
3.30671525
3.68458049
5.09249906
4.03591924
3.97805640
3.27544020
4.17079713
4.40464439
3.69972195
4.59004474
4.49433588
4.06957585
4.04031305
4.39190047
4.90417281
4.85446333
4.30504920
4.63911646
4.74884273
4.20023736
3.90689004
4.57585240
3.20085665
4.70732865
3.04018717
4.74726312
4.33152494
5.12982634
4.87697840
5.19931034
5.09389487
5.31720117
4.94294927
4.20983049
6.47840760
5.76425063
5.89522602
5.83961073
5.90506590
6.07625375
5.38521177
5.31968601
4.94137329
5.48821898
3.34915103
4.86484892
4.04948963
4.01458581
4.13763018
3.81958651
3.38070555
3.12523240
4.41696959
4.62374904
4.38273024
3.98987165
4.57757839
4.76670959
5.16378178
6.18983362
4.86353558
6.20375850
5.56259154
4.41879238
1.48764977
1.49819066
1.49272655
2.98277861
2.46864690
3.12108171
3.00232293
2.89018852
2.17378886
1.90871133
1.03229589
2.26453003
2.35139919
2.10867069
1.82343401
2.32058682
1.44238743
1.86303387
1.94698149
1.84417916
2.11696822
1.01266226
2.22563936
1.80696918
2.48502119
1.96774170
1.52435715
1.93342579
1.66282373
1.79028419
1.67050297
1.12294843
1.48245061
1.50503742
1.40919712
1.47791581
1.58050810
2.32860743
3.12944882
2.92023751
1.80071076
1.52424608
0.10615754
1.29558419
1.84850001
0.36870783
1.22485158
1.34860048
0.47475120
1.66284993
1.40630076
1.49659803
1.50908932
1.38838374
1.22861483
1.48906659
1.36264888
2.35387960
1.75162703
2.83516974
0.44458051
1.83806796
2.58666627
0.73895819
2.31832146
1.86743130
0.58837489
1.98881830
1.42434842
0.61753715
1.55203832
1.81807943
1.46972807
2.61503590
1.35049276
1.52666886
1.75708354
1.28374501
0.90927278
1.78862963
0.04783874
0.45717616
0.89582327
1.42806318
2.28854906
1.94002299
2.36809040
2.15530121
2.11367791
0.71287341
1.61581870
1.47217320
2.58895748
2.28000458
2.61240022
1.64881442
2.55282683
2.02136534
2.20432102
3.03132063
8.93538727
7.16471986
8.27255357
8.69990123
7.07297908
7.93984506
7.52995709
8.11664269
7.57963334
7.76413614
7.75449096
8.18407921
7.30704839
7.14819420
7.80232251
8.37204069
7.22859250
7.14573284
7.32486458
7.22819836
7.63892016
8.22067688
7.45699101
7.70121621
8.11923071
8.32245063
7.97602326
8.44235621
7.22679487
8.30216690
7.38582456
8.34273122
8.47756347
7.30031129
8.38913397
8.23651178
7.71475338
6.72929690
8.21061853
7.90688435
8.82040184
7.75257557
8.32311107
7.34027031
7.22304497
8.66350402
8.19308684
8.24798886
7.39774235
9.41862891
6.81735391
9.01716817
7.53708694
7.62406779
7.84721296
7.43866939
8.09654997
7.63720078
8.37061838
7.46168293
9.17495421
7.60635789
7.59371707
7.88807973
7.15697455
8.04438127
7.34029386
7.52520775
8.40508439
8.66372387
7.07797690
7.82673436
7.81174747
8.47420675
7.36724354
6.81932064
6.59237264
7.93291553
8.21644527
7.37292388
7.39470233
7.61392697
7.68460143
7.69527264
7.62111855
8.44786683
7.82011952
7.26902860
7.59756660
7.84461365
8.34496995
7.83938743
7.69312401
7.95517772
7.45777927
8.14711927
8.90073994
8.82576366
7.38182438
7.27526432
1.24679694
0.88721922
2.14590979
1.95971574
1.86933582
1.54781157
0.84199567
-0.81041981
1.88106748
3.32584524
1.80812352
0.07674867
0.25203982
0.76029106
1.72561485
0.12089240
2.49628733
2.00825385
1.49606626
2.24393938
3.86912000
1.40572949
2.31128200
3.02389400
1.23493806
1.64076616
1.70575628
1.92642412
1.96669188
0.37875190
2.07579491
1.84345413
3.26798090
0.19586442
1.49789121
4.40631116
3.75421883
4.12204282
2.78175512
4.45123325
4.76534764
1.91393703
2.11187180
2.08620028
0.15197949
5.24087716
4.47923543
1.02164646
1.61675214
1.42495738
1.62634375
0.76900517
3.11239617
0.85713452
1.78839419
0.90054878
1.83854133
-0.80153316
0.45155409
2.21260664
-0.12248019
1.77925721
0.95611004
1.83590029
1.00951509
1.05245700
2.13197937
0.84465274
2.85471264
2.85471264
1.57258850
1.82365789
1.03211314
2.11465832
1.83470174
1.53725982
1.74856142
1.67292522
0.81962853
3.27942649
3.86600931
1.50601026
1.42681294
2.41334499
1.27894214
1.40495936
0.39985124
3.08077921
1.28077585
1.54168087
1.81168151
0.55567329
2.28927352
0.67003004
1.51835677
0.86203408
2.85879804
0.42343209
0.42343209
-0.41858516
-8.39803583
-8.35786413
-8.11786770
-8.13663431
-8.86090963
-6.38120969
-7.83756597
-7.82627391
-7.36754544
-8.44628272
-8.26655714
-8.53859623
-8.51724110
-8.57613085
-8.61634340
-8.66545130
-8.60925721
-8.49066602
-8.38376363
-8.56254867
-8.58933023
-8.69453115
-9.42533310
-8.77814118
-8.77385933
-8.34918235
-8.90192157
-8.26249937
-9.00350643
-8.06913633
-8.66540412
-8.62614841
-8.49110615
-8.93905722
-8.74040801
-8.58410389
-9.68888971
-9.06021192
-8.71976684
-8.97698111
-8.74963609
-8.90055336
-8.58536581
-8.39473804
-8.61421714
-9.58901376
-8.55059340
-8.61594338
-9.07993167
-9.24491742
-8.18736176
-8.73789886
-8.70682974
-8.73660282
-8.21806704
-8.75271895
-8.47916606
-8.76200833
-8.66935178
-8.74012036
-7.76665595
-7.79055901
-8.63578446
-8.74092374
-8.77096089
-8.33435233
-8.17854908
-8.30685602
-8.36779842
-9.15710115
-9.31361389
-8.23463859
-8.64274803
-8.70239084
-8.52666629
-8.89722073
-8.64049445
-8.85241756
-8.59460281
-8.86036715
-8.69588888
-8.69056532
-8.52734549
-8.81060419
-8.46602678
-8.50066647
-8.51035115
-9.06922412
-8.80135786
-8.42715552
-8.83659046
-8.55729294
-8.69460233
-8.98308384
-8.78050459
-8.59383109
-8.94485314
-7.67649975
-8.67442064
-8.53980101
10.25694787
11.04144374
10.69625448
11.75188676
10.00195572
10.36250320
10.43848233
9.60691041
11.09685231
9.10176210
10.53292042
9.59805350
11.00069935
9.30109079
11.38630901
8.62796035
11.42211128
10.85996234
10.83050455
11.35303434
10.50098765
8.05611259
9.40214053
9.88246127
8.01860941
10.57939612
10.55578130
10.53701621
10.05687783
10.68052393
10.56030774
9.64868215
11.36580937
10.73262504
10.22746258
10.74121790
9.40960536
10.58143760
10.26162229
8.07301336
10.32943218
10.34396070
10.72383083
9.65292124
10.85472073
9.75732941
10.49756502
10.46558090
9.37549248
9.47866158
11.07501018
7.33938229
6.56884787
10.45251988
10.57187135
11.27586616
10.56300641
10.45797042
10.58491998
11.59407144
10.57617152
9.68628432
10.36895156
10.27732712
9.77389599
9.99710502
7.09939777
11.01971000
9.23934182
10.32198010
10.74571874
10.81165323
10.63843016
11.30998184
10.34019764
10.51256016
10.15162978
11.06711075
7.95707133
10.85521923
9.28740051
7.81267338
10.52810266
10.22079420
8.78305113
8.32356977
11.05762467
9.31853425
10.04238100
10.36514398
8.03802181
10.85638896
9.64887469
9.71025249
10.51391953
10.55829767
10.37439991
8.13277313
10.22338921
7.45378213
9.04793211
11.10648511
10.75077979
11.64286515
10.47709650
10.11798358
11.39977019
10.82257994
10.64502058
10.74920880
11.26079067
11.23553561
11.18897035
8.91851677
9.58890389
9.82809037
10.68453587
9.59286853
9.76239629
9.02568566
8.61418261
9.40508249
9.82950476
11.39681685
11.72356203
10.78043183
10.92825232
11.50947263
9.56838268
10.72854255
10.23949119
9.94449345
10.27404755
10.54724447
10.18209929
10.37370111
9.26505180
9.60915065
10.64100984
9.87764696
9.78782882
9.96550429
10.00511259
10.40305277
9.48122818
8.45122510
11.47947145
10.38573267
11.84284674
11.52937081
11.26662866
11.10885103
11.30250787
11.02695619
11.25452691
11.40335592
10.80840919
10.57839574
10.97082551
10.73099650
10.50458889
10.87685718
10.46711717
10.60302771
11.61187356
8.44224472
10.24553880
9.86508718
9.31612227
10.64167923
9.78453390
9.64069186
8.47505217
9.66236804
10.42600138
9.71542924
10.59242991
11.55845360
11.48930572
10.86630718
10.38347585
10.21130021
8.10460078
10.58005613
10.25077782
10.63486833
10.29963795
9.90047541
9.80104414
10.11233476
10.00229712
10.55901146
8.22059247
10.81712529
9.78010021
11.25028174
10.32520081
9.84085911
9.31689969
10.23418930
3.30045063
3.31447498
3.46451858
3.04331930
3.43238095
1.78533420
2.88110284
2.64404592
3.57725569
3.09257303
3.24796655
5.09505173
4.27627144
2.89118493
2.53632770
2.69179322
3.07279977
3.16444023
3.42185445
4.87142702
3.70344263
3.38784053
2.34630323
5.20836137
1.71293917
5.18291017
3.48642993
2.42179665
3.12684777
5.22563267
5.36757618
8.95966180
7.15165905
8.99105011
8.76506684
8.38297692
8.21425698
8.20983264
8.23663237
8.17021990
8.17446540
5.33579697
4.57603316
3.44856120
3.01632552
5.44224789
7.14242636
4.47944495
5.73398354
5.71488085
4.46770969
7.82559388
2.60959828
3.26022521
5.00564554
2.54857898
5.54090568
3.99628293
1.66042618
3.45361426
4.91815435
1.76965291
3.81532457
3.81484460
2.02219694
2.62221676
2.59027971
3.11370974
5.16121150
2.48720113
3.24431326
3.15875145
3.30053109
3.65879833
2.93404717
5.51428504
2.73174667
5.41704841
3.56908762
2.62678200
5.27466942
2.03759400
7.68748141
7.63244435
6.85638687
4.47772171
6.08701333
5.35616742
6.44880081
4.78662433
5.62706562
3.84752345
2.99661216
3.72163463
4.14190337
4.30797559
3.85501305
3.50215273
3.31871209
3.97934358
1.94306190
3.31041958
1.08179966
3.25404270
1.78852864
2.41625029
2.73516616
3.59084796
2.26290368
3.12332929
1.94753151
3.45103779
1.84518352
2.32392058
1.90227890
1.87245714
1.90611200
1.89985001
2.14673714
1.87992186
1.91701477
3.44063131
1.78726495
2.70031189
1.59051275
1.40084347
3.44390271
1.75172056
1.79021341
2.04706129
2.08420197
2.56790363
1.59334038
2.25713691
2.02221958
1.81739195
2.06722799
2.31984413
2.16963075
1.85019475
2.63733817
3.85965360
1.10959709
2.58825529
1.58630408
2.27273068
3.22856222
2.16674471
1.39176535
4.05882919
2.79603383
3.84734350
1.68759120
1.56484615
1.70443868
1.84018624
1.56678582
1.88572966
1.73356751
1.61185273
1.68959023
1.56056910
3.22900442
1.93689921
2.22657103
1.72059625
2.17343454
4.01109149
3.49760570
4.84856388
3.98385075
4.01168970
2.49667705
1.64234064
2.46330379
0.90445572
1.92447564
2.09447683
3.47197400
1.98737166
1.65739534
1.84551664
1.99764650
1.96740916
2.98281323
2.98618520
1.61918798
2.20378956
2.02591716
1.94923478
1.82086774
3.01479996
2.04773871
1.92396217
1.74472138
1.38733087
2.31234816
1.81812730
3.00624313
1.65451033
-3.77897272
-5.87681947
-3.55980323
-4.08027839
-3.68105307
-3.59291409
-3.15561458
-3.80631384
-5.16646554
-4.87715238
-3.97917254
-3.28934033
-4.03272255
-3.97177643
-3.04544503
-3.47606203
-4.02883508
-3.86218075
-4.02473685
-2.94678056
-3.95488275
-3.60292790
-3.38436889
-3.24858072
-3.74028477
-3.89552750
-3.11908859
-3.90804329
-3.96805156
-3.91664833
-3.45178681
-4.97167802
-2.80938458
-3.65286650
-3.50393736
-3.53045463
-3.67941527
-3.40302864
-3.58780521
-3.27401320
-2.65259474
-2.38469654
-2.96769261
-3.08562247
-2.84569417
-3.04915356
-3.03649532
-3.01172683
-3.17768964
-3.34977250
-3.96646121
-3.08703330
-3.52802456
-3.91526730
-3.74813901
-5.32230565
-3.84664300
-3.96983403
-3.86496872
-3.10362520
-4.29723468
-4.05825518
-4.12819463
-3.31339871
-3.44670440
-3.77995617
-3.44062391
-3.70581615
-4.93791465
-3.04772849
-3.49105065
-3.19084802
-3.35706807
-3.88747361
-3.03445386
-3.31780970
-3.41726427
-2.95771893
-2.73574163
-3.59870370
-2.64283299
-3.33800429
-3.43146896
-3.51489592
-3.34493366
-3.56619438
-2.25695638
-2.80544228
-2.87295643
-3.13863582
-2.40868106
-2.86544634
-4.87750797
-2.49279961
-2.96582895
-3.74576605
-3.61454601
-3.19460161
-6.72091479
-3.42166713
1.66838810
0.52554704
0.16281560
-0.03900862
0.40497506
1.15819586
0.12459210
0.12942801
3.78636031
1.69797949
0.42647044
1.18136173
0.46005806
0.36810277
0.46603157
1.40284218
-0.39570377
0.35671789
0.37125507
0.73436387
-0.17496299
2.09806449
0.59986877
-0.09981967
0.34486580
0.29114114
0.41810841
0.41290499
-0.20643753
0.10670215
2.96766537
3.87172698
2.90884238
2.52399101
3.06633158
-0.05384354
2.38705378
-0.31617233
1.88164584
0.39640202
1.44708694
-0.05179636
0.28720666
0.18089550
0.45361555
0.39659206
1.46617113
0.34691739
0.30681007
-0.24226922
-0.32831723
-0.49540911
0.29756442
0.20242224
0.37664915
-0.21917900
0.12534171
0.42444942
0.43660270
0.57013650
-0.16640391
0.41907767
0.42801650
0.33535439
0.72415639
0.76345708
1.73060315
-0.07880663
0.35942301
-0.18338448
1.19886977
-0.13784559
0.01211103
0.37550362
0.48593221
-0.26450718
-0.38692966
2.52755011
0.32285584
2.04704352
0.12394345
3.57018732
1.42464665
4.35765626
1.91559129
2.60861530
3.62729140
3.20423227
1.42850408
2.39654558
2.83335289
0.08460628
-0.02204749
0.08440550
2.19140566
0.31304067
0.85444744
1.55831959
1.30258280
0.15631882
-6.14169781
-6.83321617
-7.90681592
-7.51091998
-6.88642098
-6.91934542
-6.73627042
-7.18573019
-6.78099028
-6.79730267
-6.10987536
-7.18089083
-6.33125330
-5.35311983
-5.05666038
-5.02248736
-5.97746865
-5.36252832
-6.18010393
-4.99777608
-5.64903101
-5.09554577
-4.68091371
-6.45892505
-6.77465718
-7.46161194
-6.63861043
-7.58747945
-6.57130390
-6.50359045
-6.34370248
-7.46555532
-6.72188612
-6.43261468
-6.32699276
-6.47348078
-5.77587754
-7.32284689
-6.59816980
-7.83573299
-6.60864617
-6.21234662
-6.76172711
-6.03259483
-6.86638493
-6.67356989
-6.70071318
-6.76363958
-6.44706581
-6.57533181
-6.64566621
-7.01662688
-6.43305968
-7.34433408
-6.53675639
-6.57789102
-5.45369517
-6.69138981
-6.32638613
-7.05294574
-6.72917778
-6.70523687
-6.67831156
-6.92504355
-6.23076922
-6.65694775
-5.83631352
-6.74826479
-6.65299532
-4.28228592
-4.82428364
-4.11350802
-4.86497802
-4.48731626
-5.03683314
-4.24544158
-3.83873012
-2.59183790
-1.31530233
-5.12639792
-5.25072888
-5.78616145
-5.31918407
-7.62167232
-6.91489230
-7.65192089
-6.69631685
-6.92575818
-6.87194068
-6.38937105
-6.81128596
-6.85844332
-7.17826344
-6.79203803
-6.61904678
-6.59610835
-7.64676751
-6.51494333
-6.71935316
-6.42756925
2.14196206
3.35677260
2.56583703
2.42468711
2.33201061
2.57599207
2.28066665
2.56157808
2.13712710
1.21545671
2.47083705
2.11859665
2.13108100
2.12828247
2.46721500
2.09007895
2.03267125
2.28068572
2.13199697
2.18288243
2.40400502
2.40004477
1.96861521
2.34762144
2.40875771
2.35216841
2.46384191
2.19852757
2.38608424
2.20261050
2.93667323
2.93144146
2.86996327
2.70154537
3.02384971
2.68065163
2.81252994
2.48024281
3.19252009
2.34812192
1.95017059
2.19796085
2.28184772
1.87541736
2.55662325
1.93439503
2.29243260
2.02530930
2.39841520
2.07239376
2.05211913
2.23885174
2.32209669
2.39439925
2.44384846
2.33567831
2.28219761
2.45192268
2.54267165
2.54712207
2.36089505
2.16282917
2.21495562
2.28653791
2.07109421
2.40803335
1.66673150
2.40765457
2.13708906
1.16159587
2.36075292
2.75585729
2.23605706
3.04858000
2.43953128
2.42810791
1.91084910
2.78065500
2.62640608
2.61641286
2.93817286
2.72249466
2.71561019
2.82644839
3.18019997
1.79421823
3.72964510
3.24385641
2.89015216
2.90636398
2.32484635
2.48811091
2.16570127
2.17031577
2.05229596
1.44784691
2.19771053
2.06824457
2.16399003
1.30992869
0.72908913
1.64404664
1.24035887
0.88624378
1.88847018
1.75872487
0.57490039
2.79573950
0.68801966
1.33922802
1.19971410
3.66265396
1.45000965
1.61470019
1.84266931
1.53669974
2.48252429
1.83323825
0.81301895
1.47465145
1.11807053
1.37603443
1.70339162
2.17098854
2.65320556
1.48431224
1.29810994
1.86457306
1.84456765
3.77703947
4.22519129
3.31021868
3.02285462
4.32243773
4.68243936
3.68896790
3.81644450
3.33812321
2.32278232
0.89706956
0.71670915
0.53837816
1.08818103
-0.84439949
1.12333414
0.50030735
0.73593728
1.75254642
1.32658183
0.88328813
0.89642088
0.92607127
1.46717858
1.04049872
3.22672624
1.30348470
1.21890929
1.55132024
1.61033281
1.60382727
1.69863260
1.43918684
1.13443644
1.32003124
2.95695956
1.36384360
1.33261218
0.99922713
1.34795206
2.07224590
1.76589777
1.63417324
1.08975578
1.21984806
2.31997024
3.28352828
2.65067580
2.52966866
2.53327808
4.70750653
3.40788089
2.97738136
2.37314473
3.85261468
3.68192138
4.04030326
3.52229388
4.34232854
1.87159669
3.88253686
4.96808416
3.90187058
4.27261352
4.17688814
-0.43573732
2.45733205
1.14346959
1.33743438
1.38724142
0.79523281
-0.70846991
-2.26077024
-0.64109707
-1.90694292
-1.91539364
-1.73850578
-0.78157055
-0.03512708
-1.07565831
0.23571331
-0.64049829
-0.63401187
-1.97812750
-0.66941912
-0.73518750
-1.16076600
-1.34111995
-1.02950800
0.47981370
-1.30517418
-1.60705726
-0.98419060
-1.31419840
-1.27302945
-0.71858329
-1.58146941
0.43689847
1.31774457
2.14788729
2.02428581
1.88239849
1.24949240
1.57086471
1.22400111
1.18459039
0.88699831
0.82436186
-0.76772460
-0.90477225
1.08296784
-0.80282025
0.20419221
0.60089314
0.52845930
-1.47939740
-0.48824452
-0.99981711
-1.67400779
-0.77149671
-0.15515066
-0.98239083
-1.56019571
-1.00602552
-0.84515663
-1.07951748
-1.70098652
0.35248402
-0.39520462
-0.72826739
1.02803669
0.92690780
1.98241871
-0.66637536
-1.60739427
-0.72301667
-1.06536756
-0.90162844
-0.65392233
1.13263014
-1.57727976
-1.34399532
-0.17843897
-0.44337857
-1.82714395
0.10615228
-0.13665087
-1.73247139
-0.60629112
-1.01208059
-1.14611638
-1.46350458
-0.72814940
-0.02675565
1.51887387
-2.09656604
1.28687773
0.50160735
-0.03005999
0.31700521
2.75923355
0.44440004
0.67670829
-0.75522255
-0.57517360
0.95346665
0.28502614
-2.83336891
0.04241088
0.19302514
-0.92962815
2.74526020
3.01066805
3.27129870
3.44696582
4.38509643
4.05421030
3.79263164
3.91183651
3.82623636
2.59675690
2.53377464
3.74741908
3.58278398
2.54302672
2.66328454
2.28278772
3.52247579
2.56443043
4.08293750
2.55428560
1.70212478
1.46782651
2.56086521
3.20341754
1.51473650
3.39165268
2.53058772
1.85823854
1.58968578
2.04464852
2.55094122
3.22741864
2.55924395
2.82369408
3.09362726
2.30055844
2.41902617
1.69063349
2.69738560
2.93443148
2.99849336
2.03012369
2.59701846
2.18687467
3.10866538
1.88692263
2.20061514
1.71042501
2.25603628
2.43455347
3.25963804
3.67210379
2.90813282
4.03283869
2.93811199
3.12651178
3.10249090
3.75079760
4.03166460
2.84127009
2.82085472
2.74762379
3.10849971
2.60899582
3.89628857
2.75069281
2.98405610
3.42838283
2.82997212
3.37880274
3.51084647
2.47857207
2.52123485
3.73582141
2.37541674
3.45387983
2.48178484
3.61515749
3.22853789
2.38906237
1.56620166
2.67665314
2.07824045
2.17297592
1.67475478
2.32105759
1.57616877
2.72474104
1.52664458
3.14913418
1.51586874
3.16281194
2.96665370
2.29909037
2.26902457
2.10533697
2.28958125
2.59552469
2.52417638
1.85859365
8.92534663
8.74771350
9.21505511
8.38948022
7.60911360
8.69378235
8.32053613
7.33201421
6.52158327
7.08069736
8.86913167
9.37128044
8.06200997
11.75013575
9.83646503
8.06999919
10.90693299
9.27405930
9.01696811
8.46932355
6.56803357
7.57581579
7.59325182
7.19313625
7.62365291
6.24616921
7.74354153
7.34723013
7.69677803
7.18930745
10.03872979
7.21660115
7.60343312
10.27819269
9.29898437
8.33026658
8.24793204
8.14901702
9.92399488
7.92983625
7.97789341
7.41634222
5.65286790
8.39621414
5.88287029
6.78225746
7.13919861
8.77211356
8.40275532
6.47387487
6.79143745
8.77074087
8.61604530
9.57380509
8.73333216
7.51090449
10.56441592
6.72403614
10.55131182
10.49277796
7.98104866
6.22333425
8.18236376
6.33352739
10.64987464
8.55374422
7.48014786
7.24568288
7.47721190
8.52265674
6.16219969
9.35786900
7.68892174
6.57051335
9.59887804
6.79575903
6.34552768
7.68403352
7.43066158
6.30766401
9.52057042
8.61898799
8.52830276
6.99474224
8.76061358
7.43027504
6.07605050
8.22728468
10.02158634
6.26405954
7.16567542
7.56569914
9.53085501
6.53673905
7.14840652
7.60370387
7.18222742
9.44343706
8.66808968
7.42526008
3.04151399
3.45904156
4.77622559
4.82197968
5.55167212
5.35329430
5.32333118
5.02076060
5.21357420
5.28475577
4.67474942
4.85106178
4.94730759
5.69502793
5.38018932
5.55871367
4.95184817
4.87774608
6.60756067
6.53843989
5.97410840
5.43889095
4.00047063
4.78069513
4.34713130
4.27252256
3.56493435
4.38614177
4.80140441
4.27680485
4.55161341
3.99975346
4.17190448
4.60136003
4.09045303
4.72510517
4.65081567
4.96932732
4.50809645
4.66589351
4.65045645
4.51451108
4.84408725
4.77380007
5.17610202
5.55438227
4.82350104
5.38305895
5.67169970
5.65908232
4.52806640
3.16578395
4.26088464
4.22938544
4.03918142
4.07537129
3.51110941
3.13026631
4.35362197
3.90820638
4.74546421
4.83047447
4.50389618
2.89414213
4.90900451
6.02676628
4.90412806
4.97917463
5.78290514
4.65519014
4.89045592
5.10160125
4.55022647
4.49036650
3.86042018
5.05177574
4.56360172
4.37117397
4.88773435
4.61890365
4.49606656
4.66640858
4.62269484
4.76321694
5.15109161
4.61852126
5.35453199
3.67328176
4.99075931
4.42888632
4.36793757
4.54681263
4.58638869
4.27910241
4.17330229
4.39151968
4.24075000
4.58463762
4.72483444
4.61902229
-1.95368707
-1.90042394
-1.50777792
-3.50420970
-1.99397265
-2.36824684
-2.76401009
-2.89853961
-2.15454880
-1.24426237
-3.58875271
-1.52934776
-2.94722876
-3.37764462
-3.15607768
-3.82462581
-1.13428443
-1.36403883
-4.18451480
-1.64572026
-2.94556000
-1.87086337
-4.31034258
-2.45991716
-1.14750287
-4.15908654
-4.49804732
-3.24640464
-2.70466467
-2.12341423
-2.62651588
-2.57669216
-2.90011836
-2.78098663
-2.81754096
-1.62711448
-2.02642427
-1.78744042
-2.24110241
-2.84260998
-3.64054750
-2.67444589
-2.67938485
-1.52406997
-2.59112698
-1.32902681
-1.84274845
-1.70986994
-2.65767365
-2.64404436
-2.73417822
-3.61860019
-3.45455445
-2.38769233
-2.85701353
-2.78766864
-2.85633312
-2.38420897
-2.69493672
-1.95782355
-2.70018464
-1.90400156
-1.88142420
-1.54584580
-2.54840735
-2.55756754
-2.53592648
-2.63861329
-1.40594494
-3.23910506
-1.84090937
-1.46793624
-1.86244275
-2.73701515
-1.92392821
-1.90000856
-3.22764184
-2.01511065
-1.77643587
-4.26656902
-3.15478326
-2.74778563
-3.19657414
-2.12751831
-2.77669051
-3.63709883
-2.07986623
-1.87715628
-2.27162789
-2.61575465
-3.17960405
-3.62885089
-2.18118011
-2.20665193
-2.15310509
-2.15639254
-2.12656991
-1.90995670
-2.17521978
-3.65171964
5.61234602
3.58356477
3.87430826
3.49981138
5.20793495
3.81789123
4.52434210
4.82045543
3.39831331
4.33834020
3.94914132
5.28961167
3.29640871
3.96520096
4.11720319
4.03205030
4.41237017
4.21376776
4.71935791
4.57249662
3.86766678
5.22854507
4.20262572
4.04084031
4.52033162
4.50933207
4.92782684
4.58267867
4.01785614
5.75721576
4.91952563
1.41433064
3.34509889
3.56109178
3.98618988
6.72594179
4.08333140
5.13163540
3.01992876
4.74086511
5.25393183
3.54195470
5.60545293
2.87211226
5.57541845
3.63957535
3.55805343
3.80660382
4.72177870
3.58335588
3.46919509
4.36490181
5.44727565
4.78160211
2.29072845
5.74638616
5.07282181
4.17208142
5.53015070
3.93649344
3.00905285
4.21851415
2.95382323
4.55697003
4.43072569
2.96397985
4.03306014
4.24371356
2.91154587
3.75944019
2.30011599
5.41530107
5.86894068
3.50490406
3.69848038
4.94136466
4.99549301
3.86034200
5.44709260
4.99422846
4.68545191
4.00802639
4.27460609
4.66292071
5.00112463
4.01782476
3.85395186
2.81840452
4.05068856
5.08263131
2.97568760
3.27352644
2.65734419
5.53856304
3.50918684
4.77769081
5.14800941
3.58602094
2.69469186
4.64524033
7.70231251
8.51401858
7.45921490
6.32995247
4.57084062
7.52522633
6.08887943
4.54182837
7.25189711
4.88386008
3.87255944
3.86888680
5.11862127
5.22823608
3.90355450
7.06147786
3.89339710
5.44305192
3.77420459
3.85365468
5.37780163
5.80080740
4.51670589
5.54240324
4.33349074
6.72219102
5.51316269
4.07203590
5.67382719
4.72314244
5.30938699
4.22385776
4.25202475
5.49992749
4.24384845
3.49711991
6.14661751
3.86856227
5.36380554
4.19627404
5.22320600
3.33354012
4.27404754
5.08750960
4.55274526
3.25865216
3.90826777
4.19578118
4.48233858
4.87306641
6.91754662
5.85292536
7.74813070
6.48223448
6.86736887
6.49786168
8.78306154
9.19284702
6.56493702
9.38839991
6.49038940
6.05721625
3.93276536
5.83579572
7.38865147
4.36632993
6.80694343
5.60513878
7.16212998
3.80509804
6.95740706
5.75765325
5.95092254
4.36143327
5.33730611
5.14827952
4.75487348
5.00860575
4.97588091
7.73259762
4.64340795
4.15191179
4.35209955
5.75503468
4.75254892
5.20779143
5.42511007
3.14150173
3.80097341
5.94361752
4.32784893
4.29208942
3.07139832
5.27042766
4.27449775
5.20420415
5.04081346
4.31956550
5.33645478
3.85776790
2.37929447
2.71845038
2.49359200
2.35669700
3.78236727
2.48524965
2.41977274
2.49030529
2.28698013
3.84153499
2.42782663
2.48363162
3.74276827
2.16283668
2.65225776
2.79329983
2.62766427
2.41612130
3.44758910
2.49407482
2.35600044
2.38003869
3.69557350
3.71352845
3.88425350
3.89132139
4.11790429
3.65025247
2.22119967
3.71786376
3.50349170
3.70663321
3.47358275
3.54349362
4.38087360
2.43862738
3.63785466
3.66636843
3.58817119
3.60305330
3.50239597
3.85273244
3.34824510
0.72240573
2.42006838
3.51456348
2.63389416
2.47742789
2.56986470
2.44062353
2.44169134
2.44890768
2.29919702
1.66894842
2.50627510
2.50011198
2.50750236
2.50238240
2.47571908
2.40709568
2.78550562
2.43592790
2.38082853
3.55837967
2.43138424
2.32956654
2.49612033
2.48009680
3.22578002
3.83465640
4.26583734
3.45347469
3.48890823
3.63892598
3.88604704
3.87252119
3.93530782
1.96578249
3.65296114
3.82107741
3.77669412
3.79977503
3.92132535
3.74056742
3.60838960
3.84526142
3.74340301
4.14334714
3.68843689
3.49050229
3.43580861
3.35829474
3.29164397
2.60997898
2.67759780
3.71052236
2.53095291
3.36531429
3.94603537
2.60523465
