-4.57986329
-4.54679023
-4.51972590
-4.54203376
-4.46117383
-4.46517297
-5.36362075
-5.03575610
-4.72299037
-4.49288138
-5.07016537
-4.57978017
-4.94076593
-4.56662063
-5.60644857
-4.57381957
-5.08728016
-5.09673048
-4.97356168
-5.54854483
-4.92837790
-5.15569244
-5.09964978
-5.19985315
-4.97478710
-5.35799212
-5.03184715
-4.77136202
-5.56507515
-5.00645845
-4.69489799
-5.00917353
-4.65004180
-5.05433175
-5.09917718
-5.76193374
-4.70600747
-4.98133948
-4.97318464
-5.16160206
-4.69345968
-4.73589211
-5.03020446
-6.29837093
-5.06744587
-4.91181229
-4.77488995
-5.03358003
-5.08805294
-5.04987531
-4.41626100
-4.90013211
-4.36585494
-4.96586098
-5.39495577
-6.03609485
-4.16712704
-5.43183382
-4.40622097
-4.37074685
-4.96114729
-4.57903041
-5.50027936
-4.98699059
-4.58500691
-4.85653942
-5.03523351
-5.01265839
-5.66347410
-4.68958083
-4.96468557
-4.92123393
-4.83822957
-5.75909393
-5.06305189
-5.09864004
-4.84778880
-4.94333391
-5.10057760
-5.20912925
-5.57347714
-5.02049745
-5.15515528
-4.94925338
-5.06577291
-5.63539407
-5.18367503
-5.60504619
-5.02646923
-4.55472857
-4.61998759
-5.17331039
-4.81187618
-5.16928409
-4.76069376
-4.83618537
-5.12761389
-5.12650529
-4.98348110
-4.67412016
-1.94370739
-0.98513657
-1.96104119
-0.95459500
-2.28448783
-2.15663910
0.08828790
-2.02291659
-2.14339557
-0.89244287
-2.12828784
-2.06255562
-2.60216542
-2.13396026
-0.60386637
-0.61286930
-1.81010976
-1.34250002
-1.53557414
-0.10984005
-2.05238431
-0.30761513
-0.09318784
-1.44564530
-1.86477280
-2.13874707
-0.84094040
-1.42795502
-0.47595853
-1.87265107
-2.13227380
-1.95804075
-0.71966561
-0.45827243
-0.78739900
-2.21530747
-2.61855274
-0.95451288
-1.03386511
-2.04704872
-1.18425028
-2.56858139
-0.43331529
-1.69268606
-1.81255109
-0.20606927
-2.12082580
-1.03789143
-0.83237236
-1.73618902
-0.74584468
-1.95439934
-1.31657002
-0.66913052
-0.84154987
-1.40807590
-1.74686671
-3.85353891
-1.85438410
-0.79020272
-0.69645649
-1.89382568
-0.51823575
-2.06548652
-2.28429103
-0.88059676
-0.94868994
-2.24842235
-2.25009580
-1.00267560
-2.26008481
-1.82710086
-0.80543895
-2.16187687
-0.54558913
-0.86954053
-0.24765317
-0.81370075
-1.99971933
-1.93743250
-0.63716581
0.10925668
-0.10744223
1.30084364
-0.17927074
0.15690259
-0.92334805
-0.15242138
-1.32577654
0.24223781
-0.33958025
-1.79524896
-1.65118850
-0.96672637
-3.09152373
-0.49381442
-0.76956661
-0.57389778
-1.91921436
-1.99563717
-5.03709979
-4.52991943
-5.32054822
-6.14973866
-4.06672796
-5.61387691
-7.11850812
-4.23321966
-3.99157686
-5.50992907
-5.16156212
-4.45832050
-5.24958918
-5.08555952
-4.46880231
-5.19182205
-5.67321549
-7.04177166
-4.03421044
-5.14512373
-4.05791160
-5.11531851
-3.91564667
-5.00520289
-5.23687394
-4.89911669
-4.24885333
-5.15495927
-4.94637833
-5.18239469
-5.94133930
-3.36784564
-6.27758056
-4.63752936
-5.61216548
-3.23562390
-4.69137532
-5.04637979
-4.83832972
-4.68212456
-3.07380608
-2.89935328
-4.99496782
-4.18028404
-4.55770909
-2.51498216
-5.21869646
-3.22215839
-3.18771766
-7.06129041
-5.26730444
-5.52674219
-5.07036462
-6.19458022
-5.21181167
-4.75003844
-4.54138801
-5.16622545
-6.35488110
-5.21904907
-4.92022930
-4.91514526
-4.44325071
-5.16756677
-5.70469169
-5.05964178
-4.99581451
-4.04322318
-4.01940173
-4.15394916
-4.78297793
-4.74773843
-4.99450246
-4.99724994
-5.58503595
-6.51336582
-3.48762234
-4.71356154
-5.96464770
-4.99268874
-5.60682674
-5.32708160
-3.43079743
-3.24844799
-5.21856225
-3.72634171
-5.48036643
-3.36747617
-4.59921150
-4.98773359
-4.96336475
-4.69939973
-4.70166839
-4.86094860
-4.01030362
-4.46762014
-4.61098365
-2.43124977
-1.73754156
-4.59037678
13.08230068
10.75011557
12.08827948
11.41744765
11.64250020
12.14736641
11.82581586
15.46691898
12.09527527
14.52735392
12.39202160
10.88765291
9.71588063
11.72491282
11.74421503
13.51895844
10.94464484
14.15046805
10.35455539
11.80049052
10.93551609
12.20207208
13.96207814
13.10524564
12.39124442
10.52809209
13.66078876
12.47330559
12.16656541
12.40777186
10.53855398
9.89212106
9.81641999
12.34319420
11.91457405
11.61607286
10.61843245
10.11036428
11.55191738
10.02407886
12.12589394
12.12771519
10.19812858
11.84816346
11.88541880
12.98050653
11.47335453
12.08692739
9.25437584
10.23918899
8.82190981
12.16600086
9.86281244
11.30962031
10.59907630
10.89589661
12.21621172
10.76720854
11.16012151
11.92374176
12.04992852
14.58012428
12.02712791
11.96855403
11.58212206
10.82686185
12.89674913
12.88954820
9.46358629
12.59585211
12.97107133
12.38152047
12.77170536
10.45103116
11.07807512
12.40221466
10.84534537
10.40574275
12.28019589
12.38428912
10.06375741
12.03359571
10.45780156
13.20972040
9.77479034
10.67098934
12.14068562
10.69549428
13.06178784
12.07786501
11.24390210
10.12030358
9.72845973
10.66649034
12.74584135
12.47769915
10.61120972
9.35426243
12.11504908
10.30010032
-8.04892470
-7.00808716
-7.19934805
-6.56463218
-6.69466575
-6.54921751
-6.75773516
-6.76393701
-6.95604767
-8.39135113
-8.46947482
-8.73644586
-8.43538223
-8.36406956
-8.68984675
-8.43114643
-8.66609634
-9.29278658
-8.93752456
-8.74126713
-8.50393606
-8.88882559
-9.02780303
-8.57134628
-8.53840951
-8.67814392
-8.53089978
-8.40785142
-8.36824342
-7.91472162
-7.06342990
-6.85808738
-7.12327095
-8.53431417
-8.76958228
-9.10972472
-8.96146677
-8.74448855
-8.23777312
-8.53471243
-8.77296364
-8.86737076
-8.74063646
-6.45815874
-6.85106196
-6.61136834
-6.71678984
-6.85083603
-8.12392560
-6.68152952
-6.34509574
-7.11075115
-6.39887647
-7.44962916
-7.00874503
-7.20326856
-6.71727182
-7.50792247
-6.33540986
-6.37068434
-8.65421676
-8.54047433
-8.48433087
-8.52954119
-8.79830044
-7.69862219
-8.56171274
-8.51835427
-8.44007319
-7.39566476
-8.38573749
-7.95505453
-8.42148251
-8.84677294
-8.05424820
-7.87114900
-8.43873755
-6.80480210
-6.63486523
-6.67874933
-6.55404933
-7.14933539
-1.14250280
-5.16809254
-6.09264329
-5.34946485
-6.48331791
-6.64544344
-7.23213707
-6.88710908
-8.91650512
-7.66833262
-8.51612927
-8.67053240
-7.88956772
-7.68567166
-8.77491805
-8.73929221
-8.90555994
-6.53859793
-1.61794557
-1.51559049
-2.08780702
-1.66831391
-1.62013690
-2.13870464
-2.00342070
-1.10273882
-2.11578107
-2.29925226
-1.78325506
-1.83225833
-1.35160454
-2.05451202
-1.62333348
-1.65657654
-1.58680379
-1.01581570
-1.41325602
-0.78434762
-0.58344595
-1.26662975
-0.68503181
0.60602528
0.28908220
1.05066096
0.87434174
-1.12712815
0.36955372
-1.08406312
-1.55342137
-0.91927297
-1.63683080
-1.56455706
-2.18391198
-1.26021300
-1.39881379
-1.84721887
-1.16452721
-1.15955253
-1.07276683
-1.50704503
-1.00435776
-1.66797908
-1.95008302
-1.32606932
-1.86514673
-0.07754078
-0.95775288
-1.51009322
-1.10876224
-1.40433361
-1.75874247
-1.84852826
-0.83551568
-1.99070179
-0.12095437
-1.38398228
-0.64580305
-1.94789136
-1.46455417
-1.46699694
0.23288776
-1.07420142
-1.13916819
-1.68815022
-1.00575958
-1.33415203
-1.03079967
-1.48283175
-1.11901136
-1.59589936
1.35740738
1.29541631
0.77649114
0.96247227
1.42853248
1.62861675
1.16618212
1.31070263
1.33594188
0.83416832
-2.25781249
-1.83910100
-1.89411452
-2.59864194
0.06162764
-1.81840805
-1.89908702
-1.65819509
-1.41299220
-1.11799543
-1.79402865
-1.21537847
-2.20469597
-1.25490304
-1.54270802
-1.64589462
-2.20189613
-1.31739463
1.49772209
-0.13097181
0.40913125
-0.59429935
2.07937603
-0.26313131
-0.03010099
2.28749855
1.84065903
0.76243623
0.36960034
-1.66636633
-3.71732086
0.36931270
0.25341012
0.38863878
-1.32785783
-1.26906337
2.48360230
0.62831495
-0.20551640
0.89452508
2.40672902
1.50050551
4.52384275
4.43053307
4.81706904
4.69941240
5.19105127
4.31867137
5.21548319
5.36500913
4.92311869
5.02299872
-0.02665232
0.58199311
-0.43968432
0.56788867
2.75858483
2.54796364
0.39893611
4.47417143
4.49135000
4.28221929
3.75483714
-1.43935676
0.69177533
-0.54730565
-0.07366474
-0.26339992
1.95729035
1.27928818
0.77328207
1.29570329
0.27087540
0.25179984
0.04184970
1.12947326
0.22516148
-0.04664140
1.01336789
0.35095732
1.92805699
-1.68766635
0.87458289
0.04166028
0.01206530
1.98623502
0.59796608
1.94935938
-0.11080733
-0.48035517
0.27791420
-0.85727260
0.01778226
-0.48102799
1.87829948
-1.37522884
1.62995246
-1.26846208
5.46944489
5.69591207
5.53060641
5.03528123
5.98917790
5.03007070
5.25202452
5.66869855
5.13894277
4.52279030
4.94773721
4.83762357
4.82108296
4.72413685
4.43498571
4.39312937
4.76059410
4.81203125
4.86417342
3.97119662
6.90092979
4.56540266
6.34669001
3.94818090
4.21130014
5.22238157
3.90007293
4.01093080
3.97066577
3.29596404
3.81474837
3.32705296
6.69276717
8.10486049
6.97930713
7.11188719
6.83506004
9.75558152
4.92639497
6.19973161
3.96171083
7.99735495
7.54434733
2.98212437
5.37527049
4.50274201
4.41923794
6.72351165
4.32257714
5.07779258
5.14599574
3.70643578
5.63344888
3.76609174
4.64617961
5.27657750
5.43637006
4.79683807
5.01507923
4.10249277
4.18415927
6.25769516
4.29264510
4.56910201
4.69914321
4.51100376
3.73733540
4.43375460
3.80224756
3.79045334
3.86881343
3.69825409
3.84119850
3.75911445
3.70551513
5.71366505
3.94846408
3.89263383
3.38912012
3.80105688
4.50013269
3.81123419
3.31211127
4.66702933
6.09529083
5.60999575
6.23807222
5.47142673
5.63549861
7.25332495
5.60076808
6.36878558
5.36953969
4.21569054
3.97148401
3.72519810
5.02716159
5.50119762
6.57077412
5.54918690
4.62161362
5.79840323
5.14249304
6.33842852
4.85282496
4.79490991
4.86932305
3.82910091
6.47817507
5.25751529
3.61295768
3.66848059
6.53991611
5.74818393
3.96340476
5.77131434
3.17586683
3.81827853
4.42712902
6.50613522
3.77173391
2.73434883
3.73120689
3.78138415
3.84967210
3.83524893
4.68866834
3.84899440
3.84001157
4.08991485
3.74660657
3.88093901
3.82489758
3.74318882
3.40351228
3.90492648
2.69136434
2.72898223
2.08987528
4.28763319
2.09307113
1.10016785
3.85522675
2.93697700
3.07088686
2.97160004
4.40825514
3.31202179
3.37393994
3.35458954
2.90971875
2.90912810
2.98437269
1.47545719
2.84156453
2.91017342
3.57535649
3.64334325
3.65149487
3.51665270
2.91406339
2.82399882
4.41304070
3.85397157
3.73550133
2.96820824
3.17393428
4.37736474
4.03596918
3.83495436
4.47815940
3.79739856
4.40708637
3.97787862
3.71707784
2.32270494
4.35684694
2.86056843
3.74283613
2.73529022
3.62097306
3.62361877
2.73809909
3.38621898
2.10866607
2.88535786
2.77998467
3.63646416
1.99495622
3.84294949
3.75911777
2.90916428
2.82804834
2.91176988
3.65782520
1.57642320
4.21865703
4.28119073
4.05204871
4.27010203
1.69436548
2.60773309
3.74607172
4.35084205
3.00776865
3.49189822
3.71989108
3.72424179
3.77631664
2.40139777
3.76787858
3.76878735
5.30867167
3.74273222
3.19337829
3.75690577
4.38949612
3.76485244
5.29850402
3.82523719
-1.47032158
-3.70369748
-3.01232355
-2.90515048
-4.22016039
-1.91575114
-1.47659005
-1.52671493
-3.81775319
-3.50249653
-1.45324602
-3.22967101
-2.88508867
-2.72840864
-1.56453658
-2.68515753
-3.25347852
-1.36128418
-4.40643585
-3.13110295
-3.84814915
-1.64535060
-2.60280640
-2.48587314
-1.25936108
-2.21639401
-1.77452850
-2.40904822
-2.09313775
-1.89305373
-3.42006804
-1.93444165
-1.98526417
-4.15224937
-2.36862834
-2.54025324
-2.63875348
-2.05352120
-1.52667646
-2.09617789
-2.30172851
-2.84576902
-1.95561658
-2.51371146
-3.26265754
-2.79847590
-2.53024171
-4.20895004
-3.80643850
-3.95158923
-2.43530782
-3.40439900
-3.30552866
-2.52817120
-3.01426116
-2.92855378
-1.71397249
-1.99940129
-2.47936589
-3.21473331
-3.06122134
-3.53898715
-4.41546413
-3.80338193
-2.71212156
-2.31515755
-2.33713387
-2.38544454
-3.20795649
-2.11643001
-0.78787182
-2.06884072
-1.78923347
-2.27185766
-1.27862760
-1.57440676
-1.47377411
-3.31963273
-1.00999595
-2.20399219
-2.35624970
-1.20976893
-1.89828383
-1.96441592
-0.90899787
-2.17239848
-1.32744736
-2.36428707
-1.34859127
-1.83379091
-2.87776918
-3.88747329
-4.12817171
-3.84682965
-2.99989716
-4.53358591
-4.48808568
-1.27323568
-2.72044955
-2.80164650
-5.70085142
-3.42672733
-5.70249381
-5.75459205
-6.37090181
-5.78694239
-3.70604413
-3.57356621
-5.69983402
-3.45426401
-5.65479901
-3.66436910
-3.76590613
-5.67972626
-5.70647683
-5.67066024
-5.47542505
-3.67727065
-5.67812655
-5.67579488
-2.78515321
-5.84188660
-4.83119313
-6.21139325
-2.73353364
-2.80516958
-3.59812759
-3.66248161
-5.73224324
-2.29365978
-3.15117605
-3.45296242
-3.59823320
-3.42855480
-3.43145083
-5.69405026
-3.45787197
-3.19208017
-2.73067799
-2.76498754
-2.74071075
-2.70136182
-2.75488100
-2.84426417
-2.93536840
-5.94680817
-3.41848522
-3.42962555
-3.76350575
-3.45357746
-2.52779744
-6.24654061
-5.70262457
-5.67834733
-5.69233921
-5.75458590
-4.47457137
-5.59216674
-5.70377985
-2.98438066
-2.80179818
-2.45541238
-2.72659381
-2.72727937
-2.71233031
-3.50264112
-2.69216354
-2.73787224
-2.72145471
-2.74487049
-2.72810573
-2.98154991
-2.73499004
-2.74255162
-2.73420491
-2.73519066
-5.64420491
-5.64506362
-3.80818003
-3.17800093
-3.65457048
-2.62179919
-2.57455169
-2.64698735
-2.69688689
-2.66135744
-2.38632215
-2.80399894
-2.89897441
-3.82366350
-3.78719415
-5.70627215
-5.77339474
-3.52568133
-5.70817605
-5.79945639
-3.51862640
-3.59424059
-5.52133460
-2.41504374
-2.09929518
-2.43974097
-1.64842411
-1.94232758
-2.39263538
-1.99528445
-1.97688489
-2.46526590
-1.97807475
-1.94715875
-2.31691075
-1.51261452
-2.62153430
-2.33207646
-1.64232202
-1.50885467
-1.75846396
-1.62471747
-1.72702204
-1.80778175
-1.88474361
-2.41022766
-2.07137715
-2.22964959
-1.66499678
-1.58132152
-1.50082803
-1.61950373
-2.17709357
-1.67624658
-2.33432065
-1.41923533
-1.99157057
-1.65180423
-2.20470527
-1.85328843
-1.96006610
-1.92165085
-1.89105612
-2.04784108
-2.53781138
-1.91590068
-1.66700701
-1.59537681
-1.65319267
-1.66540715
-1.64179877
-2.67931940
-1.22382287
-1.98593770
-1.79643810
-1.78480666
-1.69059457
-1.76208088
-2.55111602
-1.97410449
-1.71008519
-1.70480881
-1.36155012
-2.04229009
-1.81910188
-2.28200385
-1.64856594
-1.54509769
-1.64963712
-2.34347306
-1.38143621
-1.49427550
-2.13452158
-1.41949173
-1.98566112
-1.30283854
-2.24840512
-1.58437769
-2.19471103
-1.39000536
-1.10135577
-2.10219961
-2.22804724
-2.14959065
-1.92285945
-1.95213453
-1.93950160
-1.93582879
-2.35899101
-1.65995414
-2.06093641
-1.79081320
-1.73313056
-1.67202467
-1.58457210
-1.67764206
-1.81356025
-1.31220206
-1.59591792
-2.22076740
-1.37223481
-2.10128384
-1.98306880
-1.56682795
-1.07707300
-2.66210799
-2.29972848
-1.67295652
-2.79596426
-2.01273201
-1.18919581
-0.39805801
-1.80729376
-1.18287734
-2.46084297
-1.60316234
-0.34776148
-0.66277193
-0.66306409
-0.68588616
-1.13133023
-2.99459438
-2.48311429
-1.71307382
-2.12459388
-0.85417129
-1.19862916
0.72975835
-0.74156347
-1.50491119
-0.00336214
-0.29245771
-0.61373752
-0.77447141
-1.05251114
-0.03054814
-0.55407229
-0.75883221
1.96176563
1.51484570
-0.29978881
0.15393835
2.20735905
3.20550574
1.32744738
2.08083940
-0.80743941
1.51840909
-2.11617279
-0.06978494
-1.13464691
-1.03951948
-0.29322272
-0.53311308
-2.27018557
-0.49957649
-0.53340206
-0.50250669
-1.32549072
-1.58437858
-0.63435846
-0.86450819
-0.81065499
-1.29669080
-3.14985375
-0.38366476
-0.50633838
-1.16336945
-1.20138594
-0.06047427
0.63707369
-1.31120887
-0.17198126
-1.36286589
-0.74865891
-0.94727803
-0.14951408
-0.51096165
-1.39867990
-1.88368976
-0.61332437
-0.75550355
-0.11253978
-0.74719083
1.10068254
0.53605787
0.18990367
-0.36808811
0.82053161
-2.59527533
-0.61156725
-0.61620209
-3.29152210
-1.35781841
-2.14642504
-1.66301674
-0.87146738
-1.08505120
-0.76690062
-2.86739692
-0.61013544
-1.11100808
-0.20739510
-1.92987511
2.40993210
0.79139113
2.19736893
2.24363708
-0.03813369
-0.07990589
1.38737696
2.08447897
0.28585081
2.48198691
1.07167079
1.27335354
1.97029534
0.13774632
1.28502647
0.13024160
1.05219374
0.33120318
2.81966775
2.13027102
0.38028972
0.40610384
2.45376321
3.26276306
1.91523449
1.22578860
1.97581681
1.28344689
1.29366955
0.52895053
1.32977032
0.13349484
1.08157955
0.07890350
0.47422852
1.64267142
2.85098348
1.34334478
3.39890761
1.36943881
2.47987342
0.38338400
1.32624459
0.02464195
2.49655066
2.46592170
2.58537737
2.62821917
2.69708107
2.58817363
3.72599940
2.51888091
1.73004799
2.26565142
2.24855562
2.62556366
0.40808397
1.90511401
0.40734895
0.54363134
0.34100403
2.97695427
0.25270299
2.73861908
1.22633439
0.20828949
0.35651306
-0.11487503
1.60382905
2.52279013
2.23328165
0.04349848
2.18947875
0.45110610
1.65666524
2.29579381
0.26050077
1.03760247
0.12914547
1.26436243
1.29037333
0.35197805
0.96589666
0.89349533
1.42670740
2.39252523
1.49046765
0.52751014
3.67496110
1.58472575
1.61047961
3.73314240
2.22387237
0.72888761
2.50059758
2.42103810
2.92743883
2.13272992
2.65714004
0.50265522
5.84065384
6.78233350
4.25493133
4.67642500
4.32487228
2.91369931
4.60078334
6.16403478
4.08749209
2.78249595
5.29203759
4.27477355
4.88379562
6.08012492
5.20891479
4.16092560
5.14915533
5.88179536
4.14703470
2.32539649
3.98081312
4.80355090
3.83506199
4.18622109
4.16526177
3.99639154
3.95445170
4.11716165
3.97248572
4.05307739
4.16126604
4.38696473
4.55572050
5.95861857
4.10514510
4.06931706
4.01089238
4.64407213
4.83472727
7.67239681
7.44778817
7.89164681
6.80410502
6.05066182
6.25884614
5.46491775
7.63845581
7.51638322
6.31932409
4.56480571
2.87297145
5.30561448
4.36293533
3.48304664
5.10689987
5.18454234
4.27421554
5.16638981
5.16620027
5.00903771
4.05784462
5.29305875
4.91033839
5.13874340
4.52666265
4.16136444
4.08217074
4.96581505
4.13323229
5.01130744
4.14050954
4.14050954
4.06775845
4.06898761
4.55889534
4.15996669
4.86375218
4.79151876
4.07228841
4.06731187
4.01521172
4.23100553
4.03529186
4.50092848
5.44485756
4.10501051
4.01617501
4.05017666
5.10819510
5.93124225
5.22460581
3.95752485
3.93816267
4.08944711
4.27249262
4.16631289
4.09273232
4.13570016
4.99270650
4.20726994
-4.06539404
-4.13258741
-4.94228825
-4.02318147
-3.90504608
-4.29070118
-6.62775584
-4.26697235
-4.59107135
-3.81854431
-3.11621882
-5.38503746
-4.10783117
-3.78568969
-3.82522132
-3.51957148
-4.90973863
-4.24080459
-4.55555006
-3.95056409
-3.90873706
-4.50397296
-4.11987215
-6.53530038
-4.08408891
-4.96370810
-4.18894632
-3.89319725
-4.97686361
-4.36567217
-3.94862022
-3.80833904
-5.19204379
-3.97937527
-4.04843661
-4.39207249
-4.90933076
-5.53774612
-4.41183356
-5.68986689
-4.38151385
-3.80623524
-3.71681252
-3.18002515
-4.81845293
-3.32597128
-3.50915150
-3.52430624
-3.51365841
-3.75242871
-4.61560791
-4.16413046
-3.50040387
-5.12396334
-5.36089229
-3.32554126
-6.03360386
-6.26185538
-4.40937065
-5.78350562
-6.23150406
-3.35004702
-6.43972735
-4.40817765
-4.49828789
-3.49205344
-4.13671694
-4.38149839
-4.53655975
-4.22173838
-3.99869162
-6.28587974
-4.34450599
-2.73071780
-3.59879279
-4.25664812
-4.51058663
-4.66340635
-4.44447284
-4.88989660
-4.12927120
-4.29941227
-3.54583118
-4.35041648
-4.18899942
-3.36026995
-4.79799284
-4.00094648
-4.76590050
-4.07443812
-5.81952623
-2.66932494
-3.96539538
-4.63970966
-4.79367527
-3.36712117
-4.24443227
-5.43865220
-4.01558834
-4.36652917
-6.12055477
-5.48727488
-5.17833736
-5.20465318
-6.11620979
-5.78383473
-4.91802032
-6.04626301
-5.03874542
-4.38915014
-6.35100790
-5.49836112
-5.70117645
-5.73351144
-5.73099395
-4.61080871
-5.66221026
-3.53122849
-4.65819034
-5.96316539
-3.38590016
-6.48266623
-6.23483494
-6.46424684
-6.16885600
-6.46094061
-6.48200876
-6.46201355
-6.47468370
-6.48962600
-6.23231024
-5.32837459
-6.45633042
-6.43565731
-5.96338415
-6.38795254
-5.94192231
-6.45407951
-5.38875517
-5.19194195
-6.40850888
-6.41400438
-5.90021219
-6.61803180
-5.61526088
-6.30332865
-5.48123436
-6.28954325
-5.52966131
-6.52135192
-6.31530583
-6.28994605
-6.52196900
-5.35043726
-6.36990084
-6.36233730
-6.39427804
-6.36850974
-6.29053502
-5.61389478
-5.77468819
-6.20273574
-5.95095605
-5.90511596
-5.82336841
-5.71725118
-6.05192879
-6.01376592
-5.64718877
-6.34269314
-6.29190170
-5.81948795
-5.37041994
-4.92243655
-5.47218175
-5.45544081
-5.99514135
-6.26321774
-6.62242296
-6.03334460
-6.03030738
-5.96781434
-6.26493852
-6.15552762
-6.44160235
-6.44171964
-6.41718374
-3.99148753
-4.29250297
-4.97490519
-6.50344682
-6.51691989
-6.51077514
-5.01191893
-6.50299946
-6.22522686
-6.24470882
-6.48027302
-5.16585988
-6.48379076
-4.69470766
-3.43855903
-4.64610163
-3.82061050
-2.76183186
-5.53145015
-5.57523293
-5.43788377
-5.59709726
-5.49666098
-3.84869655
-5.43814366
-5.57508249
-5.57004398
-3.63537995
-5.72876429
-5.74456426
-5.26247103
-4.46088843
-3.52993767
-5.74661179
-5.69440400
-5.60449717
-5.41679089
-5.15430948
-2.98097978
-3.65077138
-3.53959225
-3.57281301
-3.20301370
-3.70696003
-4.90049758
-5.38073971
-2.36796692
-4.83557412
-5.43414521
-1.46448182
-4.07898492
-3.47823255
-5.67298928
-4.90383029
-5.65752526
-5.16101306
-3.10864107
-2.92924059
-1.72275314
-5.78300947
-5.41839399
-5.14016909
-4.35025871
-5.81387334
-5.66135380
-5.67022549
-5.63478002
-4.13844299
-5.10549647
-5.63518052
-4.48407530
-5.51686004
-4.97387002
-5.79098168
-5.62858698
-4.02286998
-5.56514119
-5.84922452
-5.06083981
-5.82428047
-5.47059538
-5.46496162
-5.73762284
-5.61072478
-4.39696757
-3.27817693
-5.66826058
-3.78024992
-6.12864356
-5.66001256
-5.68378257
-5.53051376
-5.74805766
-5.51824786
-4.16027155
-4.25859065
-4.34869541
-2.53548041
-5.42537049
-5.69342147
-3.64341732
-3.22725147
-1.48834445
-5.82461831
-5.72664320
-5.58537216
-4.88239011
-5.67442197
-5.07192135
-5.61145709
-5.58163854
-5.56792144
-4.63173602
-3.24132428
-3.27198597
-3.47905691
-3.48228842
-2.72026302
-3.48206795
-3.70046545
-3.26458047
-3.69139828
-4.52749412
-2.16703816
-2.53207777
-3.60017703
-2.97564609
-1.64084254
-3.28972974
-3.63154023
-4.58438183
-3.10910413
-2.45917456
-3.57258085
-4.52728358
-2.01817913
-1.61844384
-3.95835579
-2.44062572
-4.47735716
-3.46034397
-1.94780402
-2.58061341
-1.61666480
-1.28182494
-2.77019596
-1.94443124
-1.89134186
-0.87772041
-2.03706938
-2.70725131
-2.08012373
-2.13656055
-2.64229183
-2.38057371
-2.76467591
-3.52862462
-3.53080363
-3.53671846
-3.52777663
-4.57967102
-4.56414084
-3.07042710
-3.53904972
-3.54571273
-3.54330326
-3.28936276
-2.98120310
-2.49814031
-2.77042695
-3.01826782
-4.38313047
-3.49884613
-2.73431501
-3.25336689
-4.13977236
-3.65779681
-2.02496717
-2.11624905
-2.14429986
-3.55096149
-3.55396587
-3.57403692
-3.55485088
-3.42695427
-3.02778319
-1.63245252
-1.71001527
-3.59944180
-3.27477558
-2.26867722
-2.88956077
-2.16935335
-3.36320058
-2.33093155
-1.79287573
-2.09152204
-2.06343721
-1.57414668
-2.89424952
-2.18429921
-2.79698395
-2.61672959
-2.29116669
-3.50674528
-4.54017999
-3.51214703
-3.37974164
-2.68804608
-3.52069924
-2.89540008
-2.70990023
-3.52404846
-10.29036045
-10.18117549
-9.37914146
-9.80366298
-9.40090481
-9.39304783
-9.43712586
-9.48873687
-10.30383864
-10.51340650
-9.12625347
-9.26131309
-8.97979530
-9.14661555
-9.14056074
-8.81824692
-8.29650652
-7.05315553
-8.77256452
-9.11811098
-9.42385474
-9.98521112
-9.57557278
-8.32067110
-8.26447306
-10.62108366
-9.27577302
-9.79721971
-9.09644873
-9.51526010
-9.83531771
-9.75404306
-9.65058327
-10.49157876
-9.92786625
-9.62017442
-7.78683425
-9.11311143
-10.18388302
-8.86765060
-9.15789701
-9.00518479
-9.96729224
-9.56503050
-10.65659886
-9.94670026
-10.77319328
-10.64944166
-10.64348454
-9.23318009
-10.66900389
-9.24479646
-8.31791375
-10.25521989
-7.65481090
-10.32857899
-9.10817447
-9.59905238
-9.48303359
-7.97047424
-8.39066797
-8.44294567
-7.52952608
-8.22597828
-8.64604672
-9.25273522
-8.64275337
-7.96969470
-9.29279016
-9.09647559
-9.56278047
-10.00019823
-9.45592476
-9.77182516
-7.80999908
-10.24849524
-9.29814282
-10.79869904
-9.51816949
-8.19270901
-9.41631692
-9.56018470
-9.58884031
-9.76244859
-8.81333220
-9.70749874
-10.50236523
-9.72649670
-10.06311022
-8.44843791
-10.32712979
-8.50650757
-9.00183894
-8.41365795
-9.19960331
-10.44693855
-10.04222999
-9.21658055
-10.62487321
-9.02006300
-0.18756824
-1.54104843
0.01919578
-1.30553325
-0.23009243
0.78260357
-0.80114575
-0.28465514
-1.01880393
-0.84389772
0.12608802
-0.49802106
1.63530680
-0.47931934
-0.54187228
0.33653566
-1.07841964
-0.41813843
-0.03281501
-0.38269809
0.35064971
0.84669832
-1.11989066
-0.58336093
-1.17261648
-0.26295398
-0.25006117
-1.31719892
-0.18821346
-0.68715921
-0.81654325
-0.05973376
-1.35199770
0.47609487
-0.65135004
0.85298416
0.63328418
-0.65137632
-1.15970161
-1.29001396
0.55043563
-1.17545557
-0.06674785
0.36677166
-1.10367857
-0.88076045
-0.14175706
0.64802928
0.24640812
-1.06578890
-0.52476823
-0.47464840
-1.06383758
-1.37144835
1.06767237
-0.48493401
0.01629317
0.52450097
0.56586830
-0.42146555
0.28319026
-0.45246538
1.20602077
-0.89150523
0.49657612
1.07283474
-0.18702454
-0.51518354
-0.54274891
-0.94854441
0.20270152
-1.34104198
-0.11221805
0.34442375
0.25836444
-0.18014987
0.18178337
0.48040111
-0.30297474
0.53177921
1.29738587
0.63998070
0.85487104
-1.51268951
-0.49338548
0.51786360
0.11279657
0.22450183
0.42454883
1.16567926
-0.21905643
0.90448011
-0.29606302
-0.02550303
0.06679613
1.70925969
0.11856454
-0.80291683
0.68914349
-0.10615730
-1.11143889
-0.74325026
-1.65795534
-1.68409931
-2.66972142
-0.18915882
2.91631956
-0.18668109
0.77735061
3.09257780
-0.51926006
0.43778169
-1.90720405
-1.56177591
-1.35424580
0.56093610
1.18029071
0.49690145
-0.30256710
-0.53416643
0.40113841
0.60433378
0.57421134
0.29575191
-0.50560407
1.55713762
0.76735492
0.96579044
1.62369087
-1.55522889
-0.07557233
-1.96555004
0.29371340
1.40815312
-1.37088025
-1.37414728
-0.41384507
-2.02729043
0.53566644
-1.46082468
-0.30959757
-0.01004152
-1.22563648
-0.99114503
-1.09536644
-1.03821398
-0.46374068
-1.59081948
-1.72821652
-0.92654086
-1.53645055
-0.98039391
-1.12754280
-0.78440393
-0.96221426
-3.23723329
-1.14615518
2.55771115
-0.15943198
0.87003473
0.35979523
2.72642015
0.80887879
0.86307519
1.37383158
0.66913249
-0.33107358
0.76551099
-0.10997489
0.56327085
0.90585885
-0.03458096
-0.00863733
1.59003804
1.83870688
0.11108217
0.06121593
-0.69470001
0.00046717
0.57692765
-0.43074477
-1.02435786
-0.03443832
-0.53180539
-0.68690273
-0.62363002
-0.08614929
-0.35540791
0.21467896
1.41802933
0.81534186
-0.50778663
-1.47576177
-0.87474228
-1.05152890
-1.39206980
-3.73730591
-1.79779605
-1.66212728
-1.34588820
-13.39690018
-13.17782931
-13.24561412
-13.18547156
-13.17602129
-13.19598925
-13.16486455
-13.19193262
-13.43634041
-12.33187248
-13.16285842
-13.36850729
-11.37919211
-11.16172200
-12.90479009
-13.57786737
-10.49662237
-13.34866017
-13.13057707
-13.40871822
-13.08329972
-13.23902982
-13.29705781
-10.81280349
-13.14882590
-12.22454641
-13.78988039
-13.21317804
-13.85368897
-11.26207951
-10.79910005
-11.64876557
-13.36105323
-13.42728041
-13.24132510
-13.50897179
-13.20174592
-13.76468618
-13.19148801
-13.70877221
-13.18375884
-13.45888702
-13.21263100
-13.20653486
-13.47778677
-13.80286447
-13.44637646
-13.19474202
-13.47425401
-13.24200367
-13.50645007
-13.37706488
-11.62612265
-12.32786111
-13.08860904
-13.30865386
-12.99140942
-12.85249237
-13.07246995
-13.19036172
-13.36472860
-11.25807901
-13.45045413
-13.01823418
-13.39491954
-13.30177529
-13.50662437
-13.03282577
-13.39981445
-13.42344049
-12.13504909
-13.21617706
-13.39243755
-13.11531018
-12.26314953
-13.18150401
-13.46642945
-13.16664351
-13.21335542
-13.39154689
-13.43566790
-12.79850918
-13.41873444
-13.41834022
-13.22704814
-13.19374684
-14.07436301
-13.43198095
-11.86473859
-12.48200102
-12.04353582
-13.48268273
-13.50147012
-13.45620881
-12.91862189
-13.69903707
-12.35176650
-13.25190871
-13.12189607
-13.06270065
