7.03601105
6.59106328
7.89517344
11.70411238
10.65366060
6.92637343
7.50878080
11.09075790
6.50386213
7.11444862
6.41226053
7.31014690
6.90231489
6.20173870
11.03336637
9.41635621
3.82694524
4.18305634
9.04796811
11.26709416
6.36017466
6.41355655
6.33519346
6.35573675
6.39580177
6.38358621
4.47170185
9.21582355
7.01014810
7.12227490
6.15933320
6.39674762
8.27887316
6.24361087
6.98344830
7.45471600
11.10569337
10.98186969
6.52562161
6.34983243
6.92204230
9.95483699
6.35834242
6.42076196
6.05423878
10.93196729
9.99409377
7.12538990
8.80318981
8.33791095
10.86657365
8.02305947
6.98386755
6.41584637
7.02850850
6.42126144
9.47229768
6.79209998
7.04717872
6.23625040
6.25864884
7.38106747
7.33144327
6.40117188
6.58548195
6.29221611
6.50534860
7.10189038
6.39624440
6.36093269
6.42096019
6.41523258
6.35250838
6.56463130
6.69864542
11.18431748
7.20099981
11.63370322
10.52960913
9.34349121
10.98716553
10.64348075
6.63042699
6.90556699
4.34372773
8.64515366
9.77110889
4.48812897
10.96679567
4.16167017
9.65424309
9.51427238
8.90864401
10.49508910
10.47854329
6.46241611
9.25584871
6.46458167
9.34382915
6.34959874
-4.19917731
-3.64368779
-4.03125820
-3.32224076
-3.53946293
-4.68638904
-4.81514537
-2.94579708
-3.58968409
-3.23995419
-2.43627823
-2.87902969
-2.69194742
-3.18910700
-3.92854178
-4.16763642
-2.49128571
-4.68216423
-2.40534374
-5.10334526
-2.92731454
-3.32386390
-2.70195725
-4.02450089
-2.49155454
-2.82574896
-2.69830751
-4.52170655
-2.75929418
-0.62627784
-3.99848900
-3.78974252
-1.58711225
-3.54804944
-3.58081660
-2.43880875
-2.32128451
-3.90862113
-2.44435017
-4.73732229
-4.64311904
-3.86875385
-4.00066834
-3.97686459
-3.58471543
-4.13256782
-2.41713241
-3.81350530
-3.27289421
-5.26812087
-2.60597611
-2.98643344
-4.78877483
-3.23788878
-4.04174962
-2.87130376
-3.99736209
-2.12536850
-4.81660070
-3.95487312
-3.75030409
-3.75063492
-2.89560966
-4.07348191
-3.37087075
-4.14569739
-3.78329893
-5.11100883
-3.39709007
-3.00630523
-2.64916541
-2.77621447
-3.84841927
-3.39261307
-3.28844962
-4.15713034
-4.42684552
-3.48191686
-3.94390652
-2.14680685
-3.87276514
-3.93674434
-3.80119062
-4.73253312
-3.96826182
-4.97729316
-4.76173259
-2.56658967
-3.60356597
-2.50327863
-3.03062322
-4.67836424
-2.51552906
-2.56379980
-3.47423906
-4.13958273
-3.16521428
-3.80385943
-4.08044375
-4.10728956
-0.10013149
0.13251221
1.03099472
0.22613196
1.43518430
1.32824049
1.47747159
0.86360363
-0.19002340
-0.44076332
1.13428898
0.94635216
-0.47846592
0.99361028
0.86704605
-0.03562140
-0.42460531
-0.35928148
-0.05536534
-0.22998184
-0.72043221
-0.46427442
0.07051990
-0.11599035
-1.24861751
3.39220204
1.00597821
1.88149659
2.85466974
2.71263706
2.64618598
1.74557238
2.12424639
2.48152193
1.89692961
1.62780019
1.62637025
0.32401631
1.50802848
1.62377752
0.71286731
1.58136880
1.77873634
0.32583709
-0.13510686
-0.41510200
-0.22228736
-0.59371957
-0.03742695
-0.49004287
-0.90844108
-0.42844263
-0.21711131
-0.66560426
-0.98011876
-1.24558302
1.14205900
0.49804765
0.78896407
-1.11949089
0.68024590
-0.47717795
-0.14681650
0.54552393
-0.04141693
-0.99613779
2.88756433
2.92847270
3.57598164
2.96734892
3.40178807
3.42714887
3.27002392
2.76613247
2.75056648
2.65173168
2.29792254
1.21656972
1.45909702
1.89097079
1.97507301
1.80565473
1.64529667
2.00391071
2.31649590
2.01650569
0.05382445
-1.54374380
-1.49331361
-0.28509719
-0.26393744
-0.40754923
0.54392076
-0.31460261
-0.03649960
-0.92398061
-0.42760089
-1.09706129
-0.85149847
1.09446310
-8.56084832
-7.06193136
-7.05236512
-7.41484629
-7.45943236
-6.90131646
-7.28082807
-6.64117919
-7.30648692
-6.84419000
-7.57200681
-7.44256542
-7.11648207
-7.31054894
-8.71078255
-7.92850068
-7.68277628
-8.00965852
-8.47120038
-8.92543804
-7.46426525
-8.82345898
-6.32445865
-9.02019893
-8.71070771
-7.99031978
-8.93358224
-8.89256867
-9.18863993
-8.88144227
-8.70132554
-8.82892368
-8.64634414
-8.64525768
-8.75859831
-7.82925466
-8.67705387
-8.63508948
-8.72264768
-6.64430283
-8.34090016
-8.24019707
-6.22095938
-8.76101213
-8.66720280
-7.27233607
-7.31529795
-6.92715239
-7.15009353
-7.23804668
-7.23202822
-6.59400322
-6.73290674
-7.81870800
-8.01928745
-8.14738202
-6.98185735
-7.87763603
-8.45978533
-8.15891613
-8.77942084
-7.92076428
-7.10765184
-6.82829986
-6.81397402
-6.80494480
-6.95429133
-7.19426084
-6.90173813
-6.92254409
-7.75853645
-7.61339884
-8.51062016
-8.94416251
-8.89170150
-8.91640970
-8.95738542
-9.34233715
-8.88361585
-8.89270288
-9.20009582
-9.04955403
-7.72223047
-7.88323730
-8.02675183
-8.73570825
-7.75695455
-8.30120732
-8.83669871
-7.19498358
-7.62741499
-8.04008745
-8.32361738
-8.72928978
-8.94438259
-8.42768760
-7.95196664
-8.56508465
-8.64836768
-8.62213745
2.90772959
1.02752833
1.01615459
0.60221367
1.09467984
0.98746253
0.95975599
1.08364030
1.68572720
2.39148755
0.93256227
2.91327682
1.18023210
1.22929804
0.94092698
1.82575202
1.17125781
0.87913235
1.09780720
1.03352669
1.43873479
1.52661964
1.17535713
1.26464959
2.47616100
0.99474169
1.21711559
1.82026584
3.00396847
1.08036689
3.69685039
1.14826993
3.22377170
1.92874449
1.25055074
3.46038841
1.93977713
1.18889122
1.75200608
1.27369343
1.97288325
2.21731723
3.48705205
2.41349414
2.10649897
3.71442465
2.77367678
2.38254228
2.21586344
2.36922652
2.47970610
1.47128124
1.02547330
1.73474228
1.73837853
2.13146033
1.17830676
1.14513453
0.92032913
1.47245555
2.69135200
0.97684526
2.58315274
1.06367049
2.44801863
2.14770941
1.16031889
1.52526554
1.12081440
2.10752898
1.16037080
2.52689651
1.33079340
2.14904078
1.15826212
1.77884715
1.93943521
3.23341583
2.62025134
1.09191389
1.81748107
2.64334732
3.71688540
1.98355526
2.38636860
1.25381619
2.30079918
2.44066867
3.24418393
3.48184771
3.34993190
2.11095817
3.06890621
3.75281788
2.71816493
3.17792412
2.58715710
3.05852358
3.44785081
2.67580120
4.08408411
3.15651042
3.16989498
3.16146766
3.69930689
5.87053708
4.17268887
3.87016335
3.25329158
4.05760523
4.13555351
4.17440476
3.98473818
4.12628587
1.29890085
4.35437635
3.87094716
3.88237992
2.89383712
2.65674075
3.59098385
3.69352707
2.76120888
4.15171574
2.78074503
3.83168294
4.18220697
3.53591688
2.94737564
3.78640592
3.10014501
3.59452062
2.39598814
3.55168452
3.12205183
2.17820129
3.20897801
3.67556256
3.86391272
1.65089995
3.36734397
3.65414442
1.79036486
4.21696202
3.78807924
3.96139888
3.56296854
3.90713999
2.76740020
2.04541811
3.62880604
3.52532559
3.28135484
3.78219012
2.73805136
4.63251825
3.90415279
4.05544125
4.10384711
4.20590998
3.61931235
3.94695155
4.52452208
3.82250776
4.03168506
3.92234501
3.50550874
3.60767022
4.55003561
5.25640052
5.63870246
5.57440495
4.47777513
3.73601505
3.61463014
3.72731626
3.64751732
3.29296711
3.62478039
4.25209006
3.46865849
3.82572502
3.69555607
3.69327308
3.94659363
2.77290061
3.64804852
3.08088555
3.34436366
3.69332969
3.67310189
4.14350401
3.80967452
3.75408129
3.84614652
3.69587787
3.99713270
3.03947217
4.27454428
4.02705376
2.51500292
1.03886228
2.16817577
1.12489772
2.54409352
1.36411797
1.29853677
2.42788179
2.57728562
1.27510882
2.82327270
1.72279401
2.41403512
2.48101270
2.60230707
1.60839882
3.00921720
2.70730253
0.21723009
3.09857288
2.64967282
2.98526276
3.11624052
2.82072624
1.60927742
1.94217998
3.16586769
0.75269299
3.03994860
3.31693495
2.64454972
3.14764556
3.04120113
2.98671345
3.05522985
2.99562656
2.94538317
2.81722616
2.08235631
2.89922019
3.86863723
3.62652141
3.43749772
3.61491379
3.56651989
3.69991288
3.45606959
3.52964195
3.22895823
3.21430205
1.87112445
1.23144377
0.64524995
0.99665168
2.03298857
2.53067506
1.46877459
0.13171354
1.13711672
1.75030733
2.22639821
2.38672630
2.63397580
1.50222980
2.77457769
2.50897195
2.24902038
2.62946845
2.63266180
0.96313335
1.61477160
3.16446876
2.81698493
2.49004404
1.58893732
1.61681394
2.59893619
1.45383123
2.57350111
1.58964588
2.54461196
3.35106217
3.04921095
2.65295130
3.13247070
2.94921930
2.98607371
2.64950411
2.83604023
3.00766710
3.44773106
3.32179622
3.73617196
3.04020384
3.34341781
3.59054637
3.27287973
3.22082906
3.31752515
3.28324548
-1.43561469
-2.52556937
-1.69436416
-1.83641338
-1.35220613
-1.63750018
-1.47651569
-1.45853174
-1.47720833
-1.86582945
-1.36084660
-1.30361429
-1.54247716
-1.22283385
-0.27048284
-1.86292460
-1.71827334
-1.26776166
0.80790214
-1.28054587
-1.21812007
-2.50301156
-1.55257881
-2.76611223
-1.53927579
-2.11929880
-0.94628979
-1.37948096
-1.41479397
-1.41417626
-1.31897246
-1.40144900
-1.82758885
-2.12957833
-0.85433168
0.15690834
-0.94028058
-0.66016260
-0.63717141
-1.43243247
-0.24763629
-0.98718403
-0.99247403
-0.89084811
-1.02391062
-1.22341117
-1.08569171
-1.19601982
-1.17932730
-2.14554713
-1.27499403
-1.30893761
-1.32580030
0.29744820
-1.42983234
-1.86378440
-1.68540176
-1.96839941
-1.81804406
-1.74342418
-1.64427069
-1.46012757
-1.47316028
-1.44522046
-2.37263442
-4.12612014
1.68398613
-0.55810239
3.00364172
1.31185216
0.74733458
0.70393986
0.88957536
0.67055959
-0.29010086
-0.71756511
-1.32036968
-0.57996312
-1.34999216
-2.18227381
-0.88995216
-0.78351445
-2.89701950
-1.43259072
-1.71855779
-1.33731611
-1.06103107
-2.79346797
-1.57670818
-1.37490292
-1.02465900
-0.17992494
-0.96618672
-0.60541599
-0.96028398
-0.94856036
-1.35057998
-1.00613846
-1.12018934
-1.10483173
0.02468442
0.99126921
1.56902120
-1.05872672
-0.60132824
-3.85409939
-1.06195959
-0.85330350
0.08120672
-1.81206449
-2.46738671
-0.32403568
-1.07549595
-4.08771700
-1.13180653
-0.97421527
-0.38488700
-0.45311306
-4.25896867
-1.04092480
-2.31620307
-1.08985463
-0.57963487
-4.11678117
-1.07433772
-1.39741089
-0.72383754
-0.75419601
-1.13512226
-1.11227012
-0.96214496
-4.47585271
-3.77039473
-3.94848745
-1.86166584
-4.55738349
-3.61074282
-1.04239844
-3.54047061
-2.05879848
-3.97365301
-3.97216598
-4.17279291
-4.26097524
-3.93307581
-2.82046242
-4.35759699
-5.39060384
-3.26252656
-3.88660094
-3.95575544
-3.79755191
-4.73170679
-0.51658098
-3.97042130
-3.90385301
0.13852009
-0.16420230
-1.12433608
-1.07335969
-0.97532696
-1.31187007
-1.07061321
-1.18625317
-1.00899823
-0.97684017
-1.56714736
-1.56714736
-0.03596482
0.13610685
1.12828358
-1.38049203
0.76816270
-2.85027668
-4.32814085
-0.19573641
-1.04159029
-1.34154341
-0.63807638
-0.37759758
-1.19208139
-3.21474148
-4.40591638
-3.38893141
-4.22961789
-4.56025847
-4.35226915
-3.42992223
-3.61950397
-3.88795342
-3.90715617
-3.74359737
-3.91766217
-4.26391858
-3.99804259
-3.88016281
-3.82753523
-1.27666076
0.80475119
0.52894425
-3.99661479
-4.39729251
-3.90777496
-3.74965211
-5.09344154
-4.11619032
-3.08036394
-6.96708036
-3.99561603
-4.16016664
1.63653772
0.77368047
-5.12336165
-5.17953217
-5.07499094
-5.25543285
-5.01832486
-5.14911085
-4.73410907
-4.88034326
-1.80455091
-5.22261141
-4.63839473
-2.07438171
-1.64843469
-1.54512837
-2.18208024
-1.70642111
0.85637665
1.03190892
-1.42438515
-1.50191368
-3.99370404
-4.10921063
-3.70658321
-4.91876855
-5.51821121
-3.78816218
-4.12587865
-3.69862782
-4.07016993
-3.91168011
-3.62672617
-3.12474432
-4.01187305
-3.57171052
-3.59688488
-3.38822311
-4.10770633
-2.69820376
-4.06725378
-4.14387753
-4.73122552
-6.93745415
-4.39881263
-4.33421656
-4.67625186
-4.20623273
-6.76223729
-4.23481283
-4.07717613
-4.40898722
-5.09127002
-4.99571513
-4.81649085
-4.71998178
-5.09259780
-5.03848034
1.17037072
1.93762850
1.68118582
2.04575921
0.94861803
1.57449419
0.95348408
0.94409172
-3.74511773
-4.29015756
-4.39794132
-3.59912262
-3.54927756
-3.75355352
-3.77303303
-3.54698454
-3.74133333
-3.72360143
-3.27624492
-2.91421288
-2.96122972
-2.38618320
-5.53509883
-3.87799593
-2.68239945
-3.31619473
-3.38301300
-3.24197719
-5.03415237
-5.02559140
-5.13134047
-4.38547304
-3.73102299
-4.52744874
-6.07450751
-4.96956349
-5.34054592
-5.90875452
-4.86926212
-5.56117015
-6.03033216
-5.20162831
-2.61982096
-3.64753425
-3.73829549
-5.23335145
-5.04787094
-3.66885710
-3.51209385
-1.93774447
-3.47990791
-3.47892353
-5.05238805
-1.14739241
-4.30235579
-4.47453505
-4.01810877
-2.15204858
-3.45434211
-4.74855773
-0.54315588
-5.01586923
0.39673869
0.78363201
-4.53942229
-2.16072102
-1.44358355
-1.77723508
-0.94878454
-3.03031126
-3.34242842
-5.73189928
-5.88106978
-4.76870579
-2.45544073
-4.15800502
-4.09002810
-2.62364015
-0.28104775
-6.22443691
-4.58420841
-2.52462997
-5.70359833
-4.24308343
-3.73672033
-4.99329412
-3.28766195
-3.84360789
-5.87696352
-5.01317992
-4.09594944
-3.62261606
-2.44927999
-1.99619412
-4.38832033
-0.74688927
-4.13769642
-4.09592821
-4.70093972
-3.76676110
-5.08463679
-3.74177451
-5.69215790
-0.68859544
-4.10023879
-3.81363128
-2.62948283
-2.52206777
-3.83331912
-1.99849361
-3.45606236
-3.14411915
-1.14261121
-2.50940513
-3.38863537
-2.36194392
-0.10220953
-1.80379947
-3.40187078
-5.81876756
-1.96435068
-2.77238157
-3.58777636
-1.76900803
-3.03821057
-2.86660758
-3.54603884
-3.52585259
-3.79019880
-0.08544460
-0.07925186
-2.39441822
-1.82442706
-2.42311344
-2.08559658
-0.24098241
-1.82708776
-1.80113902
-1.80098930
-2.14880674
-1.98300280
-1.85397975
-2.45569585
-2.00601984
-2.30669351
-2.68443208
-1.88488568
-0.98024059
-1.61661834
-2.01404002
-1.66889248
-1.69389112
-1.80276919
-2.42465719
-1.32741646
-1.41792019
-1.41498877
1.39261282
1.30078238
1.34350940
1.31712359
1.06617859
1.52648122
1.44212145
1.03362891
1.63576924
1.59849797
-0.99206098
-3.35054910
-3.11771630
-1.59817926
-1.86078849
-2.42023609
-1.79758750
-1.28544077
-2.23397188
-1.41997335
-1.93462840
-1.66032251
-0.87196782
-1.69656864
-1.08805557
-1.89277675
-2.09261514
-2.46245533
-2.14007275
-2.26303058
-1.40584148
-1.99385626
-2.44489914
-2.89960551
-1.66926669
-2.11079679
-1.98290000
-1.84898163
-1.85320322
-1.92586411
-2.51797439
-1.87020396
0.90651873
-1.91422635
-1.38940107
-0.34194769
-2.17085894
-1.67487796
-1.60793724
-1.91711002
-2.36794006
-1.95113948
-1.97569709
-1.17353021
-1.40452101
0.91382500
-1.35156898
-1.43497815
-1.40302857
-1.66086130
-1.52858728
-1.92273544
-1.86338960
-1.81181226
-2.21546915
-2.16576540
-1.67642358
-1.74319039
-2.06973284
-2.37084271
-1.76240031
-2.06758812
-2.12166818
-2.10048784
-1.56955686
3.73929591
4.90891139
2.62822835
2.95138947
2.74588908
5.01979430
4.81489917
5.02355556
5.15042868
2.81621897
2.85817895
5.43953395
1.92872934
1.92085315
1.94479993
1.97790232
1.87709637
1.64336295
1.78790074
1.07610248
1.40810224
1.67482986
5.04577513
1.59075456
2.00144474
1.91292001
2.06490654
3.50839432
1.45240936
2.21897091
2.11617931
2.00905669
1.23033491
3.27483865
1.15638571
1.60357466
1.24455155
1.09499207
2.42255842
1.33571111
1.63333561
1.70585930
1.71466701
0.70667621
4.55572275
2.70959093
5.02975351
4.93193657
4.91001449
4.99092930
2.49398753
2.75414195
4.92601482
1.98881105
3.48665732
2.80027013
5.56519544
6.70759616
5.99430964
3.49793488
2.92532430
0.39326009
1.95582324
1.86508567
2.02141679
1.96006659
3.65376214
2.03696805
1.62315098
1.85399598
2.37829089
1.93616443
2.40032071
4.76674384
1.98058662
1.68584247
2.22683621
1.48680222
2.42445542
2.61725529
1.51208798
1.22212382
0.95788748
1.34809753
1.10303401
1.23307221
2.02898831
1.60391291
1.28079542
1.58305705
1.67908231
2.39766029
2.70466375
2.75706534
1.93285127
1.66234175
4.98139049
2.62719464
2.65293892
2.06641632
-4.43580399
-4.37880073
-4.11831463
-4.19700670
-4.30679206
-4.54783887
-4.15466911
-4.29841607
-4.39186035
-4.50564582
-3.70353229
-3.82475791
-3.97330081
-3.00284254
-2.91086542
-4.01559576
-3.81440421
-3.10675651
-3.16179087
-2.67496506
-3.99103777
-2.23220635
-4.08583880
-4.05275187
-3.73285716
-4.02567388
-4.06671566
-4.07260397
-4.09378346
-4.32378227
-4.29808132
-4.25493420
-4.23118296
-3.18092099
-3.49053823
-4.36493329
-4.52980882
-3.10238083
-4.25351550
-3.48824890
-4.33399543
-4.54205367
-3.13758315
-4.17582298
-3.50151319
-4.35176441
-4.33527425
-4.28655452
-4.28399816
-4.07574882
-4.44466419
-4.07578198
-4.38878892
-4.32230839
-4.08992669
-4.61806454
-4.58308590
-2.84344955
-4.28671845
-3.86051769
-3.97027056
-2.87106946
-4.00743160
-3.75129227
-3.43419708
-4.21158511
-3.24513065
-3.55270382
-3.82548756
-3.63938263
-3.63294444
-4.17850799
-4.28125373
-2.96241029
-4.42000710
-4.31640757
-4.17574591
-4.17826624
-3.17094723
-2.92337726
-4.17667596
-4.29062716
-4.19965257
-3.16221727
-4.47033266
-4.18513669
-4.04331506
-3.96489556
-3.95100787
-4.32557597
-3.30845192
-4.52118066
-4.21858418
-4.53480972
-4.34485123
-4.50171864
-4.08072518
-4.04554135
-4.30225386
-4.03804013
2.63932750
0.84363339
1.83118746
2.21070620
3.27739825
1.15957084
1.08100309
1.49627219
1.98142672
1.26375856
2.44820558
3.35866031
3.10491315
2.32551856
0.65616328
3.17221222
0.94871789
1.11273076
3.26185088
1.39114020
-0.13351487
3.24206280
1.54021336
2.28511942
1.79658089
0.59858549
2.89904629
2.39736628
1.07341102
1.59078885
4.06645829
2.96956578
3.74141195
2.78872637
3.52134320
2.53691391
3.49838277
2.85901956
3.61353190
3.04422973
2.35890113
2.76192496
4.01979297
2.82640050
3.57840305
3.59895115
2.77035989
3.40994019
2.75809226
1.81223763
3.38403812
1.26181392
2.03169821
2.01244258
1.33208079
-0.84603577
3.23353116
1.51272195
0.84766635
2.71564852
0.38266875
2.29742447
2.38663820
2.27343311
0.91459366
2.58486890
2.26662438
2.77802088
3.63009830
1.26276266
2.92095871
2.47610340
0.96876299
0.60016803
0.29137949
2.31254637
1.36426978
0.69616485
1.84082997
2.05269895
5.13997843
3.79612807
4.23428514
4.34261248
3.97375805
2.21226029
4.02534272
4.01146303
2.43903467
4.06204674
3.46229408
1.60087389
3.92102537
1.72427560
2.38372089
1.51187795
3.27770563
0.56221597
3.95978469
3.42502893
-3.90471770
-0.56743721
-0.09464265
-0.05781377
0.58164027
0.07842115
-0.53112074
-0.31764657
-3.85623717
-0.36970860
-0.23953139
-0.34569204
-0.34669859
-3.98171819
-0.28468962
-0.27704682
0.45367004
0.37108136
0.41313942
2.36311815
-0.46750013
-1.00051378
1.48377273
-0.37386525
1.28896083
1.49405273
1.00865305
-0.09805760
0.13117230
1.09126041
0.65934392
-0.48292841
-0.33846873
0.12855621
-0.43018516
-0.41603264
-0.33734127
-0.42069717
-0.34610776
-0.45781921
-0.32705270
-0.35010836
-0.30082525
-0.47578179
-0.07982780
-1.67748921
-0.27128751
-0.11478215
0.22477622
0.01494242
-0.28553668
0.07320983
-0.29716725
0.08807655
-0.20957032
-0.20427523
-0.10596975
-0.01529837
-1.04612662
1.13693623
0.74510894
0.65524463
1.39140040
0.83064967
-0.33558262
-0.25959255
1.32574505
0.98864038
-0.21857298
1.10331075
-0.11712587
1.43027301
1.36549100
1.28198876
0.58695366
0.17640992
0.44321236
0.63730992
-0.32115382
-0.28139730
-0.32387846
-0.28858612
-4.00778007
-0.58696079
-0.26979264
-0.30785748
-0.00825156
-2.02378313
-0.56698080
-0.46175647
-0.59617344
-0.43603082
0.87818123
-0.39584375
-0.38833081
-0.66797131
-0.47560529
-1.07285066
1.07985483
0.45918377
-4.10823058
-4.96513713
-5.48381047
-4.96539088
-4.64194111
-5.35081855
-4.90478367
-5.21475662
-5.09109819
-4.85830556
-4.96346892
-4.57669787
-5.09807987
-4.80733808
-5.25381399
-5.63333033
-5.25446068
-5.55935763
-5.52513410
-6.57771063
-5.30371726
-5.25516134
-5.01002450
-5.13842216
-5.50559983
-5.08474297
-4.42049697
-5.40073958
-5.64331383
-5.56555221
-5.47171181
-4.28675577
-5.92671701
-5.34010067
-4.11862145
-5.16742093
-5.14608468
-4.88788497
-4.64032781
-5.21669934
-5.23096516
-5.11500413
-2.88942821
-5.25840894
-6.38324189
-6.15089283
-5.61553743
-5.46613695
-4.64248516
-4.80112259
-4.08405965
-6.35046601
-5.52240419
-5.14371695
-5.32958855
-5.21064852
-5.33586458
-5.27845140
-5.72534715
-5.31617856
-5.64854220
-5.18948150
-5.07701059
-5.28379646
-5.68076908
-5.18558558
-5.24029828
-6.27890297
-5.19597228
-5.38190791
-5.20493599
-5.66466206
-4.95914639
-4.89882826
-5.30002329
-5.03720882
-5.17035793
-5.43853388
-5.26823693
-5.21851487
-5.09603505
-5.02526279
-5.06907634
-5.19874543
-4.97117765
-5.26360575
-5.27777027
-4.90077488
-5.22115431
-5.16812787
-4.77779238
-5.63998043
-5.24231437
-4.65320703
-3.71780594
-4.88218737
-3.34752791
-3.98905208
-4.29696604
-5.25098932
-4.63531087
-1.49719195
-3.96171989
-5.27911503
-3.18899610
-3.25040181
-3.20704635
-3.30448050
-2.59738702
-4.88977139
-6.09408344
-3.18899610
-4.76707185
-3.35326658
-4.70874255
-1.71537768
-4.78492290
-2.24707358
-1.78242689
-4.07599584
-4.68372842
-4.26709463
-3.59627550
-2.36265254
-1.84839240
-2.53066305
-4.89786547
-1.64077079
-4.79497310
-4.74546900
-1.95175386
-2.48739804
-2.11327404
-1.96360022
-4.74882711
-3.63039396
-1.95445896
-2.00325930
-2.36632586
-2.49857189
-3.24112059
-2.77326766
-3.18253687
-2.38078774
-2.27644448
-5.56108578
-3.42256438
-2.49869906
-4.89097110
-4.78374192
-2.69806416
-4.97210995
-4.78124989
-2.64418904
-4.29005620
-3.86490684
-3.18899610
-2.77203729
-5.74787488
-2.54324452
-2.52298043
-6.05086149
-4.82302864
-5.83448944
-5.47045879
-4.59359515
-4.64014502
-4.04292055
-2.85570727
-1.69129371
-4.78249446
-4.71824969
-2.04469571
-4.73323044
-4.89937859
-4.76495064
-4.80953666
-2.50059238
-2.93359057
-1.67580583
-3.66914750
-1.48282580
-3.61656553
-3.61656553
-3.66615837
-3.83128578
-2.10021793
-1.26138761
-4.57301230
-4.56456969
-2.56349821
-2.50422363
-4.47586394
-2.87727248
-5.47735163
-3.06325136
-2.84305086
-5.33845935
-5.37289918
-2.99402846
1.49838379
3.47386647
2.53199419
1.45319055
2.26746053
3.33190484
1.43103092
3.24535734
1.48664316
2.71172455
1.52147109
2.90927231
2.90348903
3.47086136
3.26877016
3.27784178
1.43959537
2.91832946
3.03200946
2.82256658
3.28524695
3.47489116
3.29520686
2.60745126
3.28108821
3.61114608
3.20967347
3.39425073
3.11277224
3.41091420
3.58071273
3.73116946
3.93923690
3.46604607
3.74707591
3.80959606
3.50364041
3.49537967
3.53372222
3.48897772
3.15171388
2.74850490
2.24643850
1.83370794
3.25523903
3.22609150
3.06214039
1.95806690
3.04971701
3.04739308
4.23724613
3.47919728
3.15421101
1.43482474
2.53449732
3.28259290
3.62493522
3.34003143
3.27356444
2.60592699
3.02576920
2.73996019
3.22785830
4.58832630
3.32904984
3.32783404
2.87455061
3.50689573
3.39660923
3.59773658
3.44320533
3.61810953
3.24675729
3.37596463
2.90027974
2.91315256
3.75616145
3.91805057
5.91037062
3.93135926
6.27475880
6.21455551
5.99488307
6.49822184
3.66509382
3.42163127
3.34179520
3.04432851
3.49352524
2.08740140
3.04348616
2.86592435
1.34393964
2.73053943
2.68747996
3.06419128
2.74051973
2.99953296
2.96231853
3.08484094
-1.89387336
-1.06099598
-2.57908492
-0.41585522
-0.35532245
-1.94889274
-3.70336098
-2.02801133
-1.81640858
-1.85839573
-1.77895698
-1.64270022
-1.98112468
-1.72150560
-2.04424544
-2.16451377
-0.20700081
-1.85173406
-1.95375636
1.86659129
-1.76255612
-1.85878731
-1.76750269
-1.78536188
-1.94007137
-0.11904688
-1.90831792
-1.81585478
-2.04635182
-2.22856910
2.02428590
1.44326477
1.89168718
0.61973261
0.08193928
-1.84573048
-2.24571138
-2.44143405
-2.14819949
-3.06256871
0.53698657
-1.04719578
0.55681634
0.57931961
-1.93814188
-1.97113954
-2.24958720
-2.04193691
-3.61506610
-3.68390636
-0.13475243
-2.06993958
-0.21298468
-3.42459569
-1.72269672
-2.13422896
-2.00171544
-2.11251645
-1.92360086
-1.77405842
-1.89312326
-2.22560740
-2.07816204
-2.06944773
-1.70992228
-1.87847181
-2.21912755
-1.72310600
-0.47603809
-1.16492623
-2.15322523
-1.99012010
-2.26182534
-2.30113096
-1.71729320
-2.24919771
-1.70018131
-1.67990373
-0.12373744
-1.60134958
-2.10029182
0.61498547
0.39557528
0.51558256
2.01872400
-1.68582626
-0.94565111
-1.52186931
0.55600628
-1.75343861
-1.42181456
-1.81379633
-1.74603634
-0.10642914
-2.16548712
-1.68166299
-1.38669844
-2.04775740
-1.76733784
-1.81729968
6.29818544
5.91375786
5.80909181
4.34802527
5.16270557
5.81239231
5.44418036
6.15687435
7.81168127
5.86715572
6.80212042
6.72818432
6.57301457
5.94464134
6.68775751
4.65389083
5.69621401
5.56397942
5.47650995
6.44002421
5.33959933
4.35119238
6.60720256
5.75473054
5.42624141
5.14088508
5.17924662
5.82657136
6.94647029
5.70961366
5.98425042
8.31816074
5.69390712
7.45199373
7.09647066
6.73422573
5.19480430
6.29780938
9.16222675
4.77164963
5.95215560
3.57215859
4.38786778
4.92905250
5.61739898
5.45433337
5.87729481
6.95926510
5.86559819
6.65180521
5.45632315
5.82965895
5.59543204
6.43467560
4.07717681
6.59737626
5.99552281
6.31014716
6.81238120
6.43029278
5.72327485
5.22884233
5.90974567
5.95026055
6.76898873
9.44425138
4.27480786
5.19663587
3.58522279
4.33578816
5.08299850
4.55449932
4.63167002
7.09200530
4.94504283
3.95057982
7.42127869
6.00595490
5.42767398
5.88585871
5.03769919
5.94347235
5.54870223
5.68571015
4.72405519
5.00024519
4.73004929
5.53926012
3.83045500
5.52393146
3.70848988
3.77740236
6.28161523
3.82977437
5.61874590
6.67083555
4.27682139
6.37884883
5.89676508
6.43496836
-0.55306693
-0.40749505
-0.29608025
-0.41095099
-0.32138221
-0.36691760
-1.14785254
-0.88164184
-0.73912798
0.02917611
-2.19018049
0.40072177
0.48242350
-0.57275291
0.06801787
-2.63583468
-0.01513517
-1.19182302
-1.17733005
-1.28471148
-0.53565408
-0.87680184
1.89758282
-1.42295865
3.08276289
2.26592381
0.24477958
-0.09352636
-0.18903587
0.55027161
-0.52797575
0.59877123
-1.21847186
-1.03978302
-0.70688674
-1.30239700
-1.22501351
-0.35715326
0.55788197
0.65439548
-1.75160899
-1.53198339
-0.21069742
-0.42912603
-0.35672308
-0.28881954
-0.58755890
-2.13780322
-0.19420699
0.51924490
-0.56326514
-0.32436234
-1.14812103
-1.69275830
-1.16306465
-0.42958433
-0.58290308
-0.38684725
-2.04842633
-0.33826729
0.64602670
-0.24478469
-0.63175059
-1.86960408
1.63753786
-0.73170622
-1.47813442
-1.66851400
-0.76784884
-0.73921320
-0.36503238
-0.31180977
1.16260334
-0.00097030
-0.30355408
-0.11360969
0.50817358
-0.96993324
-1.27112802
-1.24555301
-1.85123722
0.39455352
-0.92303970
-1.66333275
-2.40569106
0.29702130
-1.13128243
-1.69892336
-0.81975125
-0.32671952
-1.34575418
-2.54532974
0.97359280
-0.03813357
-0.68795506
-0.34975585
-2.45907676
-1.02618731
-2.68286135
-0.45861073
2.84769889
2.56014606
1.04645903
1.40759951
1.12410689
2.82258739
3.25667928
1.52244837
1.48852628
2.40131265
2.21003227
0.47982670
2.06815616
5.11710124
4.88321930
5.63000928
5.63651151
5.34701003
2.51114030
5.25436225
4.33534774
4.77200450
4.36685145
0.56937558
0.39909025
2.81097547
1.88884334
2.39247842
4.89340225
0.03292690
2.34353438
0.82811716
1.59107030
2.53208121
0.83792035
2.93039872
-0.73305603
4.52508851
4.16999430
0.69225019
2.66262311
0.04476970
4.68422678
2.05242821
2.70920547
0.49598158
1.42175367
2.53901889
1.86461992
1.11818072
3.54875861
-1.00777207
0.42500821
1.55533724
2.27206947
2.34909146
0.51862572
4.87438685
1.11439300
0.01490893
1.94664471
0.64048812
1.39032172
-0.03331309
2.19749366
2.41361279
2.44406920
-1.30368483
2.23467681
1.53050409
3.15179147
3.09642058
2.88187432
1.97186829
3.08256875
2.82761659
1.60786610
4.16360076
2.67662696
2.24300272
0.09674029
2.09145570
0.87733418
2.37849495
0.47420491
0.35166770
1.74003428
0.00874012
1.12457842
0.69866379
2.03005915
1.49065658
1.30874837
3.33628737
2.29237078
0.42039930
0.43041569
1.85940132
0.25494677
2.14999801
