1.10467680
2.63605967
1.10670980
2.30321644
0.52104902
0.45575014
1.17625338
2.16482833
-2.39407772
0.90434448
0.92477532
2.26985561
-0.42316604
-0.41318187
2.12676693
-0.24800697
1.60527486
0.56268506
0.67721965
2.24230103
0.17630068
-0.37016679
1.84093454
-0.31999218
2.15870347
2.45962881
2.84844600
2.27235082
1.66242403
2.41090402
1.18983324
2.44256987
1.65856075
2.33465264
1.07606068
0.47611199
1.26054333
1.73912664
-1.07632644
1.04505649
0.58294309
2.56109448
0.92972683
-0.11582972
1.33109638
0.57198403
1.00470129
1.92949894
1.48625647
0.72101363
0.96464509
2.35666043
1.03352241
2.15404866
2.27566299
2.06207180
-0.76157199
0.63835964
2.07439041
1.48011716
0.67236548
0.19324927
2.24388456
0.36525412
0.75255230
0.47014535
2.91787246
2.22919503
-1.53583465
0.64257619
1.93961271
0.22520277
2.06178564
1.80821677
2.08752570
2.17759916
2.24668429
0.68296583
-0.02910883
1.48247756
0.10858376
1.87818680
0.61310521
0.43885008
2.22093023
0.16841629
1.79588096
2.00942214
2.05538221
2.28634868
2.28885167
0.97226132
0.74967075
2.19677973
0.25940764
1.58907009
-2.03912576
0.61437651
-0.46435057
0.54883076
4.70085013
4.07183159
4.83559277
4.91767537
5.85613801
5.61572953
4.51485033
6.09349350
6.04638941
4.98905708
7.86679687
6.43068541
4.15089034
6.45318490
4.16156700
5.32702402
5.54578364
4.62253221
5.12802816
5.12386430
4.03925005
5.26345520
5.69492908
5.15100952
5.58851979
5.69278579
5.48976043
4.33370560
4.18386620
5.56789437
5.72480795
5.71111818
6.15740433
5.97848661
2.85034388
7.08474613
4.88587112
5.93538810
7.18993243
6.63992327
5.66020724
4.26336347
4.44625591
4.52922516
4.25448912
4.48655800
4.71409803
4.40758359
5.41604370
5.90611998
5.94596290
7.34959919
7.39144543
5.02942852
5.07530652
5.55389312
7.79477146
4.78458461
7.58844711
7.85775796
5.67638877
5.32015895
3.83213630
1.62388062
5.61739132
5.28300401
2.40953654
6.14776393
5.15186155
5.15699816
4.13212378
4.22393374
3.91822274
5.49739049
5.43107996
5.34988238
5.43180373
2.82167995
5.36574040
5.32110503
6.78297001
5.59724984
5.85180903
1.66792333
6.97039258
5.78103850
4.33033454
6.67680489
5.71274169
4.27230624
4.59799428
4.31588502
7.16994885
5.88560547
4.93406743
4.45691307
5.32475133
6.16075881
4.90031779
4.72414661
-3.19832925
-3.54844943
-3.48629984
-2.83654991
-3.40419903
-0.14082887
-2.85257381
-2.70305460
-4.52447745
-3.22773530
-2.78888509
-2.39947169
-1.39471360
-3.91717484
0.26972272
-1.70852247
-3.11517369
-3.19488048
-2.94488652
-3.75820379
-3.49451110
-2.75134489
-2.86942006
-2.01322701
-3.39320040
-2.88631045
-3.57100774
-2.30515397
-4.03818615
-3.39267559
-2.12894599
-2.93283226
-2.20897003
-3.00057829
-3.88050768
-0.77687926
-1.17448905
-3.73596304
-1.32038598
-2.91239738
-3.94649360
-4.81336487
-3.06015206
-3.32938785
-1.61031584
-3.18876018
-1.84980587
-2.72468538
-2.87704248
-2.44605216
-4.38964731
-2.75931867
-2.81232762
-1.96458599
-4.25721571
-3.09253513
-3.42851225
-3.34582010
-3.53362985
-3.08711535
-3.27791097
-4.48547433
-3.41124203
-2.56597727
-1.85439876
-2.87254012
-4.12783638
-4.48061143
-3.13043120
-3.67138833
-1.99738276
-2.86274606
-3.02426170
-3.04762324
-3.44102052
-3.88987506
-1.98980996
-3.08897127
-3.42900259
-3.83180308
-2.40660393
-3.67236476
-3.04022205
-3.38624937
-3.38952835
-3.04718543
-4.76982744
-3.42292041
-3.06540944
-2.09213277
-3.60366402
-3.57880352
-2.96562028
-2.01665895
-3.50020689
-3.38890303
-2.05992109
-3.56126442
-3.60997480
-3.91165440
-2.58255646
-2.97259554
-1.67393344
-3.26141661
-1.54645056
-2.47105377
-1.07265227
-3.85186032
-2.49322924
-2.49053917
-2.91938416
-4.49541673
-0.59312745
-1.33287191
-0.80582994
-1.61451428
-1.82257005
-2.81146340
-2.19662913
-2.70673712
-3.06417693
-2.91936269
-3.22110260
-3.61447663
-1.99946011
-2.60338218
-2.77229021
-4.26316420
-2.87811999
-2.81018516
-2.87355298
-2.74064914
-2.55435032
-1.92624445
-3.43628660
-2.70268531
-2.72976327
-1.37301760
-2.71739424
-3.05506655
-3.40961510
-2.45735696
-1.54321058
-2.62049267
-1.60654283
-2.79718163
-1.76610376
-2.58081731
-2.76978343
-2.24307430
-0.81371138
-0.37307177
-0.53889114
-1.55680906
-0.15022634
-1.23684256
-0.78450170
-0.74581176
-2.40135253
-3.95545466
-1.48266542
-1.18652220
-1.48069397
-3.36602471
-2.93489676
-2.92051439
-2.24634725
-0.75016159
-3.20444490
-2.80589685
-2.32401772
-1.88301698
-3.33188244
-3.77831104
-2.16632589
-4.14839953
-1.85809394
-2.79597021
-2.03740984
-2.55251671
-0.54660248
-0.24698151
-2.51925359
-1.23201656
-2.91991108
-2.82268753
-2.87782675
-2.74968779
-2.74973429
-2.41350138
-1.68296222
-2.06036843
-1.35166496
-2.26722462
-1.49546821
-1.26441039
-1.46164259
-1.83250850
-1.19142221
-1.29347943
-3.56302800
-3.85213254
-3.62865881
-3.83232534
-2.62428154
-2.82410671
-3.52657549
-3.68978976
-2.20083781
-3.49630726
-3.99390938
-4.08650572
-2.79126044
-4.09010643
-3.91238439
-4.53305999
-3.67733735
-2.98013251
-4.44487873
-3.34871775
-4.46816246
-2.97869647
-3.98438794
-3.14548942
-2.93475597
-3.16732175
-3.92334951
-3.02966545
-3.85615012
-4.67506623
-3.74631275
-3.49711566
-3.06312282
-3.83106897
-3.58466257
-4.94109431
-2.82116532
-3.80507289
-3.78777337
-2.85970045
-2.56668607
-2.27764682
-2.49604747
-2.37129831
-2.96567557
-2.25521326
-3.40802312
-2.81028442
-2.65585784
-0.51351737
-3.77895014
-1.98125931
-2.13022381
-1.87560950
-2.73614153
-3.59968021
-2.47748050
-3.68105032
-2.27716496
-3.44443497
-3.18311665
-2.58337764
-2.44144229
-2.83024005
-3.67595098
-4.73230354
-3.68863327
-2.81259289
-2.82330675
-4.66418945
-3.90346077
-3.92783163
-3.18255480
-4.19940721
-3.65386451
-3.94701133
-2.76509126
-2.88312199
-2.92303169
-3.69267007
-1.72411116
-3.79955080
-4.80506436
-1.76543013
-1.14773838
-2.72259389
-3.09273772
-4.04116940
-2.74668276
-3.46884108
-2.51395229
-1.29214620
-1.12807455
-2.42708405
-2.71596702
-3.89342487
-2.58860238
-3.62440844
-2.00300890
-2.66508331
-0.46460096
-2.78968313
-2.53560547
-0.92348322
-0.52087231
-1.30932765
-0.43496526
-1.72849044
-1.68015600
-1.99773663
-1.45148504
-3.48375705
-2.10208496
-1.56445709
-0.82902369
-1.34322787
-2.52772651
-0.54163750
-2.26831180
-2.63266288
-0.85850876
-1.54346275
-0.75571728
-0.85484587
-1.53255681
-2.54043293
0.08318599
-0.96698987
-1.10287191
-0.47392301
-0.65037248
-0.45379694
0.47650520
0.01355620
0.56574310
-0.98011128
-0.15091313
-0.43354491
-1.76008909
-2.08134968
-1.57696182
-3.32954990
-3.28813987
-2.75811352
-1.18890816
-1.43713173
-1.67100194
-1.66702388
-1.82201536
-0.73645505
-1.97408704
-1.17762763
-0.95952763
-1.35314181
-2.31248416
-1.47260769
-0.85437350
-1.30816146
-1.18898893
-2.15012209
-1.38747592
0.55293179
-1.09922590
-0.24905601
-2.35534590
-1.58830235
-0.78527186
-1.54587901
-0.67734939
-0.64083285
-1.23682304
0.28343503
-0.01148180
0.14957683
-0.90974404
-1.67338577
0.23566919
-1.53977736
-0.29015660
-2.12359452
-1.71392428
-1.43561865
-1.21429646
0.44724851
-1.70302745
-0.70751615
-1.08239539
-1.86514768
-0.35872818
-0.32349475
-2.03920936
-1.52694117
-1.41577008
-1.33625563
-1.65884128
-1.60246201
-1.14947234
-1.37876351
-1.94818628
-0.77651700
-10.13999614
-8.71300712
-8.86972431
-10.04322060
-7.80380275
-7.43464058
-8.08310766
-8.94002438
-7.45210033
-9.45337524
-8.03319817
-9.63583810
-9.53772369
-8.59241378
-8.58992921
-9.65789367
-7.93931087
-8.00541164
-7.96046623
-7.96281615
-7.92990829
-7.95921088
-7.95680417
-7.96081175
-7.69018366
-7.89821637
-7.42876653
-7.45185974
-7.79089567
-7.71886440
-7.89627414
-7.85927948
-7.56270219
-7.91107960
-7.62653913
-7.59784994
-7.75668036
-7.71580003
-9.42996340
-10.18266235
-9.13837586
-9.03688106
-8.90142964
-9.05012623
-9.04116359
-9.08447788
-9.01818999
-8.67270438
-9.48371913
-9.48857461
-9.42006539
-9.55921136
-9.05535955
-9.46888733
-7.77553461
-7.95588599
-8.03978557
-7.63539566
-7.67650739
-7.75312713
-7.78984117
-7.24902056
-7.62658004
-7.75863882
-7.67927558
-8.11521094
-7.77137967
-7.70035734
-7.60108251
-7.72213180
-7.63240079
-7.56323902
-7.83370737
-7.56016493
-9.58357420
-8.75561812
-8.76198593
-9.88087831
-9.57959287
-9.27526482
-9.57262202
-9.56753864
-9.51930842
-9.45458801
-7.52711704
-7.52161397
-7.21837529
-7.33913273
-7.45838587
-7.71554224
-8.19548121
-7.94988409
-7.72897611
-8.00213077
-7.59413891
-8.04308607
-8.29726698
-8.04550703
-8.05170001
-8.31527653
-10.45063905
-11.97406839
-11.54747511
-10.64644716
-10.47749805
-10.66893069
-11.03713378
-10.50784746
-10.73775616
-10.43597327
-9.40183827
-10.64783765
-10.72635107
-11.55173416
-10.30622723
-12.39096065
-11.39901375
-11.40842476
-11.81615790
-11.38029961
-9.82438304
-11.33586327
-11.82879386
-12.60224300
-11.70111207
-11.20492810
-11.91811226
-10.97564289
-12.60968130
-11.60910584
-12.42146329
-11.48998472
-12.46092999
-12.37172122
-12.33159851
-12.10368251
-12.58568098
-12.05893773
-10.82251462
-11.08396933
-10.82413103
-12.26337706
-12.34184465
-11.37011532
-11.57153156
-11.21020944
-11.24198720
-12.34265058
-11.46479882
-11.65113754
-10.75612747
-11.61190421
-11.33054487
-12.35045724
-11.98882416
-10.31398050
-11.65475077
-10.30420364
-12.88862750
-12.40412446
-11.59524880
-10.55398044
-12.24533162
-10.19828946
-11.83161222
-10.51424149
-10.31106928
-10.41936200
-11.52947810
-10.41994410
-10.63127835
-10.75702706
-10.48068200
-10.36989856
-10.54845550
-11.60402509
-12.05011876
-12.04012640
-12.26937813
-12.46620617
-11.51140559
-11.72196360
-12.29655400
-9.40005856
-12.42980306
-10.97798204
-11.66978215
-11.59113113
-11.57243899
-11.60748928
-10.76782785
-11.58238295
-11.53889477
-11.56199936
-9.97649257
-9.87205304
-11.14338394
-12.16074821
-11.62934744
-11.60735301
-5.69570108
-4.54446038
-4.79039617
-4.71237885
-5.13516064
-4.74610351
-5.63282533
-5.23120181
-4.63564507
-4.61675544
-4.72694794
-3.93453581
-5.54167116
-4.68225949
-5.59619168
-5.62844620
-3.72984770
-4.41601289
-4.72336317
-4.74945875
-4.28631281
-4.60703396
-5.46679786
-4.76083508
-6.38956788
-3.65437991
-6.08848401
-4.70257231
-4.68686160
-4.83866025
-4.77504212
-5.15342229
-6.28431509
-4.69633821
-5.38300414
-4.79318958
-4.99480075
-5.10086287
-3.65315485
-4.48715309
-4.85707713
-4.06485224
-4.12999885
-5.55228404
-4.66715690
-5.40995818
-4.61458544
-3.67495289
-3.65290842
-5.00456298
-5.25311694
-4.24974940
-5.77340329
-4.82073200
-5.14518884
-5.07513486
-4.79102626
-4.83008016
-6.30592735
-4.54087231
-4.30149198
-4.65838854
-3.18580163
-4.65892822
-6.04368658
-4.57241664
-4.48275385
-4.73402728
-5.51841601
-4.37059598
-4.57827028
-4.54156949
-5.70761267
-4.89534724
-4.46703175
-5.45716639
-6.07397206
-4.75307659
-4.79547266
-4.64237982
-4.74891087
-4.44638070
-4.44235093
-4.73145258
-3.92699417
-5.40626545
-3.43419642
-4.09190888
-3.27088038
-4.10386607
-4.64670523
-4.38446047
-4.31903131
-6.00832856
-4.63910880
-5.27975568
-4.86166504
-4.50994167
-4.57610155
-4.63920784
-8.66164168
-6.26434950
-6.31828657
-7.74862686
-7.23131738
-6.11075087
-6.21424963
-6.55359585
-6.40514435
-6.33909825
-6.14942988
-6.13414090
-6.27992633
-6.66836483
-8.27882636
-7.85863446
-8.38619361
-7.83076046
-7.96918443
-6.89292566
-7.89533325
-7.80020673
-7.83452591
-6.19780354
-8.41503982
-7.12675593
-7.96945816
-7.40873114
-6.62030306
-8.72741139
-8.16615165
-8.25104702
-6.03614082
-8.03158953
-6.72130786
-7.23152770
-8.84714468
-4.90591034
-8.41283005
-8.59211321
-7.64289481
-6.48929377
-6.41523023
-8.37820443
-6.60550436
-6.57021641
-7.65712137
-6.52479007
-6.44922504
-6.05116102
-7.51195931
-6.60604109
-5.11741064
-6.68887872
-3.99300857
-3.77648858
-8.20228787
-7.92180450
-6.67706444
-6.44418517
-7.75594208
-6.52795098
-6.52873215
-7.82079941
-7.88363975
-8.32654728
-7.94401417
-5.15656214
-8.87834020
-7.85544128
-6.55598645
-7.91582534
-6.52990972
-7.23825926
-7.70922801
-8.80702768
-4.54396437
-6.59748893
-8.70915730
-8.32631088
-8.30216534
-7.76595008
-6.67504069
-8.51587524
-8.35551127
-8.65721257
-8.23335573
-8.38843217
-6.62436159
-6.90958893
-7.24733379
-7.46123607
-7.51156731
-6.47343485
-6.48225912
-7.94910934
-6.45091217
-6.45166287
-6.44677279
-6.44806284
-0.35572111
-0.97605632
-2.69849805
-2.01831078
-3.04355155
-2.40623386
-1.61775227
-2.42844363
-1.26340153
-2.24826997
-2.40363594
-2.70103763
-1.52215917
-1.47866707
-2.37540539
-2.70456946
-2.65245076
-1.49757791
-2.51756020
-1.57793974
-2.67660707
-1.59684979
-1.99448047
-1.68787863
-1.78392448
-2.00307112
-1.65189572
-1.30828139
-1.13396022
-1.14834916
-1.49553914
-2.06176544
-0.98793504
-1.94771144
-2.45316943
-1.55842034
-1.40902551
-0.93078852
0.79897188
2.06260716
2.29477548
2.24231571
2.98169831
-0.44614728
4.08852191
-1.23721241
-1.46692189
-2.05245906
-3.18799449
-1.23871047
-2.72037589
-1.13382532
-3.49044146
-1.09464204
-2.46914590
-2.55719745
-1.91533480
-1.77574981
-2.36730038
-2.73327997
-0.93791408
-2.61613141
-2.75238203
-1.28455089
-1.37826990
-1.24835324
-1.61077176
3.21865541
-2.38636607
-2.65240688
-1.36190129
-2.71697361
-0.91636766
-1.57401702
-1.12807535
-1.47275325
-1.68182463
-2.50809390
-1.30551110
-2.37381751
-2.05911762
-1.09380459
-0.32215751
-2.49309057
-1.38168714
-1.16875159
2.86483651
3.03591150
2.27063541
-1.80658502
-1.72666251
-1.20952239
-1.04656982
-2.38934428
-1.77429029
-1.16927175
-1.17046833
-1.31155869
-0.48091502
-1.87310016
-6.47463235
-5.88837401
-5.45819798
-5.75300929
-4.61147600
-5.55259301
-5.58065350
-4.73776637
-4.58129539
-5.52289616
-4.20648777
-4.48332153
-4.06044278
-3.29229895
-3.92133481
-4.55387456
-5.07739100
-4.57140354
-4.66326558
-4.64096556
-5.55015923
-4.81716015
-5.42325491
-4.05298169
-4.08951104
-4.16355143
-5.16442480
-5.32064757
-4.72735650
-4.61274855
-4.48102805
-5.01341257
-5.70251571
-5.73403879
-4.85873498
-4.29264458
-5.66552033
-5.57873634
-4.32478912
-4.76621671
-4.23365927
-4.35812766
-4.70883421
-4.32361215
-4.55229751
-5.66467526
-4.68020543
-4.48831790
-5.69399555
-5.56890489
-4.58678957
-5.09051381
-4.69058841
-5.89685466
-4.46391786
-5.59883561
-6.43835481
-4.83472673
-4.61956816
-5.58088964
-4.73942084
-4.57760713
-4.43103658
-4.50518696
-5.47136268
-5.03936580
-4.32643833
-4.35280696
-4.42055059
-4.12784323
-4.66916530
-4.53059994
-4.75268889
-5.11155505
-4.44859661
-6.08505073
-4.47130220
-4.35072813
-5.67206461
-4.32900955
-5.75058198
-5.70562436
-4.38977650
-4.39197112
-4.58745998
-4.96885272
-5.04845568
-4.88563549
-4.52633851
-4.86504017
-4.52439361
-4.90853043
-6.43352997
-4.67701168
-5.01857547
-4.34326584
-4.29392024
-5.72046849
-5.51623451
-4.81597240
-8.09871177
-8.10627832
-8.09907648
-8.11278176
-8.08329726
-8.11461798
-8.09449096
-8.08568250
-8.13243410
-8.13701995
-8.17483143
-8.12959185
-8.16355337
-8.11706191
-8.11557626
-8.17970660
-8.11776066
-8.11279083
-8.12531205
-8.13494669
-7.93958797
-7.46369610
-7.23518232
-7.46616942
-6.91670976
-6.86447720
-6.84953699
-7.59452242
-7.91867643
-7.92002468
-8.15833280
-8.04843718
-8.04607068
-8.06108261
-8.08942980
-8.10500247
-8.05427565
-8.03063631
-8.03676082
-8.10186170
-7.29550439
-8.14317512
-8.14345235
-8.14159398
-8.17960710
-8.19180796
-8.13622849
-7.34419418
-8.13668808
-8.18076202
-8.19156006
-8.04882537
-7.98854979
-8.03185524
-8.01329544
-8.15621947
-8.17196140
-8.12428042
-8.14559273
-7.29915565
-8.11491264
-8.13458161
-8.11558251
-8.12483272
-8.12724208
-8.18519568
-7.28414794
-8.15725263
-8.15820333
-8.13243726
-8.15212418
-8.12252906
-8.15566829
-8.02662998
-7.97496391
-8.03945441
-6.99380957
-8.01753273
-8.01570848
-8.06046251
-8.05419274
-8.07027082
-6.49158821
-8.07996420
-8.06823990
-7.17832023
-7.99487383
-8.08273666
-7.20816595
-8.15427610
-8.14058181
-8.16124732
-8.15718694
-8.18027370
-8.14629650
-8.17197764
-8.20212045
-8.16365283
-8.18524302
-8.17430669
-6.01482702
-5.65291920
-5.62694273
-3.74479655
-5.41600496
-4.57105992
-5.39194410
-5.37705595
-5.04980035
-4.49019080
-5.25366785
-5.18804805
-5.35700034
-5.45799390
-3.36663919
-5.67693818
-5.37856227
-6.01347772
-6.29364798
-4.94570423
-5.30957148
-5.25816415
-5.25135166
-5.62844342
-4.74735979
-4.76467012
-3.24379768
-1.96650560
-1.42911761
-3.17761251
-2.88926651
-3.98081640
-2.40509163
-3.62777720
-3.43570715
-4.35030792
-5.40768596
-5.61546206
-4.62530775
-3.83747735
-5.26270413
-4.84388263
-4.67452113
-4.61067529
-5.27388323
-5.07860360
-5.02098661
-2.93787387
-5.71251135
-5.71407278
-4.59710426
-4.48221534
-4.75700506
-5.11453194
-4.98918165
-5.90688460
-5.19342893
-5.78624940
-4.68826636
-5.23112977
-5.41046356
-4.92091571
-4.50774817
-3.38959847
-4.59599764
-5.09053410
-5.05701799
-5.73190243
-5.52249246
-3.29932522
-5.66889963
-4.38605841
-4.58350288
-5.27634905
-4.67257729
-3.93081068
-4.57268435
-2.94322388
-3.90708189
-5.13108744
-3.87723556
-2.71814459
-4.38628921
-5.36685590
-4.20640887
-4.53947122
-4.51069791
-5.81976942
-4.35163521
-3.70734652
-4.81410608
-4.32208014
-4.72621685
-5.08988206
-5.62162720
-6.34750019
-3.80808942
-5.68338551
-4.45544955
-4.03268551
-9.17313044
-7.79719425
-8.22859308
-8.08671219
-7.91666051
-7.10267173
-7.83196776
-7.84300296
-8.00969034
-7.70871847
-7.13588995
-7.77407396
-7.69891327
-8.01653345
-7.48628273
-7.71920831
-7.87014924
-8.09607066
-8.28802084
-7.90616663
-7.87861618
-8.08385921
-8.29304902
-8.17014499
-8.17876255
-7.98063373
-7.86294253
-8.02485031
-7.92895490
-8.02912012
-7.96986312
-9.09764647
-7.60648212
-7.98416756
-7.85008872
-8.78462958
-8.45029158
-8.10546190
-7.72918540
-6.74888210
-7.79734936
-7.85521203
-7.84248169
-8.17280956
-7.61795201
-7.72900613
-7.60040287
-7.94027109
-7.99243973
-7.76489429
-6.78570871
-7.99948759
-8.94103835
-8.17571132
-7.84139948
-7.89109794
-7.81409905
-7.48609552
-7.36979907
-6.69522590
-7.92140691
-7.78383010
-7.98979640
-7.81948913
-7.94455703
-7.73991671
-7.87097937
-8.08382678
-7.80559507
-6.52735810
-7.01611079
-5.98333130
-8.34479319
-7.20152506
-7.05174685
-7.82357649
-7.72195135
-8.03991369
-7.94309497
-7.80413388
-7.73392402
-7.98162425
-8.17269267
-7.94776142
-7.80770837
-7.61134972
-7.84566954
-7.71955139
-8.94626408
-7.87786612
-7.90809617
-7.63559363
-7.99938914
-7.73506410
-7.71900767
-7.82743004
-7.33242739
-7.98304237
-7.80743108
-7.83226432
-4.23969754
-4.13743046
-7.07164068
-4.08298028
-6.46903987
-4.23992204
-6.50881594
-5.14071220
-6.60662845
-6.41132841
-4.12162579
-4.20250178
-5.66780016
-4.71992250
-6.89550371
-4.10259324
-3.88337633
-4.32440252
-3.92631807
-4.17474254
-5.21568875
-4.09934269
-6.02030988
-6.24037073
-6.24204167
-6.24037073
-4.07623388
-4.29637312
-4.12360791
-4.19495385
-5.41232458
-4.31753268
-4.02834797
-6.40934471
-4.08498049
-3.95412541
-6.43781167
-3.59026503
-4.00591560
-3.98026560
-5.52862677
-6.31637478
-4.51150941
-5.56794561
-6.26060532
-4.12694727
-4.20491407
-6.34504748
-4.30280480
-3.82308443
-5.84096987
-6.11193424
-6.20618510
-4.21764395
-6.24060421
-6.24037073
-4.14010562
-4.07681190
-4.17569623
-4.29288190
-6.40637933
-3.91573872
-3.86718224
-6.40047082
-5.20657722
-5.56540565
-6.49638031
-5.21997340
-5.18410168
-4.01845508
-4.05237345
-4.25726558
-3.99630688
-4.07710151
-4.18244253
-4.42971471
-3.44985825
-1.98862665
-6.32172623
-5.46876313
-3.92702296
-3.81099139
-4.19744125
-6.58866021
-6.80162649
-5.26582573
-3.91019232
-4.10982366
-3.43316113
-3.91242393
-4.01977077
-3.95489620
-4.18317531
-3.74214338
-6.37819833
-6.24037073
-4.15993844
-3.78606636
-4.06323652
-4.19114092
-0.69312376
-3.40147343
-3.34743080
-4.78012073
-1.12363867
-1.48241901
-0.51259592
-3.43745326
-2.78076291
-1.52860940
-3.15687773
-2.67028637
-1.08908020
-2.72255835
-0.59662823
-1.49387614
-2.01052924
-0.47827452
0.20975214
0.60725111
0.31140617
-1.49570040
0.71775084
-0.68975002
0.73041547
-3.23436989
-3.38705128
-3.28499300
-2.14445998
-3.90570603
-3.55747232
-3.41594922
-1.37850920
-2.87730042
-3.71044543
-4.71709050
-3.31325226
-2.67542187
-2.66069474
-3.26805041
-2.74843223
-3.28032154
-1.78122733
-3.23027880
-3.51707860
-3.22483386
-4.11040300
-2.81039899
-3.29502400
-3.24150192
-4.52043852
-3.73956333
-3.03158482
-3.04525125
-3.88374648
-2.28233404
-2.78006349
-3.38271316
-2.99832390
-2.44044492
-4.18299433
-2.72527353
-4.22193817
-3.61229722
-2.99355934
-2.36292246
-1.00872185
-3.51986330
-3.10548036
-2.81633164
-1.62509808
-1.91954651
-3.44495231
-2.29803852
-0.49758167
-0.60795041
-2.99397492
-1.21665329
0.34388051
0.01375858
-1.42302696
-1.47880782
-2.88719678
-3.30364276
-3.12352568
-1.87084889
-2.32061236
-3.45072349
-3.31728311
-2.73485190
-2.52145864
-4.03614476
-3.64736612
-2.77807322
-3.00781406
-3.34437455
-3.18294378
-2.24750381
-3.04819018
-3.63284622
-5.81719962
-5.69593258
-5.67805162
-4.79586152
-4.59475188
-5.82585446
-4.75868414
-5.68864753
-6.02836643
-4.52821762
-5.78640684
-5.88244074
-6.01534760
-5.82000262
-3.49474415
-5.39770132
-5.14822357
-3.84048061
-4.18411566
-3.73091193
-5.09007325
-3.62449050
-4.77352803
-4.63367740
-4.38305253
-4.21682829
-4.49300198
-4.52362475
-4.57745320
-4.24347808
-5.48854331
-5.36009180
-5.46552861
-5.26510875
-4.47620260
-4.59235434
-4.45163990
-4.47942364
-5.63518818
-4.63048550
-4.91076740
-4.33994033
-4.42028317
-4.64109731
-5.54761307
-5.90280900
-5.33191523
-5.46343778
-4.78489522
-5.75772355
-5.40689668
-4.52150744
-5.49400112
-4.83815716
-4.58039636
-5.90889787
-4.96487077
-6.47809152
-6.29278110
-5.73119897
-6.02019879
-5.35530659
-5.34763739
-4.90296535
-5.97600513
-3.42831127
-3.42579434
-3.57045676
-1.17571331
-2.26892107
-2.86770435
-3.62554496
-3.91041352
-3.39061487
-4.21607315
-4.43447986
-5.39730613
-4.46978347
-4.71712747
-5.31580873
-4.11436322
-5.20392931
-4.41300212
-4.92399554
-4.21326560
-5.88245001
-5.53308777
-4.74016003
-5.59383887
-4.89089210
-4.93857522
-6.40486698
-4.34250566
-5.83706499
-5.53330584
-5.53358474
-5.41428860
-5.64452813
-5.64687829
-5.90023502
-3.65335519
-3.19316470
-3.05147106
-3.15019359
-2.97140499
-2.35458486
-2.73114184
-2.74559304
-3.66495718
-2.32743646
-3.56647012
-3.50830851
-3.39573953
-2.75503807
-3.22410578
-2.72423333
-2.89376323
-3.04948621
-3.09561642
-2.88464964
-3.06755183
-4.03664066
-2.85704128
-2.99444927
-2.94940375
-2.94167878
-2.94005119
-2.97860755
-2.90103221
-3.99253181
-2.90061724
-3.06464730
-2.84460339
-3.00217469
-3.72904239
-3.92018254
-2.88703628
-3.08632022
-3.70384517
-3.10270031
-4.44520824
-3.54471372
-3.24229517
-4.67525417
-3.67106733
-3.16658272
-3.11359339
-4.63455985
-3.16749562
-4.01898497
-3.61124678
-3.06801651
-2.86910550
-3.08139960
-3.28342602
-3.59967828
-3.09735005
-2.83601193
-3.16703226
-2.59955052
-2.44093768
-2.96619822
-2.69717540
-3.09504653
-2.57572119
-2.63105295
-2.64541796
-2.16328158
-3.36740308
-3.53696444
-3.27177628
-2.57417421
-3.53048631
-3.27156653
-3.16608804
-3.21908863
-3.24353479
-3.04644274
-3.60545820
-3.13902155
-3.11210068
-3.45508251
-2.96381322
-3.46155914
-3.96531128
-2.92372218
-3.56341729
-3.83157189
-4.12540073
-2.92290235
-3.40868641
-2.96168955
-3.56614707
-4.47517110
-2.79778394
-2.90556060
-4.31914184
-2.96455542
-2.95726434
-3.16529520
-5.66180290
-5.18034882
-5.70570833
-6.04424399
-5.25157354
-5.76014498
-6.64312307
-6.81621402
-3.97119799
-6.59609574
-6.50876446
-5.28414219
-6.76846988
-5.71848066
-5.14483115
-3.88844819
-6.63954358
-5.67038370
-5.21785692
-5.24353220
-6.57478540
-5.68198766
-3.88419920
-6.57271879
-5.18529094
-5.11738761
-6.76024279
-6.72439138
-6.76323049
-5.26298080
-6.21926593
-5.58788774
-4.68294383
-5.12464728
-4.47902582
-4.34350154
-4.19829910
-4.30265045
-5.38943110
-6.03638744
-5.95346697
-5.21281826
-6.51259505
-6.92651360
-4.06202103
-5.72723402
-6.69520565
-5.37950914
-5.29282794
-5.25784741
-5.29510634
-5.27794484
-5.30491057
-6.67270319
-5.54661805
-5.21220149
-6.99090396
-5.26801942
-5.22335036
-6.59849345
-5.32690123
-5.46569213
-5.14554123
-5.16024313
-5.15735274
-6.85580538
-6.69595071
-5.08265787
-6.60543980
-5.20418419
-5.23979402
-5.19848883
-6.36016934
-5.31558978
-3.76273027
-3.79360943
-4.09758710
-4.14265160
-4.18373993
-4.26692542
-3.23197255
-4.11078945
-4.40940969
-4.43657976
-5.39634037
-6.72289148
-5.36124298
-5.26530053
-5.75840529
-6.80616585
-5.28975505
-5.77146745
-5.24871265
-5.15864194
-5.19576413
-5.23514445
-6.73930263
-5.23838445
-5.60350990
-6.61687338
-10.27163727
-8.88320482
-10.25641663
-8.79666982
-10.25781984
-8.61841965
-10.35391157
-8.66857239
-9.84518698
-9.01075094
-8.83917736
-8.94467198
-10.40541271
-9.24010484
-9.10935869
-8.78128843
-10.65373628
-8.05870391
-9.60094092
-10.35016097
-10.91804994
-9.34391399
-10.74883159
-10.70883473
-10.74580346
-9.63196147
-8.57887299
-10.27377815
-8.66056576
-10.81674728
-10.80438868
-10.80771755
-9.34284193
-9.75079251
-10.17940179
-10.87400455
-10.80925098
-10.80812120
-10.78695852
-8.37237445
-8.78743169
-8.57905214
-10.21620770
-10.12326941
-8.88657197
-8.79121438
-8.34222522
-8.85490554
-8.80621456
-10.09508137
-10.13403683
-8.65903228
-8.93427543
-10.08671876
-9.64471721
-10.15231706
-10.29839206
-8.72225450
-10.20852646
-9.55344772
-10.66832340
-10.33183063
-9.22366810
-8.81595142
-10.50964865
-10.27038804
-10.53577250
-9.04864880
-10.67828304
-9.22690749
-9.79620446
-10.75789293
-9.63648987
-10.75184039
-9.74625493
-10.83347899
-9.49816470
-10.78358533
-9.76362935
-10.83722462
-10.86236435
-9.81078487
-9.59658650
-9.36135390
-10.86582226
-10.81284897
-9.62500054
-10.81641373
-9.89628025
-11.05751362
-8.67900165
-8.55996937
-8.58512755
-9.74717944
-8.34779807
-8.34857430
-6.62435156
-9.44361168
-8.27288964
-10.01661171
-13.36285371
-13.35618857
-13.27265833
-13.24108411
-13.60188279
-14.65312346
-13.06322892
-14.56986868
-13.17989398
-13.90440640
-13.63035925
-13.89246182
-9.79398452
-13.24312272
-14.50072983
-14.31185951
-14.24953413
-13.80668141
-13.06771287
-13.60906405
-13.12587429
-13.32922451
-13.44067609
-13.12629727
-13.23183545
-13.30758755
-12.32566567
-13.46717322
-13.38880191
-13.13963866
-13.50431434
-12.71773928
-13.85617413
-11.95053448
-13.16061112
-12.94447123
-14.45329366
-12.25437261
-11.64458473
-13.26832039
-12.71963379
-12.27182165
-12.85122881
-11.66080352
-13.34302786
-12.67006805
-11.47110724
-12.46996528
-11.80287599
-14.21800796
-13.12565877
-13.82320744
-12.33236701
-13.19016934
-13.42647047
-13.15888536
-13.47519514
-13.41921450
-13.44593350
-13.11161715
-13.45924725
-13.25218756
-13.23072601
-13.24062969
-13.30110337
-13.83099317
-13.23177328
-13.62442098
-13.37200182
-13.29554086
-13.31355231
-13.53171494
-13.32117632
-13.40574222
-13.26152673
-13.59773253
-13.87351184
-12.96350623
-14.71278534
-14.29313222
-14.51724005
-13.84369520
-11.99598202
-14.01004736
-13.81047589
-12.33152819
-12.71096264
-14.21133276
-12.55618007
-13.47616252
-13.02850891
-13.80461471
-13.58982947
-14.59028374
-14.31206106
-10.62772444
-14.55067850
-13.43815507
-13.30712860
-13.23324270
-1.00189872
-1.22719360
-1.71831893
-0.67745064
-0.11548351
-2.51718481
-0.89312682
-1.88148327
-0.97254794
-1.29345044
-1.51888575
-1.82559591
-1.07263502
-0.27046510
-3.45484632
-0.18820819
-2.68339771
-0.68381798
-0.24257735
-1.75402951
-1.29844808
-2.00356718
-1.41885475
-1.12439162
-2.12503231
-0.91997257
-2.16517144
-1.65701883
-0.70538077
-0.29607759
-0.96151504
-1.03765930
-0.57556541
-2.29185119
-2.29916595
-1.96214691
-1.33175427
-2.11249672
-2.04237620
-0.80886321
-2.91033928
-4.02395480
-1.93901972
-2.23291472
-1.02886897
-3.25817321
-3.13390719
-3.35660356
-2.26736305
-0.92168549
-1.23449559
-0.53579563
-0.33492684
-1.44888815
-3.11926481
-0.24394485
-0.69205415
-0.33950603
-2.37737747
-1.40944517
-1.31672112
-0.51879265
-2.25110701
-2.86667572
-1.35010698
-1.33475224
-2.27052260
-3.13451150
-1.48403571
0.40918091
-3.97012194
-0.95968076
-0.21112501
-0.40033228
-0.46268008
-0.35080615
0.38418221
-1.23092620
-1.72934510
-1.85620914
-0.42317528
-2.05226564
-3.41521433
-0.72064921
-2.22061146
-2.84463043
-1.02941091
-1.07720227
-0.62384286
-1.53534128
-0.65587774
-0.74249755
-1.41495216
-1.41378126
-1.46025800
-0.59505968
-0.14467285
-0.95637882
-0.52180075
-1.57552947
