-24.27180412
-24.57030056
-24.87459035
-25.76846108
-26.46128582
-24.99770410
-26.03970583
-25.09256667
-26.11192149
-25.71029990
-26.23564166
-25.44905380
-25.39605358
-26.71915845
-28.28302413
-24.78115180
-25.55018595
-24.67680696
-25.07101263
-23.63598902
-24.53831663
-24.38998828
-24.57981907
-24.37822160
-26.08361683
-24.79490220
-25.62027196
-25.22031378
-25.88828406
-26.35791342
-26.35311903
-24.96427795
-26.69590615
-24.88833219
-24.96023909
-25.69388043
-24.16342759
-26.15349057
-24.19911022
-24.94066505
-25.34828485
-23.23337088
-24.25582046
-26.59558271
-25.65385418
-25.34236533
-24.66167837
-25.33029156
-25.23687534
-26.16775970
-27.03199929
-24.78535377
-26.57939294
-25.86852961
-28.47916829
-25.54365677
-24.42926244
-26.18146917
-26.28406187
-25.58684884
-26.77519344
-25.97549425
-24.43132051
-22.38111044
-22.44822527
-26.85789296
-28.02254156
-27.65981471
-27.17445282
-27.58223670
-25.61223477
-27.75757926
-28.13938822
-24.80724350
-25.12615490
-25.33421502
-24.30825400
-25.05616736
-24.22062141
-25.27434743
-26.72474484
-26.01499493
-25.88122615
-24.16160021
-24.38803405
-21.79773039
-21.74363592
-22.25050097
-23.87362707
-24.08257322
-27.59251488
-24.59583262
-25.54360995
-25.26438782
-25.96447384
-26.66904773
-25.50698683
-25.88757242
-25.46369130
-27.58755293
-19.23590273
-17.13594336
-16.70434534
-17.42333855
-18.40260002
-18.77875130
-17.66434438
-16.35023226
-16.80821083
-19.05836286
-16.66674164
-16.70845549
-16.92901132
-14.49524853
-17.39222013
-16.72651469
-18.31541669
-16.94059379
-17.38176193
-15.72912303
-17.46583201
-16.89905693
-17.40898765
-17.73471654
-15.63249879
-15.79738032
-15.33405246
-15.44491516
-16.21564353
-13.80441873
-18.66122597
-18.05070586
-15.17205851
-15.25527061
-15.79499439
-15.94811422
-16.04593324
-15.48330526
-18.83820080
-18.11024184
-19.97439881
-17.87405341
-16.11360805
-18.75501886
-17.00244519
-16.33791137
-15.97181698
-16.89340464
-16.08211211
-18.73405218
-15.45866008
-15.76864176
-17.42908844
-16.79025137
-16.18093068
-16.16266526
-16.37328891
-16.25557728
-16.33048521
-18.97658143
-17.77215863
-17.85087984
-16.58143951
-17.83439194
-17.00229555
-16.06433451
-19.25085004
-18.04400812
-17.47347786
-17.19517291
-17.41254403
-18.62119488
-18.26382031
-14.92706873
-18.38576595
-17.38342509
-16.13254766
-16.42522416
-17.37997085
-17.90266465
-18.65608767
-16.36844100
-18.21292288
-18.47379120
-18.22940620
-17.25619439
-16.59936487
-17.46614604
-17.71554807
-16.53974494
-16.67148197
-19.22610887
-16.31448923
-18.79623857
-17.37166231
-20.19002946
-18.91630205
-16.69084185
-16.65496770
-17.08843572
-22.12379223
-22.28611002
-22.52985607
-22.43038859
-21.97044998
-21.55798895
-22.18598161
-21.91784910
-21.78737335
-22.66794353
-21.86908219
-21.60550431
-21.96472528
-21.88798506
-21.78847786
-21.59720517
-22.42796739
-23.18882446
-20.50853629
-22.64237629
-21.94884662
-21.67399461
-21.07318070
-22.27898668
-22.97701554
-21.05732430
-21.61365702
-21.39011107
-21.38834326
-22.48314955
-22.42551204
-21.72272135
-22.11682450
-22.48895746
-20.66059028
-20.54235419
-20.92690226
-20.63577980
-21.47082881
-22.53055834
-22.37410079
-24.44301457
-22.41031563
-24.38824255
-22.77111092
-22.64612993
-22.27688287
-22.30982379
-23.19748538
-21.20440803
-24.20383117
-23.65715940
-24.90717716
-22.43400154
-22.97068702
-22.14246373
-21.88721926
-22.11741220
-22.37857792
-22.13826877
-21.35246547
-22.34012129
-22.39822198
-22.46673047
-22.27250224
-22.10064069
-22.55733223
-22.10476254
-22.80507456
-22.33504303
-22.19863989
-19.96300659
-21.81804928
-24.45585455
-21.31028302
-20.70081662
-21.18117429
-20.66428755
-21.46563755
-23.34612598
-21.90406894
-21.93595891
-21.88645268
-21.87531908
-23.23815295
-21.19530518
-24.30489185
-22.60227145
-22.08743763
-24.52444986
-22.11109017
-21.49439530
-24.38375119
-21.85686451
-21.95473184
-21.46979711
-22.30756972
-22.09060023
-24.03240748
-23.58850007
-22.63090834
-22.71931510
-22.56446980
-22.76727798
-21.84579799
-22.42027104
-21.95771633
-23.70193498
-22.19836542
-22.15003587
-17.28897296
-16.89167583
-16.94282443
-17.69984404
-23.59123483
-16.73974609
-22.50554713
-17.10058359
-17.19641811
-17.09510596
-20.95862318
-21.18797172
-18.50424267
-18.69668698
-18.15181829
-19.26298185
-20.15489603
-20.51777298
-18.65003216
-19.67754090
-18.86123641
-14.55565803
-16.04404593
-15.66669423
-15.57166982
-15.84614802
-15.78496019
-15.90472046
-16.43535368
-16.60261809
-16.34715728
-16.82760660
-17.11891337
-16.72415100
-16.34081524
-16.42140248
-16.56168317
-16.89145846
-24.93359006
-22.63296889
-22.54550577
-22.83239517
-22.80300105
-22.45105307
-23.13216330
-22.91766410
-26.63798535
-22.28764731
-18.57176628
-18.05454644
-17.74379874
-17.88417499
-17.31640837
-17.88753778
-17.31975423
-16.99090661
-17.72721630
-17.45035164
-22.49404016
-22.19706267
-21.51385326
-21.05856255
-21.43629293
-20.37366904
-21.60726257
-21.04116330
-23.16926640
-22.81954361
-16.14284495
-16.04583008
-16.11039456
-15.92882302
-16.68623717
-17.43853839
-16.24051786
-16.19067776
-16.47391666
-16.21937802
-17.37087091
-18.02367762
-16.29367637
-16.88820567
-16.83604956
-17.01064553
-16.60600006
-17.29608413
-16.70453870
-15.70874871
-15.82451840
-16.11187634
-21.31711517
-24.46601421
-23.03213847
-21.44215443
-21.51959766
-23.91632176
-19.76834045
-21.38900475
-20.48873497
-22.40668937
-21.97747434
-26.14486474
-21.45297954
-21.92450888
-21.45980797
-21.81194961
-21.63862027
-21.44794305
-24.52456517
-23.26693438
-22.15493319
-25.06498952
-23.65725688
-22.29930111
-24.30914866
-28.83259638
-22.33057632
-25.28790627
-22.02164518
-22.43067044
-22.57113957
-22.94802322
-24.52396853
-22.03044156
-21.82767060
-21.57002488
-21.92570794
-22.69575254
-22.06879630
-22.67545757
-22.55021286
-22.23329575
-23.90655853
-21.28362321
-22.19330955
-22.40269953
-22.64974219
-26.66404003
-26.16711192
-21.93670669
-22.53594288
-23.24346115
-22.31679836
-23.29808800
-23.66938719
-21.45677278
-22.35771432
-22.46580377
-21.35954610
-22.56077567
-21.87357170
-23.53276901
-23.62536047
-23.80804045
-22.56460902
-22.98594049
-22.93675491
-23.51846838
-22.48933163
-22.02569109
-24.73518387
-21.94940048
-27.27249065
-22.72418808
-25.25644450
-21.44445161
-23.08323897
-23.84125880
-26.42632848
-24.05782845
-21.69479964
-21.57007317
-22.96020362
-23.09214957
-19.72550653
-20.41071846
-22.92981910
-25.36624179
-21.55457603
-21.78136960
-23.18496625
-22.19181376
-22.28978379
-22.74167022
-21.87997547
-22.77830123
-23.21714604
-22.35601710
-22.04657314
-22.49620220
-25.60369685
-26.55035765
-26.26568997
-27.61515267
-26.97105778
-25.75588547
-25.18926461
-25.95481827
-26.34878075
-25.87787449
-25.84745188
-26.22720689
-27.44429242
-25.51525787
-25.68705071
-27.17708306
-26.01093808
-26.35936400
-26.49544678
-26.21710344
-26.47017660
-25.85679523
-27.78598333
-27.79228798
-25.65085314
-27.70682636
-27.51813544
-26.26376769
-26.36142093
-28.09679870
-26.19712092
-26.79120912
-26.04617755
-27.12757650
-26.12480911
-25.98410451
-26.17209402
-25.85502815
-26.80612710
-25.66312680
-25.84543043
-26.10436585
-26.40726254
-25.91438534
-25.78106053
-25.98222740
-27.21785525
-26.35671130
-26.04853379
-27.57265860
-26.31917759
-27.59183750
-26.35191145
-25.71096787
-25.98159513
-25.74271267
-25.47810919
-26.00236749
-25.97566597
-25.10105541
-25.48348224
-25.74999180
-25.91936436
-26.45440687
-25.94820074
-24.69914130
-25.89344249
-25.14876203
-24.79444862
-25.85801538
-25.93288064
-25.18317039
-27.71469052
-27.57133474
-25.09374529
-27.56691892
-26.19440957
-27.72279853
-26.07372933
-26.60559042
-25.13322634
-28.00329089
-27.75385202
-26.98669935
-28.01067984
-25.94404766
-25.91830020
-28.11378962
-26.62736793
-26.57719677
-25.83835057
-25.61325146
-25.86675887
-28.12883630
-25.83431934
-25.98937898
-25.95889972
-25.51954774
-27.17680937
-27.61373498
-34.78090573
-34.77997174
-34.82800283
-34.65294260
-35.39133400
-34.83080393
-34.83927194
-34.57974180
-35.13777549
-35.00600422
-35.21758352
-35.53216966
-35.36769203
-34.82734217
-35.67401789
-34.83604685
-35.16067735
-34.86361877
-35.14560061
-34.81917903
-35.23462417
-35.11896893
-34.81790794
-35.64593850
-34.83169823
-32.94752081
-34.02479212
-34.80503042
-35.26345857
-35.06095742
-34.90258990
-35.16906515
-34.71716081
-34.65849964
-34.48528815
-34.90348847
-34.76257856
-34.86457445
-34.90857727
-35.05891621
-35.08937236
-34.73810342
-35.44866606
-34.81492644
-35.41941471
-35.05227242
-35.34722103
-35.17795450
-34.94156971
-35.95053706
-34.76775453
-35.76504209
-34.99844725
-35.25920103
-35.27324690
-34.86216070
-34.86274292
-35.37027683
-34.94195577
-35.30926451
-35.22127593
-35.00372397
-35.11535189
-34.82371435
-34.82453795
-34.82542728
-34.87835451
-34.95115400
-34.82223985
-34.82736999
-35.09577794
-34.82669942
-34.82697135
-34.88607026
-34.88464669
-34.81925570
-34.69575123
-35.09061787
-35.10611680
-35.08523749
-34.77156104
-35.12407893
-35.10563305
-34.91049920
-34.71036752
-35.02523763
-35.43541662
-34.85533458
-34.92954919
-35.46519701
-34.99098880
-35.37845723
-35.17793490
-35.64716264
-34.75766696
-35.30878682
-34.87093876
-34.86949790
-35.41718644
-34.91930388
-34.13409029
-33.91690500
-33.85016901
-33.02564479
-33.10726608
-33.22066237
-33.86895357
-33.53823398
-32.46256880
-32.32379876
-32.46909431
-30.58109873
-30.88278212
-33.28966473
-29.95532375
-32.25773687
-34.39383666
-31.32255421
-31.81269965
-32.71527467
-33.59899985
-34.72067149
-32.34157479
-31.27655719
-32.21296752
-32.92317915
-33.04667527
-33.58945666
-34.24446881
-32.17212619
-31.66056626
-33.62356100
-34.34133170
-29.97903000
-33.65883553
-32.58345251
-33.14732129
-32.12186017
-32.75367471
-32.86290727
-32.92210954
-33.04939446
-33.21682191
-33.02834445
-30.25038983
-32.63341095
-32.93878512
-32.92619930
-33.82437763
-33.10016044
-32.94434833
-31.88578998
-33.79957099
-32.87263898
-31.84345156
-32.70439798
-31.60841692
-33.60938644
-33.76360498
-33.26135992
-30.57635454
-32.58496645
-31.64962858
-32.45664860
-32.90563532
-33.12828196
-31.62164550
-30.91695657
-31.17042414
-33.52817169
-31.25981191
-32.82424112
-33.14105165
-32.01579869
-32.74919850
-33.69195238
-32.35826610
-33.27921016
-31.15423993
-33.03306064
-32.80698374
-33.58148417
-32.04782390
-33.97504691
-32.72947513
-32.78238648
-32.88940354
-31.42817923
-33.05126384
-33.19603381
-33.27980390
-32.71534461
-32.63437448
-33.79980423
-32.91962067
-33.21446106
-32.96687943
-32.85724802
-33.73885788
-33.74944563
-16.08009235
-15.06508712
-14.59443774
-15.91648119
-16.57860699
-15.93193873
-17.00476131
-14.83124714
-16.35047883
-16.49844542
-15.83301440
-15.58332741
-16.15693441
-15.12934399
-17.26392882
-14.04903502
-15.97992366
-15.56648925
-16.30640676
-16.36667035
-15.64136190
-15.51320827
-14.13920780
-16.01705161
-18.21428522
-15.76079805
-15.99195376
-18.69393048
-14.30151045
-19.03104339
-16.36731348
-15.91693825
-16.18339787
-15.45628362
-16.05220796
-15.56639206
-15.10569513
-17.47456023
-14.27659438
-15.57284761
-17.95183727
-15.58580127
-15.39643167
-15.42387540
-15.77816623
-16.16005859
-15.80943499
-17.01792944
-17.74616456
-15.34709375
-18.35101312
-16.37135259
-13.69762031
-17.98682165
-15.58619124
-16.05668712
-15.58057680
-14.25077328
-15.43480621
-15.26447814
-15.98813462
-16.28580346
-15.13320305
-16.11255021
-17.54671862
-15.41116170
-15.65685305
-15.87229696
-16.27796840
-15.70533497
-16.12216766
-15.84711025
-17.55908777
-15.64777403
-16.26964122
-16.74122433
-16.09619728
-15.69475669
-13.99481343
-15.16849440
-16.36247919
-15.19180142
-13.75894985
-17.10822684
-17.59780735
-14.91391482
-16.35015000
-15.46248060
-17.15612449
-13.83743764
-16.82205155
-17.28985367
-16.05398691
-16.97746385
-16.82739271
-15.86043959
-17.86037349
-13.72468899
-15.96696321
-16.10050898
-21.95158565
-20.67465714
-21.44443229
-22.50239889
-20.86406752
-21.76231078
-21.52927638
-20.48486522
-21.52799387
-21.69346386
-19.90950186
-19.87867774
-20.09407034
-20.35717034
-22.12792286
-21.46784214
-21.69867423
-21.18537627
-20.97059847
-19.74351493
-21.09695952
-20.55316691
-21.18208082
-20.30263617
-21.63488773
-21.43784022
-20.48575015
-21.80629784
-20.57461024
-19.66779883
-20.72746834
-21.64660542
-21.80669371
-17.82387184
-21.94987839
-20.78129624
-21.12024130
-22.07945788
-20.42894936
-20.27058079
-21.50258698
-21.02293401
-21.24438269
-21.67612309
-22.82582165
-21.79581217
-21.56304611
-21.35669326
-21.61457158
-22.10082183
-21.43552577
-21.22678245
-20.63994920
-21.08835650
-19.81851722
-20.61154823
-20.42055610
-20.50198012
-21.25999628
-21.45238770
-20.55098950
-20.70470442
-21.41064153
-20.27366992
-20.89750020
-20.75901704
-21.37084297
-21.59916612
-21.20774070
-20.64872763
-20.20073407
-19.98299929
-21.29387166
-19.60977289
-20.57487357
-21.42867526
-21.76303758
-19.40728896
-19.04912771
-21.56551310
-20.43813935
-20.11428748
-18.92902654
-18.74961556
-21.52144827
-21.61061994
-21.67626130
-22.67588527
-20.67672011
-21.92401642
-21.62017850
-21.33985696
-21.70922624
-21.52859807
-20.94365534
-20.76953280
-20.53877193
-20.07502305
-22.21067010
-21.07605252
-22.53775545
-23.63468041
-22.63320086
-22.03022590
-23.66487665
-22.09480474
-20.54050112
-22.25326630
-23.59742886
-22.62908116
-22.20938563
-22.97027560
-23.12080362
-22.94313221
-23.77983607
-21.11072962
-20.27622212
-19.75135288
-20.40723439
-21.45372395
-20.54276266
-19.62071432
-22.51061346
-22.61252023
-22.27304522
-25.03373236
-24.97708861
-23.33981466
-24.08319423
-23.65179929
-24.15762107
-24.28761873
-23.45655715
-23.57694926
-22.06708973
-22.68278652
-22.75637436
-22.27523578
-23.04908680
-22.57886937
-23.34154463
-22.88051171
-22.37124036
-23.98647692
-24.75926623
-24.13118645
-26.49968714
-25.93047168
-24.57984985
-23.43980123
-25.45979229
-24.34953475
-25.00548564
-22.91025060
-22.40398398
-21.85164305
-23.52549574
-23.17735117
-23.55403479
-23.31928506
-22.63029812
-22.54334046
-23.14285092
-23.95139129
-25.56463265
-24.38507816
-24.25737245
-20.91028155
-20.65238768
-20.30645682
-20.56723317
-20.33158789
-20.42982572
-20.53254881
-20.13377614
-20.70753694
-20.55744737
-24.02568590
-26.67557142
-23.94137074
-24.23056503
-24.32536186
-24.20277715
-24.78227852
-24.93133224
-24.96099855
-24.96602122
-22.47431827
-22.95513179
-22.81128951
-21.76335358
-21.48913286
-21.72313920
-24.66048861
-21.06561444
-24.40158828
-25.26321288
-25.20543644
-26.55117406
-24.27708941
-22.41803341
-21.70037475
-20.38176498
-18.49914862
-21.76676147
-20.24750524
-18.67888910
-18.66347584
-20.36825020
-20.06215017
-19.16729434
-18.69688037
-18.72514524
-18.94296648
-20.96037539
-18.68457093
-20.73514224
-23.76367527
-18.99175154
-19.08992963
-19.56919504
-20.45270400
-23.86930525
-20.48279074
-19.94602965
-20.39202288
-19.92718513
-18.47956009
-20.66368721
-19.99758854
-19.06353542
-20.45267424
-23.78526994
-20.60379747
-20.71520773
-18.92461381
-20.64746670
-18.45718304
-22.52697402
-22.37031543
-18.05341251
-18.75312332
-21.64315724
-21.86811855
-18.52176242
-20.66689823
-19.75240849
-21.81025772
-18.74524881
-19.25079562
-18.76684585
-18.99393599
-21.55481494
-20.26184492
-19.38105702
-18.40015667
-19.03532233
-18.82092804
-20.69419374
-19.39606935
-20.45550819
-19.28553884
-19.17791756
-19.34975645
-18.96157976
-21.70995524
-22.31153238
-19.25695537
-20.34136220
-19.21623158
-19.48481829
-18.95223940
-18.71120305
-18.99533471
-21.04999537
-19.21317076
-20.33465519
-19.02067045
-20.51641106
-19.12125317
-18.82785528
-19.08958922
-19.23058644
-20.79748385
-19.99953513
-18.36477552
-23.74530915
-20.35180320
-19.16003630
-21.76943257
-19.01608840
-18.75577883
-22.54489170
-22.28491078
-21.72571893
-22.59752815
-18.88758164
-18.57509166
-18.45424699
-18.39841695
-18.46980281
-19.18484486
-19.61492325
-18.95307648
-19.82200307
-20.31865585
-19.72500652
-20.52743643
-19.28321229
-20.00086838
-18.73143992
-18.68733089
-19.89390383
-19.25118005
-19.73040225
-19.49366187
-18.43614720
-20.18914605
-20.12372769
-18.62780722
-19.70390868
-19.62853906
-19.83448114
-19.48631669
-20.06862526
-18.86075062
-19.10168640
-19.61627659
-19.93516007
-19.38259794
-19.61030638
-19.89972241
-18.51948795
-19.05982216
-19.17949389
-19.11215754
-19.45906710
-18.72439055
-18.65286724
-18.91653942
-20.28283938
-19.55265665
-18.59131725
-19.30263168
-19.49096758
-20.11382174
-19.61541221
-19.80332713
-19.59993465
-19.28257358
-19.04567578
-19.50969548
-19.54725137
-19.18597523
-19.97181540
-19.35068053
-18.74058240
-19.42313641
-21.69085307
-18.09346123
-18.83145158
-19.52567525
-19.18344623
-19.92242097
-19.61298687
-19.53152982
-19.97760184
-18.49743880
-18.07810284
-19.91411879
-18.68689917
-19.60395939
-18.65493155
-19.13365919
-19.94740823
-18.97382377
-19.46863944
-19.07037976
-19.13197620
-19.80951662
-19.19553115
-19.82079279
-19.72515592
-19.81857217
-18.88695967
-19.34126201
-19.78552837
-18.65377798
-18.62730898
-19.80798642
-19.25583770
-19.72473669
-19.34483462
-19.34063791
-19.93905806
-19.13364205
-20.37317056
-19.27972704
-19.41015595
-19.08590172
-24.27035764
-22.37526359
-21.92163679
-21.66235221
-23.89952820
-23.17287087
-21.52820180
-23.49809691
-21.82923159
-21.77293995
-21.43057050
-21.05405034
-24.49507020
-21.03711708
-22.20575992
-21.48129514
-22.65607584
-21.06103614
-22.82560169
-22.73724385
-21.28007527
-21.62516155
-21.05904703
-21.23506617
-24.41174041
-23.79089771
-20.35628211
-24.56289890
-23.64099719
-24.42355701
-23.63076622
-21.96429963
-24.37790154
-24.11892744
-21.85086319
-21.82203977
-20.90108116
-21.53232811
-23.88878357
-20.05459725
-21.44333390
-21.30954065
-23.83126772
-24.09980570
-21.57299990
-24.13723270
-20.88870591
-20.99297949
-21.24309632
-21.24975706
-24.04088842
-24.40913347
-24.63297000
-24.23306428
-21.94086119
-24.13693796
-22.72082055
-21.57091200
-23.57865605
-22.33148049
-23.90419678
-18.63788606
-21.41122323
-21.51695899
-19.59291506
-20.82840548
-20.98520461
-21.53457354
-20.05092590
-21.19819056
-19.34481985
-24.53650536
-22.43747811
-21.89559775
-22.19598548
-21.21855178
-21.81664058
-21.86494573
-21.70436248
-20.73519652
-21.63217916
-22.44781622
-22.05222494
-20.72041953
-20.96848997
-23.81393888
-24.31113207
-22.62906733
-21.75868617
-24.37673677
-24.15891150
-24.37452303
-23.81227835
-24.58443702
-24.01209038
-20.97183506
-24.24614117
-24.09545581
-23.02000024
-24.74705489
-27.80893752
-29.55179851
-26.79227627
-29.31228963
-26.82646199
-27.73082829
-27.33058646
-30.83520771
-28.18756201
-26.60853275
-28.25515799
-28.44060050
-29.67181107
-27.34239581
-26.96994256
-29.48756445
-29.91462292
-27.63448131
-29.33535016
-28.43226527
-29.95324439
-28.03902761
-29.82895808
-27.19142765
-28.95403611
-27.05069289
-29.85017425
-27.32532674
-25.80661766
-26.59999720
-26.78968498
-26.51831177
-28.93154116
-27.97363422
-29.80316063
-26.16113501
-26.60401554
-26.52104439
-27.90028050
-26.10796651
-26.96910609
-27.87546933
-27.67060660
-27.97839437
-27.82884631
-29.88986093
-29.88975658
-25.57883105
-27.52476562
-28.05842272
-28.85346502
-29.74515948
-26.94593379
-26.77599354
-29.70723146
-28.79648670
-27.74462969
-29.80705056
-28.12535762
-26.74337381
-28.76079085
-29.65463346
-28.08199938
-26.94574965
-25.93342367
-27.41917927
-29.78826915
-25.66708503
-29.93689613
-27.24035949
-27.89155391
-29.02947471
-28.12645772
-30.04662798
-26.35315592
-28.78379100
-26.78820292
-25.68152317
-27.76431257
-26.14771703
-25.91585216
-28.07166789
-24.70288783
-27.98220493
-28.32434696
-27.75407434
-28.49569063
-26.69339096
-28.07365587
-26.95284447
-29.41422084
-29.69115855
-28.36875009
-26.12074018
-26.52885083
-29.83189133
-29.13382188
-28.33840780
-25.63200655
-27.95849086
-20.96223868
-19.12952528
-20.48961004
-20.80587868
-19.04112228
-20.25006780
-20.46175329
-20.36684450
-20.22445059
-19.38567233
-19.23647203
-18.89222105
-20.02806449
-20.77640770
-19.32229488
-20.37972342
-20.29538657
-17.28725895
-20.57388684
-21.59036705
-21.53114379
-21.32020806
-20.45190277
-20.27462670
-19.04585902
-19.42017377
-19.17562137
-20.53774527
-19.97997384
-20.73391652
-19.04027131
-19.30990421
-20.55769910
-20.34726988
-17.76050369
-17.20008687
-16.95565213
-17.17930616
-17.06027150
-19.17368254
-17.94530152
-16.64218503
-17.38840159
-17.80642066
-18.36048029
-18.28892423
-17.74620716
-19.87801064
-18.56652446
-18.96729412
-19.85290748
-19.14016656
-19.60170713
-19.94979218
-19.40322771
-20.16726366
-20.67781976
-20.42754467
-20.40111599
-20.71937031
-20.60730609
-19.63875526
-20.42316774
-17.00719991
-16.41900917
-16.42735522
-16.11343795
-17.42642224
-16.59883284
-17.24259275
-17.32490394
-17.28520014
-19.39352009
-20.52633356
-19.30801380
-18.06577491
-17.60813864
-17.69893403
-16.57494305
-19.04199574
-19.14218996
-19.41884738
-20.54259006
-19.00968373
-19.54506345
-20.34772868
-18.01027742
-20.14266982
-19.01137652
-19.35422776
-20.44461499
-19.72045596
-20.42367290
-20.13696658
-19.03157570
-18.56630358
-17.67338706
-20.28359174
-16.96502792
-17.40645397
-29.65257637
-29.70543104
-29.77951490
-29.77951490
-27.86206077
-27.60381812
-27.43440363
-29.72652810
-29.72652810
-29.35744678
-29.76666777
-28.02362801
-28.32809637
-27.95675646
-27.86603950
-29.69803905
-29.03297452
-29.03297452
-29.21366450
-29.23761098
-29.00601391
-29.00601391
-27.84831584
-29.00601391
-29.03297452
-29.03297452
-26.97188185
-27.58719561
-27.89733867
-26.01241770
-27.54402945
-25.99318604
-26.15883451
-27.13084172
-28.28839236
-29.67138995
-29.67138995
-29.72808266
-29.72808266
-29.65257637
-29.72808266
-29.67138995
-29.67138995
-29.67138995
-29.67138995
-27.73784253
-29.54534033
-28.88026886
-29.63960743
-29.66608966
-29.56612710
-29.57395625
-29.56612471
-29.61896402
-29.62359393
-29.59938660
-27.67715414
-27.93154526
-28.26217343
-27.74997595
-27.25218795
-28.57386835
-27.71658386
-28.16810330
-27.14770288
-26.69402273
-28.14464438
-27.74864469
-29.03297452
-27.64483564
-30.09433638
-27.85875311
-27.39328403
-26.79777455
-27.90428197
-29.03297452
-29.03619740
-29.03297452
-27.40394776
-26.54393304
-28.71021650
-28.71021650
-28.68930301
-28.68930301
-27.21801476
-28.71021650
-28.71021650
-28.71021650
-26.14941540
-28.45933861
-27.69269892
-30.68461375
-29.60054118
-29.67449291
-29.62184240
-29.61091708
-28.38776728
-27.71123098
-27.67985015
-26.73289739
-22.00869061
-20.34834124
-20.81436038
-20.62559366
-18.12203013
-18.37194028
-19.74707925
-19.26177015
-20.89631373
-18.59489668
-19.60228351
-19.79213698
-19.06494608
-19.84387517
-20.81101406
-18.84322179
-18.04920748
-19.93154735
-18.17393817
-19.07164563
-22.01943057
-19.48181478
-20.07514707
-19.92447059
-20.20742645
-20.85640505
-18.81682396
-19.96904329
-20.40097466
-21.63126654
-19.89807564
-22.05201805
-19.05702486
-18.27626651
-16.41774140
-16.45177391
-15.95241924
-16.60884298
-16.96394556
-17.50540463
-18.08620954
-19.35564047
-19.32225878
-19.48404329
-16.71055429
-15.65354131
-13.80484877
-14.09279452
-12.34439043
-13.11641231
-14.75032231
-15.23699265
-14.23668735
-14.68641693
-22.16597598
-19.32880276
-18.21311002
-18.80388994
-17.81873433
-16.45092009
-18.78958208
-18.63100521
-18.52595337
-19.99180219
-20.62859827
-20.26376272
-17.45175065
-20.93612920
-20.70797262
-21.89766495
-20.70539872
-17.44587703
-19.83808106
-21.19807507
-19.71771187
-20.19141162
-16.72304425
-16.77397210
-16.44660972
-18.68949916
-17.98978678
-17.32484653
-17.68441433
-21.09194729
-16.86105263
-18.62842890
-20.61469461
-19.37361329
-16.80398870
-19.29787638
-15.05531253
-15.62000809
-15.25351989
-16.12494667
-17.48110165
-16.18962658
-18.90675328
-20.51291080
-20.93452009
-16.95005024
-24.46987158
-21.99094397
-23.93304409
-24.33159694
-22.99011499
-23.22006384
-23.37511523
-24.34497656
-22.75994033
-22.94135593
-22.65817041
-23.17679927
-23.00010432
-23.61570285
-21.66559264
-24.22171025
-23.82099842
-22.60729345
-24.14713922
-21.77546058
-22.93636218
-21.53672720
-24.64552083
-24.00235519
-23.69682898
-24.87637898
-24.59189909
-24.59599441
-22.09501195
-25.37795107
-24.63036438
-22.14999217
-24.55108299
-23.37659369
-22.47361743
-25.06819500
-25.14745091
-26.07133156
-24.31005460
-24.55798860
-23.95719262
-24.99258671
-20.82833171
-22.40344304
-22.38126479
-24.76556215
-24.43502005
-24.67260163
-23.17512810
-22.63489519
-22.26672552
-22.88996219
-24.43823991
-24.12727866
-21.62792161
-22.17981757
-22.11535210
-23.86345676
-25.75609873
-21.67907845
-23.00725889
-25.29357745
-23.66744988
-23.77960215
-24.21058204
-25.17970918
-21.97539654
-22.23826231
-21.04482480
-25.55374464
-25.69005257
-22.59329883
-20.82511379
-23.43647634
-22.60802122
-23.52185852
-24.33480553
-23.89979189
-23.45049873
-23.18885756
-26.46729455
-24.01231446
-22.37213698
-24.08723517
-22.43653145
-21.60492649
-25.65889020
-22.31262205
-21.82649305
-24.60534664
-22.22138013
-21.99113420
-25.39057040
-24.16436282
-24.80133948
-24.98182205
-24.64091798
-24.65768925
-24.32190600
-22.87408389
-33.04189345
-31.61316984
-32.13818089
-34.00409716
-33.11586078
-32.72510700
-32.67046603
-32.54955407
-32.57945772
-32.57293251
-32.94248858
-32.38939417
-33.24482647
-33.90031797
-35.09049031
-33.81886666
-33.00735073
-33.90292598
-34.14266689
-33.32827857
-32.33334775
-35.19436323
-34.83674915
-31.70395817
-32.61813298
-32.15772631
-32.00907567
-31.21739927
-33.26052380
-33.10694641
-32.31352469
-33.03188224
-32.81228385
-33.29443696
-33.13358343
-33.14334730
-32.90101953
-31.81974539
-32.92779871
-32.91842680
-34.22863185
-34.68082277
-33.15578392
-33.55420712
-33.73612934
-33.35138189
-32.43746514
-33.35369796
-32.91125262
-33.59960564
-32.00256704
-33.20247740
-30.65185894
-30.73208016
-30.31803926
-31.86441068
-30.18400049
-31.82430979
-32.81470686
-31.65594988
-31.59772343
-32.26729300
-32.32900210
-32.16173106
-32.09851514
-32.97426902
-32.47061417
-33.52903162
-33.72686564
-33.39449804
-33.39436453
-33.39445353
-33.39474568
-32.77412680
-32.65360009
-33.06473719
-32.78038438
-32.47682556
-33.23410481
-31.50549307
-32.61106268
-32.97732498
-32.83579346
-32.52463511
-32.41822149
-32.41197596
-32.32058758
-32.71510580
-32.76786673
-32.12284286
-32.42552393
-33.68257652
-33.74848679
-33.95783781
-33.57553360
-34.37076178
-33.52859557
-34.41637868
-35.41474866
-33.65375698
-13.17688734
-13.54561296
-14.73303916
-13.46113333
-14.32671662
-13.25381426
-13.45328560
-12.88298191
-14.33755849
-14.16386352
-13.71109653
-13.97166631
-13.63872481
-17.77538105
-17.21052441
-14.46206376
-14.57730100
-14.21474009
-14.06997089
-14.62016768
-15.50492303
-13.47735605
-17.75214473
-13.26738537
-12.36194951
-12.03433768
-14.13337519
-12.77364654
-10.93581030
-10.08559188
-13.94484051
-13.02508659
-14.50020763
-14.62541937
-14.89180304
-14.43643740
-12.99560616
-12.19923555
-14.33966900
-14.06345037
-13.45004551
-12.79834233
-14.27550775
-15.65025277
-14.39559356
-13.63704605
-12.15875753
-13.94483351
-14.16459203
-14.35410314
-14.21220106
-14.15623254
-14.35488384
-14.30903839
-13.62157646
-13.99537551
-12.95559632
-14.38182858
-12.26776464
-14.43990005
-14.10798484
-13.47525052
-14.34478142
-15.35058062
-15.99643037
-15.71578749
-15.89361834
-15.61562367
-13.17341308
-12.53728758
-13.08727241
-15.66977425
-15.60256621
-18.51271713
-16.28569155
-15.93810084
-16.26636854
-17.54860473
-14.99508910
-17.25830358
-15.92685991
-17.81246476
-13.96091059
-14.03201225
-15.12274860
-13.72790928
-12.26950672
-17.66435815
-12.82132712
-15.45858917
-14.37248061
-12.90342845
-15.42879406
-14.43916805
-13.29735235
-12.89049246
-16.22826091
-13.82145614
-13.57260771
-15.36987011
-26.71763214
-28.01366654
-27.84203407
-28.34602096
-26.46152371
-28.85700450
-27.65748475
-25.69510979
-26.17415731
-30.29542866
-26.90520768
-29.76817058
-29.70125029
-26.39560302
-26.74900696
-27.66272983
-29.86425188
-26.11154478
-26.77135636
-29.66558176
-29.76056606
-29.67934445
-29.77775727
-28.23581326
-29.72754729
-29.95790879
-26.86529013
-27.74730294
-28.24218536
-26.60471026
-29.80476973
-29.77126843
-29.75042216
-27.87448061
-27.13449440
-26.35721323
-27.82750027
-29.81510286
-26.51692305
-29.60252937
-29.73510982
-29.53798365
-29.75007939
-26.80783439
-26.27729384
-26.77467786
-25.95556481
-27.57904923
-26.28297199
-29.32026426
-26.44054708
-27.75914370
-26.22867029
-28.20107431
-27.69289444
-28.03147834
-26.01369146
-26.54304008
-27.70385351
-29.73484296
-26.72816772
-26.44365648
-28.92528086
-26.59400859
-29.35089558
-30.61626549
-29.52972392
-29.86007737
-26.60739876
-26.65720108
-29.11115210
-28.01968114
-27.99435535
-28.65332769
-29.83523059
-27.76971313
-29.86379921
-29.27153236
-29.77927483
-26.58581052
-29.56275998
-29.72688538
-29.60296557
-26.64258870
-29.28164232
-29.67400223
-29.44702665
-29.68990771
-29.96451131
-26.16803982
-26.30056952
-26.19473908
-28.52409061
-29.49631439
-26.23884250
-26.25190071
-26.45455284
-29.57561719
-27.63466541
-26.52430082
-34.94259117
-35.05207236
-35.09305603
-35.43721713
-34.96468500
-36.04281297
-34.51645707
-35.19003595
-34.96764130
-35.14360421
-35.57941348
-34.84805900
-36.10424568
-36.15606892
-33.26850572
-34.39702289
-34.65928516
-35.60998783
-34.70236710
-34.40799397
-35.85106869
-35.20922182
-35.55857738
-36.06139081
-34.03291770
-35.03768522
-35.77689039
-33.59489807
-34.82730085
-34.61886705
-34.16471298
-35.11055705
-35.21694143
-33.27116680
-34.84953431
-34.89886762
-34.29660311
-34.89621235
-35.85716382
-35.09979985
-35.07244583
-35.06549224
-36.11889521
-34.96519192
-36.07236901
-35.88254950
-35.61414795
-35.92327420
-34.88518051
-35.41219684
-35.26791795
-34.99355014
-35.07279010
-35.67054801
-34.99220490
-35.00365210
-34.97692884
-35.03691751
-35.03729746
-33.84986477
-35.93671998
-35.57941348
-34.54735474
-35.22950605
-35.44666163
-34.94784153
-35.34507505
-35.51989087
-36.64115378
-35.36208514
-34.77309335
-31.02917212
-34.91861564
-35.05453909
-34.59641478
-35.02032823
-34.71067941
-35.76870818
-35.06700554
-35.72388112
-35.00494650
-34.70603367
-34.68133560
-35.47473464
-34.59544127
-34.43620135
-35.86300598
-35.73311758
-35.68859660
-35.88582694
-33.94699066
-35.64595765
-33.83326575
-34.15263369
-35.83862519
-33.35712353
-35.28033715
-35.26444238
-33.57682584
-34.92644441
-14.09741997
-11.29749066
-10.78555414
-12.32156063
-12.70957722
-13.22438588
-15.32336565
-14.53569775
-13.14444770
-12.42556562
-8.33434600
-10.47388520
-12.13562034
-12.97793775
-12.44039827
-8.53566102
-12.83704759
-12.56798969
-12.63568433
-8.48695237
-7.13963106
-6.71052781
-6.62476317
-5.57827724
-7.04902893
-15.11348809
-14.13250595
-11.50096873
-14.26484088
-12.99827837
-12.71915868
-14.45542422
-14.17967836
-13.31240264
-14.21984129
-10.25892643
-9.35915972
-11.61672640
-10.09742640
-13.16841325
-12.01343219
-14.08509714
-11.44555377
-13.17917898
-14.57608916
-11.08545410
-13.75707222
-15.99691938
-10.35394315
-13.49783604
-13.15385067
-14.48967972
-12.41509150
-14.04668135
-12.40733915
-9.06644897
-10.46986287
-12.31066268
-8.92621768
-14.42527471
-12.56497764
-9.50992534
-13.37474800
-13.96634985
-7.38104302
-6.25485548
-7.60691131
-7.32102856
-14.91488629
-12.60119342
-12.50704311
-8.52334830
-8.93477708
-12.11461556
-13.13321895
-8.47564000
-12.71211453
-13.09002428
-12.67822870
-13.96176409
-13.67292236
-13.87258072
-13.87253228
-12.59221044
-14.61284086
-12.97188298
-13.95017323
-13.60816955
-14.31025207
-13.77828529
-12.87174173
-14.99442386
-13.85943796
-10.70608611
-13.94542557
-13.75365657
-15.23127989
-13.33962360
-13.79034939
-13.84932643
-18.49921281
-18.08934289
-17.85041347
-21.34990960
-18.52356789
-18.52280641
-18.60032877
-19.70813361
-22.94861289
-18.65665020
-21.17453990
-19.58581195
-18.67830054
-17.59752561
-19.28372824
-17.66896213
-19.04111976
-20.21813924
-19.74313723
-18.78493052
-19.30425237
-18.82746875
-18.55049037
-16.99360827
-20.14583025
-19.20095311
-19.43534299
-19.74980632
-18.26988829
-21.32418690
-19.50633801
-19.72478045
-19.59998123
-19.37999951
-20.27123995
-19.37825159
-20.31621948
-19.70909283
-19.10568667
-20.11217318
-19.50706938
-19.18123198
-17.00588958
-19.53377282
-17.02349138
-18.50543914
-18.18667837
-16.69217278
-18.08314201
-18.71382369
-18.74487931
-20.98358607
-20.59231979
-20.73047396
-18.98546453
-20.91809892
-20.66679337
-19.62715287
-20.89089204
-20.05828595
-18.94454580
-20.67426731
-18.01520063
-18.15911299
-18.76380537
-19.01463741
-18.32453623
-19.70985203
-17.89754489
-20.64495438
-20.24289152
-19.35649984
-18.89508861
-20.98846325
-17.38567398
-17.71331267
-17.48449613
-17.53611572
-18.19639773
-17.12965287
-18.36811988
-16.93914626
-19.69130565
-20.34657002
-19.34784184
-19.37134124
-18.95694758
-18.37167517
-19.34676350
-19.31514102
-19.34444527
-19.57078479
-18.71321254
-18.74053289
-18.50005716
-18.73536283
-18.61022038
-18.53278359
-18.14339088
-18.38242565
-33.39146427
-34.39677089
-33.34015562
-33.88631276
-33.37642878
-33.76991684
-34.29306043
-33.51611282
-34.70408685
-33.86169471
-32.53662290
-32.20932314
-33.10130919
-33.28372034
-34.07450265
-34.19675032
-34.91122791
-35.80066261
-33.50985081
-33.21621807
-34.31296257
-33.87782524
-34.44831123
-34.15726586
-32.99372458
-33.68684202
-33.78050115
-33.24844152
-34.57520412
-33.60645311
-34.52089524
-34.55322035
-34.79617128
-33.68334421
-33.67469756
-35.22292595
-33.61622513
-34.81295575
-33.81753624
-33.19477525
-34.93254326
-34.09505635
-35.21254559
-34.68176774
-34.15991618
-33.79771558
-36.01428540
-33.64863169
-33.21776973
-34.90640763
-35.09001640
-33.19495317
-33.35889510
-34.48798877
-34.96644046
-33.45940024
-33.73061890
-33.28733875
-33.70466142
-32.75492483
-34.48378373
-34.74817037
-34.59368265
-35.12913303
-33.31903802
-33.29422560
-34.54113920
-33.89492490
-34.05179111
-33.23392143
-33.02469558
-33.54011099
-33.92281177
-34.11225928
-34.53721738
-33.04728629
-33.60666993
-32.96256448
-32.73250059
-34.86475930
-34.34716742
-33.45301046
-33.65802487
-33.03281969
-34.27714281
-35.04849441
-34.26776838
-33.46424665
-33.82931540
-34.01142406
-34.41610638
-35.38508655
-34.88499878
-35.08509786
-34.94077072
-35.25601221
-34.06307403
-34.83779497
-34.32856281
-35.13247570
-34.31707885
-33.10663217
-33.27762215
-33.00339640
-31.81330430
-32.85028854
-32.82739972
-33.23167816
-32.88328076
-33.03744786
-33.28429998
-32.17831462
-32.12889151
-32.92527211
-29.77713464
-32.57030748
-32.51425883
-32.41137131
-32.36891736
-32.60169386
-32.58942430
-33.61246037
-33.61949505
-33.57491285
-33.61328092
-33.80406083
-32.66487634
-30.94039802
-31.36237149
-33.50953254
-33.24716793
-33.66215573
-33.46355712
-33.18558497
-33.22269966
-33.43616338
-33.04192186
-32.61456231
-33.44917256
-33.51786182
-33.50949337
-33.03001521
-33.53106130
-31.73518797
-32.77661272
-32.63995611
-30.46602369
-33.70132171
-32.48053829
-33.69138606
-32.82456456
-32.81334309
-33.74571982
-31.97097770
-33.12718315
-32.31594433
-33.25517769
-32.20496264
-32.45542290
-32.51825338
-32.36393244
-31.30774487
-33.36980358
-32.76999181
-32.81096820
-33.03846944
-32.68434324
-32.73624443
-32.75854528
-32.47236945
-32.76224349
-32.63593702
-32.65481194
-32.60609979
-33.67117870
-34.08154830
-32.84116665
-33.78790719
-31.66700279
-33.17423199
-33.67734444
-30.33296271
-32.35833661
-32.74141557
-33.52652269
-33.54690312
-32.46213701
-33.04097873
-33.57081563
-32.49960918
-33.57143733
-33.14629486
-33.77277467
-34.12917694
-34.31707885
-34.40433190
-32.27714374
-31.99693594
-32.71587121
-32.54304353
-34.51660671
-32.45519116
-33.94658749
-33.88440754
-35.10479023
-33.32657025
-36.04247538
-34.62715365
-33.89603883
-34.51101752
-33.95978022
-32.66886785
-31.78956032
-33.14075328
-34.22718524
-34.35106576
-32.65600128
-32.74177845
-34.00763059
-34.98094307
-36.30031435
-33.99235770
-34.35477749
-34.27117126
-34.94957834
-34.89852786
-34.47934103
-36.46362813
-34.39597559
-35.55135505
-34.61024552
-35.47819603
-32.81049694
-32.88137698
-33.21224446
-30.40493592
-31.38646050
-31.18838392
-33.26115817
-31.87271152
-31.82404787
-33.17645151
-34.07467998
-35.19989210
-36.18847053
-33.11910090
-34.01581987
-35.09079840
-34.93196034
-33.21959985
-32.03551300
-32.79895760
-32.35206602
-30.80295335
-31.44336514
-35.12209566
-31.88167761
-32.06936480
-32.54705837
-34.21556741
-33.28326716
-33.29937352
-33.47079977
-34.12791706
-35.53766229
-34.24670687
-34.68852893
-32.70924264
-34.55065308
-33.32391969
-34.05199793
-33.12611037
-32.66689620
-33.50255771
-32.94837483
-35.18036470
-34.64837211
-32.82737436
-34.27545985
-34.15303366
-35.27607327
-32.94973128
-33.22547024
-34.83542400
-34.86699294
-32.22202979
-33.51566933
-34.77734786
-34.45088869
-34.92718272
-35.50922400
-35.34036682
-34.56435042
-34.17832137
-33.05286408
-35.39567764
-33.80774318
-32.47919208
-34.10567879
-33.09145654
