-46.99064607
-46.88421255
-47.02202468
-46.95879609
-46.12371405
-46.12371405
-46.12488657
-46.12488657
-46.06658339
-46.12371555
-46.13781791
-46.14117746
-46.13190145
-46.13655123
-46.15036451
-46.23294167
-46.14348227
-46.14588961
-46.18519202
-46.17628203
-46.03021189
-46.08268107
-46.09721699
-43.94424982
-45.26423628
-44.36202726
-43.96965189
-46.51040425
-50.09984306
-43.96895671
-44.36084229
-45.48529724
-44.12415325
-44.13368882
-46.22885187
-46.18811383
-45.88301668
-45.93252697
-46.13190145
-46.12840224
-45.89653267
-46.27687579
-46.27823692
-46.40408124
-46.45745840
-46.12488657
-46.12488657
-46.12488657
-46.12371555
-46.12840074
-46.12840074
-46.12840224
-46.12723267
-46.12605731
-46.12488657
-46.12488657
-46.12488657
-45.83059296
-45.84987358
-45.73392940
-45.82170135
-45.95337952
-45.71755679
-46.31303095
-46.26456166
-45.39626675
-45.41225791
-43.77501304
-44.10208587
-45.40622947
-45.37746227
-44.08688378
-46.23611654
-46.23812776
-46.30728994
-46.36045701
-46.37059117
-46.39387087
-45.97024350
-45.93022894
-46.01535438
-45.99808772
-46.22997990
-46.19776414
-46.23210309
-46.19301650
-46.18888759
-46.19555448
-46.12371555
-46.12488657
-46.12371555
-46.69333958
-46.86008442
-46.94796183
-46.59762717
-46.56811367
-45.86801974
-46.84695664
-45.50627679
-45.06248891
-25.31452661
-24.67186988
-25.44891664
-25.23334486
-24.74308582
-25.33631447
-24.88539619
-25.82115070
-25.19124460
-25.52721714
-24.85437896
-25.44943142
-24.88132108
-24.77244755
-25.20723401
-25.24263257
-25.11368970
-25.39209849
-25.37201104
-25.05630945
-25.36256486
-24.61005204
-24.92591688
-25.04548609
-25.04241848
-25.45267407
-25.34777419
-24.53944825
-24.45178807
-25.40045338
-24.34856058
-25.14909830
-25.07374510
-25.13031276
-24.95305698
-25.26094151
-25.18227140
-25.09376449
-25.50333895
-25.53218678
-25.27308211
-25.26853255
-25.02164298
-25.63928316
-24.85656838
-25.53972814
-25.15987203
-25.33783903
-25.45652808
-25.15146061
-25.30480650
-24.40318650
-25.30043624
-25.50922699
-25.27544010
-25.73414960
-25.28311066
-25.36470183
-24.79592860
-25.59958663
-24.93128911
-25.45229097
-25.58005830
-24.89238011
-24.97661916
-24.80988169
-24.91987234
-25.45379829
-24.95653057
-25.45412884
-25.42315715
-25.32573877
-24.07622933
-24.79402618
-24.92403619
-25.50902775
-25.08193701
-25.30979189
-24.97542012
-25.22307913
-25.27968438
-25.69735987
-25.16105894
-24.74405740
-24.43105203
-24.79414978
-24.61105279
-25.13077417
-25.35830978
-24.31273362
-24.99906379
-25.00412881
-25.30441013
-23.75023224
-25.08002751
-24.65200079
-24.95753858
-24.93089351
-25.21702865
-25.26328606
-29.94970878
-30.40497856
-30.31682369
-29.75599443
-30.68903139
-30.79613588
-30.20244662
-30.79681539
-29.52431178
-31.25765383
-29.10967020
-30.58239953
-30.26288750
-29.81736107
-29.33146534
-30.13098410
-28.63589709
-29.30577068
-28.85450169
-30.51958980
-30.30270494
-28.75268353
-29.75665275
-30.71481040
-28.03022758
-30.88775918
-30.51397634
-30.66949861
-29.76922689
-30.23575592
-30.11705566
-29.99269094
-29.86517950
-29.02899290
-29.87831203
-30.66572505
-30.02619342
-30.81972093
-30.71022163
-29.23875063
-30.16667443
-29.92595443
-28.94552188
-31.28661799
-30.69126823
-30.35606104
-29.90603208
-30.28465370
-30.28347076
-30.74247840
-31.38141646
-29.53587337
-30.75650321
-30.38039252
-29.79006835
-30.78170903
-30.19969102
-30.96361602
-29.92453740
-30.13566350
-30.26908431
-29.98701263
-29.69981918
-29.92639533
-30.59122804
-29.51500800
-28.82173080
-30.76549775
-30.76518491
-29.94569962
-30.72609486
-30.76320831
-29.97270234
-30.35366585
-31.57691599
-29.99934133
-30.88318436
-30.70491686
-31.06232962
-30.52262720
-30.62188654
-27.68594328
-30.10147254
-29.92571074
-31.45791230
-30.73887423
-30.78018571
-30.11692500
-31.08627488
-31.83122444
-30.58527261
-30.84595784
-30.70545424
-30.52185680
-30.37584051
-31.05663378
-29.82872217
-29.98406776
-30.03467446
-30.74417183
-28.96813794
-25.98812928
-31.96984127
-32.38882572
-31.85459255
-31.81937992
-29.16063934
-26.46767064
-31.73484560
-31.43082431
-29.67433019
-29.88431500
-28.98367818
-29.34754157
-29.47612200
-28.78877027
-26.64607519
-30.38831673
-32.06402118
-31.35787755
-31.56322868
-31.60703127
-31.52812562
-32.07720710
-31.34986147
-31.71768981
-31.45019341
-31.95077703
-31.67262426
-31.63330184
-31.98912706
-31.36000856
-31.47330646
-31.86006788
-31.60702532
-31.52932852
-31.68891331
-31.64177297
-32.05448564
-32.13084879
-31.58367574
-31.62368108
-32.08463314
-32.08102615
-30.48789415
-30.87369163
-31.54239432
-31.61897490
-32.56924427
-31.65872058
-31.97434699
-32.14258793
-32.12566810
-32.03683527
-31.94202379
-32.29561506
-32.20818229
-31.87130010
-32.20993257
-31.47369772
-31.34980062
-31.36372900
-31.48625418
-31.63167210
-29.28376872
-33.93076418
-35.63265516
-32.78062874
-31.60652438
-32.16774974
-32.13660314
-32.14522325
-31.60279590
-31.71302399
-32.14619731
-31.51238693
-32.14873944
-32.16083742
-31.42175686
-32.44018790
-32.40456646
-31.85922545
-31.68223157
-31.65038107
-32.57890342
-32.46446968
-31.94952001
-31.60066206
-32.23996267
-31.95165687
-32.15281962
-31.55042192
-31.47617100
-30.83063563
-32.14477012
-31.70711990
-32.73162007
-31.81141838
-31.53190501
-31.21021077
-39.08450003
-38.25524686
-37.05220344
-37.91157378
-38.84275595
-39.02463050
-39.17830319
-37.83823009
-37.54569706
-37.21636839
-37.40690879
-37.88344999
-37.55103266
-37.62279900
-38.32731077
-38.43593159
-37.81421058
-37.79100528
-37.88729810
-37.45696926
-36.75200431
-38.00287400
-37.31109280
-37.56706202
-38.41535445
-38.03433083
-38.45205742
-38.54089971
-37.92505206
-37.93336662
-39.09660568
-39.09880654
-38.35189385
-39.14667432
-39.16024681
-37.96101526
-38.47895643
-38.48969543
-37.92789727
-37.94990769
-39.23484653
-37.30980213
-39.16153570
-37.93289001
-38.42791148
-38.99123515
-38.97840949
-38.28614848
-38.28666017
-37.03750088
-38.84803425
-39.14671146
-38.31588410
-38.55300931
-39.35314942
-37.79395092
-37.96397787
-37.72508817
-37.86114280
-38.30750822
-38.88070207
-37.96591598
-36.90207866
-37.82209791
-36.83771813
-37.57737715
-38.72566381
-37.20409517
-38.28159041
-38.42954422
-38.15664723
-38.21309433
-37.98275474
-37.58463264
-38.63488823
-36.61116470
-37.50768212
-38.80861183
-37.62347512
-37.25794381
-37.18848869
-39.17522378
-39.18438760
-39.17323915
-37.71879852
-38.58878763
-39.15996482
-39.16150065
-37.61556698
-39.16846588
-37.81660500
-38.88038099
-39.14568443
-37.67306637
-38.81079320
-38.35948321
-39.12116784
-38.31612725
-38.37510841
-37.65593460
-29.71243013
-30.28197415
-30.28350939
-29.78086498
-30.34003143
-28.83585992
-30.38848658
-30.15882123
-30.66726622
-30.32868627
-28.16158964
-30.83093396
-30.95593961
-31.32525212
-29.71179092
-31.26214357
-31.95307138
-31.24483247
-33.11174369
-31.35407834
-29.88517146
-29.71426203
-31.16945270
-30.50798145
-31.58122542
-29.52205942
-30.82112624
-30.78902965
-29.88094329
-30.55004079
-31.60686754
-29.82710141
-30.60747245
-29.34967645
-30.79416728
-30.07894442
-32.01379363
-30.78609066
-31.34108474
-29.44030129
-28.99497044
-30.22249019
-31.16582139
-31.77980843
-32.16775375
-30.98558051
-29.30760937
-30.22709458
-30.88872431
-30.71023673
-30.51558872
-28.77940412
-29.89901969
-29.84934576
-28.64392574
-29.97687959
-29.99731020
-30.49815222
-29.85474374
-29.66337297
-31.03298699
-31.34179512
-31.19748821
-31.37194549
-31.17309563
-31.27526129
-31.25965945
-30.51272602
-31.07218186
-29.83511695
-30.42586019
-32.47258708
-32.45293263
-30.50710341
-30.54543666
-30.42145069
-30.87415843
-32.49146980
-30.99712631
-31.20870607
-31.00209984
-29.00489145
-30.54446289
-30.70511521
-31.89002312
-30.40630806
-30.08803205
-30.69100663
-31.25369990
-31.15467081
-31.30575479
-29.51236517
-30.75729138
-30.00527663
-30.39259868
-30.77069749
-30.78819521
-30.00140462
-30.30452963
-30.24023276
-31.05477198
-31.83823016
-31.32304975
-30.59902327
-30.48283875
-31.33225306
-31.71419854
-30.94695303
-30.94817762
-30.48687126
-31.79654783
-30.61065560
-32.58632331
-32.61053203
-32.44758900
-32.76622339
-31.34124773
-32.46155074
-32.72124778
-32.65824191
-32.70115622
-31.13085537
-31.41213481
-32.06474090
-32.70095846
-32.18461346
-32.58858744
-33.34097522
-32.91359051
-32.47153919
-31.98110784
-31.63551530
-32.86943029
-30.63443743
-32.72807587
-32.80249219
-33.16848007
-32.79983127
-32.69736721
-32.59485656
-31.70257032
-31.52603984
-32.84506844
-32.90485779
-31.02027421
-32.01941813
-31.11706315
-31.14801196
-32.06585100
-31.71535756
-32.06234638
-30.99022339
-30.40673581
-31.16847668
-31.38396522
-31.24099996
-30.01618295
-30.27115904
-30.17752922
-30.47404337
-33.23892696
-31.70038256
-31.73672014
-31.91593018
-33.47518699
-32.61898758
-32.37886964
-32.41165843
-31.61848164
-31.75146553
-31.93797813
-31.78643176
-31.39678220
-32.54833223
-32.42105005
-32.43928329
-33.34467531
-32.86438520
-32.80339204
-31.98473470
-31.81722385
-33.47127957
-33.28564720
-32.90193259
-32.70673256
-32.12288640
-32.70998899
-32.72136475
-32.61925666
-32.63187766
-31.22943239
-32.39235117
-33.20892234
-33.52731851
-32.54051887
-31.55195863
-32.43099705
-32.50714834
-32.41126946
-32.44587674
-29.12192232
-31.07018574
-30.29386995
-29.01689619
-30.25277589
-30.49121687
-28.84187628
-30.16322848
-30.06019203
-29.57138117
-30.72779830
-29.32929785
-30.69441156
-30.67829838
-29.37404914
-29.39842394
-28.14272712
-28.71041208
-29.22277065
-26.77658076
-26.14550695
-27.24872185
-26.89077546
-27.78729329
-27.71883470
-27.87522530
-28.04088935
-28.42695541
-28.92304578
-29.17304457
-28.37925563
-28.97492596
-28.91890575
-27.98268187
-27.96731570
-31.01943980
-30.54701799
-30.52029811
-27.60408954
-28.58619253
-30.62424404
-29.16183916
-29.60734172
-30.92632993
-30.82865556
-29.45700798
-30.84907587
-30.09505442
-29.04498596
-29.05828075
-28.00252065
-28.01328173
-28.81996791
-28.16326491
-27.91510606
-28.77293094
-30.94068568
-31.09319087
-29.27484750
-28.19937180
-28.22102563
-28.40210405
-28.68409905
-28.00493267
-28.21183202
-28.31603494
-28.88268094
-31.07466348
-29.69860230
-30.94098025
-29.60115151
-30.26747171
-28.69446037
-29.68545650
-30.26469013
-29.92811452
-29.39315960
-29.44428177
-28.80995309
-29.96312607
-30.64897293
-27.57236595
-26.60820674
-25.83402361
-26.32527754
-27.96378589
-27.22461200
-26.84332554
-27.41985353
-27.95394895
-26.29791733
-28.18990283
-29.13013158
-30.67416408
-28.62849662
-28.39858334
-28.42693026
-27.42364213
-28.68282522
-30.78394592
-28.71763500
-28.96574219
-26.41245284
-28.49748939
-28.42803465
-27.78606440
-27.58814952
-28.87461277
-27.84746257
-28.82076169
-27.90614505
-28.71818999
-28.38191430
-27.07117697
-30.09536543
-29.20420146
-27.80713888
-27.10724353
-28.32396531
-30.27348346
-26.65775315
-26.58113868
-27.50468290
-26.15109707
-26.79595538
-27.16228925
-28.16342524
-26.48055238
-26.86382938
-27.38329584
-29.19095013
-27.96047322
-27.58564717
-28.38961817
-28.53726213
-26.40778977
-27.13234111
-30.48759375
-28.70113797
-28.40548770
-28.48677258
-29.51299138
-27.93579755
-28.23050751
-30.37857437
-27.26289363
-28.64686802
-28.42392990
-26.65791791
-27.65890882
-28.43897850
-28.98243993
-29.07279711
-28.26625966
-28.74155350
-28.21467284
-28.64555007
-28.84851310
-30.13556873
-28.64207133
-30.19725315
-30.19582621
-27.88345763
-28.68803932
-29.31872439
-27.72466580
-29.13548861
-29.91104515
-26.97249435
-28.42768927
-28.17347674
-27.59708111
-27.38937408
-28.41934667
-28.36563486
-28.47304621
-27.60298027
-27.29297693
-26.86594757
-27.55006587
-27.49490804
-26.31110169
-26.25261940
-28.63258731
-28.07133456
-28.61168226
-29.36626380
-27.38053966
-27.45267060
-28.76795427
-29.26079253
-28.26096840
-29.39987993
-29.37150579
-28.40493384
-27.62136057
-28.18581497
-27.40280302
-28.56034581
-27.04262472
-28.25487955
-29.04085749
-30.25423951
-28.56950071
-27.70759646
-28.36866695
-28.53057662
-29.39477968
-28.96586621
-28.80825090
-28.33265247
-28.28268301
-28.28298932
-27.49896194
-28.07008393
-28.65284821
-27.78916046
-29.52022303
-29.21332048
-29.28235244
-27.99774834
-28.82849454
-28.22292993
-27.48959265
-28.19033877
-28.36438057
-28.19987975
-28.31434561
-27.08470331
-29.64151807
-29.03505097
-28.75665820
-28.02397214
-29.14766209
-26.62638171
-25.92203447
-27.18544640
-29.23450823
-28.32530728
-28.50551597
-28.69912643
-29.47158210
-29.24048496
-28.71556964
-28.16533490
-28.53831478
-28.88984528
-27.35691509
-28.61712986
-29.31947223
-27.95742442
-29.13958974
-28.50164249
-29.15087336
-27.69442239
-28.64677182
-28.90580942
-28.95193464
-27.72218350
-28.60700019
-28.49080210
-28.93341853
-29.14630454
-28.55399934
-29.32452984
-30.21622309
-28.92309825
-29.34057967
-28.65530706
-30.32972520
-28.40791541
-27.97113045
-28.36571556
-27.05432866
-28.21109120
-29.21062911
-28.58782887
-28.62787899
-28.50988743
-28.26136391
-28.24745566
-28.34948394
-29.40156491
-28.15382640
-27.60150597
-28.51848051
-28.17276560
-28.71201646
-28.93910236
-26.82520387
-28.59016532
-27.28138728
-27.06138761
-29.04346679
-27.06026108
-28.61308571
-29.14397296
-28.44778032
-28.38536432
-28.07714488
-31.79980008
-31.79063323
-31.80392814
-32.15036355
-31.66344587
-31.27295785
-31.12723435
-32.62814306
-32.75938448
-32.75020132
-32.26165771
-31.93465412
-32.78809877
-32.72709236
-32.71958202
-32.74028872
-32.90022143
-32.75365212
-32.42015922
-32.33500668
-32.42597292
-32.65014577
-32.87463968
-32.84331750
-32.87712646
-31.28005424
-31.28022491
-32.35806092
-32.66902699
-31.27623036
-30.56735770
-32.33168709
-32.81516367
-33.68166977
-32.82593652
-33.03869879
-32.46895437
-32.73037517
-32.83468144
-32.47529331
-32.49083726
-33.61780060
-31.55128676
-31.11183946
-30.66225578
-31.13360076
-31.00335048
-33.26442456
-32.34293527
-30.54118049
-30.44226458
-31.36108557
-30.47814341
-30.43554022
-30.34691691
-30.56851044
-30.48104785
-32.40247071
-30.59413752
-30.46368315
-32.81562786
-31.26722333
-31.11301758
-31.67044214
-31.24099476
-31.38968486
-32.68849971
-32.50655700
-32.25565740
-32.85951338
-32.16407490
-32.72206768
-31.61402200
-31.54804684
-32.69712856
-32.70420374
-32.66553062
-32.65748322
-31.05880975
-31.37767970
-31.17243697
-31.54650113
-31.93895169
-34.34813077
-29.74694646
-30.77297740
-30.40813698
-30.68553497
-30.69051900
-30.54818699
-30.62435712
-32.10921750
-32.77203166
-32.27944528
-32.53054289
-32.41841676
-32.40490325
-32.75391184
-32.61868353
-30.33411520
-20.57160479
-23.19729426
-22.28809160
-23.90398850
-21.50404548
-21.57127511
-23.77176848
-23.60899887
-23.42622968
-24.06524387
-22.54785675
-24.33139041
-21.81662623
-22.02955684
-22.50223346
-21.35162915
-22.30507408
-23.24522379
-23.65075971
-23.08782525
-23.96461506
-20.48945946
-22.13242994
-22.51008577
-22.86791562
-21.62147212
-20.47995479
-23.03330394
-23.06961716
-23.42590863
-21.28648727
-22.91558842
-23.25452069
-23.32960647
-22.47811423
-21.43252850
-23.44125687
-22.23688236
-22.94726918
-23.39830729
-23.68394072
-22.58521282
-23.85391672
-23.76425909
-22.85027424
-23.05272322
-24.46188177
-23.50934089
-22.67235337
-22.59659599
-23.78828201
-21.44659340
-20.72382793
-22.69957878
-21.25679845
-22.41093314
-23.73903938
-22.42412751
-22.40216285
-23.09304765
-22.41181761
-22.07690639
-23.51287719
-23.09234930
-22.17906542
-21.88873324
-23.18089241
-23.79721823
-23.22803281
-21.50319953
-21.73402738
-23.36888054
-20.59562991
-22.65589490
-22.02815640
-21.75462269
-22.44986867
-22.40591136
-22.70903826
-20.89675297
-23.70271394
-23.02409530
-21.02345237
-22.92027459
-22.03858584
-23.51251120
-22.05553250
-21.76729260
-21.15293216
-23.25772979
-23.32022750
-22.21199146
-22.70725480
-22.67209973
-23.51479652
-22.96933723
-21.82031730
-23.29973837
-21.33785872
-21.34699249
-27.88038673
-27.16660116
-27.87117501
-27.00677902
-26.75682798
-27.83218651
-27.06197745
-27.71984126
-27.84479405
-27.78491238
-26.88341612
-26.13451804
-26.95655099
-28.23192074
-27.39528896
-27.21733396
-28.06696809
-27.04449940
-27.73415527
-26.07632748
-26.82448842
-27.80919250
-28.09764331
-25.97699997
-26.72407352
-26.97600127
-28.03467934
-27.00002283
-27.87539946
-27.05567011
-27.19436238
-28.10926270
-28.11155859
-27.87211963
-27.15642738
-27.92969195
-27.97217784
-27.39194990
-26.96560837
-28.19605752
-27.98295575
-28.15483393
-27.96155324
-28.39207258
-28.71069624
-27.85596212
-28.18261548
-28.12407233
-28.06666960
-28.04631058
-28.16022266
-26.35238149
-28.13927753
-27.99177399
-27.97579831
-26.96079578
-28.03233471
-27.01903029
-27.99269908
-28.19187085
-27.75000158
-25.76603334
-26.55493043
-27.81567972
-27.83227551
-28.27484878
-27.96754787
-27.00382882
-27.93672015
-26.87555194
-27.90900890
-27.03646267
-27.06549068
-28.15895735
-27.78490927
-26.85506348
-26.82635358
-25.89691169
-27.14351159
-28.04498419
-27.82804176
-27.98619180
-27.06563245
-27.10010321
-28.03810233
-28.18120030
-27.55954981
-26.83187618
-26.30314673
-26.69080146
-26.81881560
-26.83537123
-26.91903593
-26.90743362
-27.12460926
-27.92653818
-27.45178636
-27.88035220
-26.89299136
-27.06631154
-35.82422443
-36.03241315
-36.00917949
-36.14587579
-36.21845974
-36.51598549
-36.07601065
-35.76864243
-35.69595757
-35.34203759
-35.52774460
-36.42393354
-35.12003343
-36.28068320
-36.33841753
-36.14753254
-36.40316668
-35.79772021
-34.14094549
-36.54726978
-36.23523347
-35.42395836
-35.91193954
-36.42755657
-36.54577474
-36.56569510
-35.36425630
-36.55210675
-36.57816827
-36.43922298
-36.22452136
-35.83276414
-35.86106359
-35.77254420
-36.47098267
-35.68401923
-36.48539882
-33.89594980
-35.52411101
-34.33638238
-33.45712102
-33.83559317
-34.25904669
-33.56003807
-33.89143951
-36.37193085
-36.35355279
-35.74934895
-35.60778398
-36.41046718
-35.48324329
-36.36929411
-35.99909198
-36.37419425
-35.86001601
-36.16413002
-35.74390644
-36.72866055
-36.24364434
-36.41503932
-35.60201680
-34.47555289
-36.01662007
-35.91278735
-36.50773423
-35.84525937
-36.54263449
-35.94583414
-36.20376260
-35.78508538
-36.50704789
-36.52501997
-35.81422784
-35.66739845
-35.63200563
-36.10027720
-35.96207377
-35.73553116
-36.54203698
-35.74344376
-35.86356825
-36.17999994
-36.44219536
-35.76465684
-35.94507239
-36.50628519
-36.40459256
-35.98889019
-36.46718435
-36.44681767
-35.90314375
-36.43458884
-36.43471017
-36.42764424
-36.43443102
-36.42351242
-36.42857242
-35.67492434
-36.42018890
-36.43712170
-23.28440737
-23.63131518
-25.82153973
-25.71470469
-24.64606953
-22.67997312
-23.63429859
-23.12561673
-25.80884050
-24.60480935
-24.36806671
-23.46892031
-24.47486192
-24.38946637
-24.71349500
-23.26248672
-25.02020417
-25.09834825
-23.64134830
-23.46954852
-24.15752290
-24.70126224
-26.35207083
-26.00831330
-21.51606167
-24.50257117
-26.26919332
-23.80203902
-24.63764567
-24.79150089
-24.47294861
-23.17461282
-24.21306657
-21.51318340
-21.50516848
-21.31600998
-21.19981770
-21.55016239
-21.39625633
-21.76070852
-21.60932362
-23.19435515
-23.37540299
-23.41764822
-24.08068622
-24.40109024
-23.23906392
-25.51391344
-25.88639992
-24.63391622
-24.61496571
-22.16001737
-25.77141024
-24.39800298
-23.41693322
-24.79220213
-26.37702759
-23.48983345
-26.01031089
-25.50952451
-23.59045697
-25.91817989
-24.70046558
-24.52115370
-23.45394125
-22.85933159
-23.19544189
-24.52816422
-25.84694975
-24.39746266
-25.98012062
-24.63454549
-26.41358181
-24.98099217
-24.95077494
-25.90433080
-24.85980282
-26.00686575
-25.38579246
-24.99615596
-20.06201249
-21.56579781
-21.09022254
-21.63927856
-20.88464191
-18.37224852
-19.29352410
-24.08362723
-23.13017570
-22.92655295
-22.92666463
-23.22561600
-23.23667489
-23.22709746
-23.44386716
-23.21189141
-23.60515971
-20.76566277
-17.49169677
-18.56366601
-31.53121618
-32.45235070
-30.98683959
-32.50484442
-31.46480932
-32.07023785
-32.18894277
-31.92981186
-31.83918828
-32.46681539
-32.01207694
-32.47532063
-31.53270833
-30.91607055
-31.53713545
-31.26527466
-29.47535627
-29.61386233
-26.84731564
-31.25680653
-31.40845173
-30.51638304
-30.04357940
-30.55732699
-33.19693475
-31.64475076
-31.77003857
-30.86498538
-32.08487439
-32.12362954
-32.22145445
-31.17909686
-31.18217818
-32.23775359
-32.66966689
-32.65458916
-32.68150823
-31.24346515
-31.55898933
-32.64204425
-32.67698688
-32.27896020
-31.79790464
-32.70084750
-31.58682877
-32.62905963
-31.53278434
-31.35751422
-32.43418642
-32.45540861
-31.71595567
-31.67994950
-32.15688614
-31.25493327
-32.45594632
-31.48408620
-31.66839024
-32.69741616
-32.68734899
-31.99478445
-32.59578923
-31.60366891
-32.58016054
-32.60182816
-32.17823316
-30.62888196
-31.02370185
-31.27882237
-32.13740296
-31.47132846
-31.51286111
-31.68829825
-31.36386825
-31.47776577
-31.40234658
-32.65072502
-32.35964487
-32.14401767
-31.40268032
-32.24638141
-32.24049512
-32.19859352
-31.25352503
-31.62125681
-32.33608628
-32.38037382
-32.41365020
-32.45779422
-32.26651955
-32.46260493
-31.56635221
-31.45618907
-31.86097096
-32.65338271
-31.68000802
-32.66662250
-32.75959630
-30.78435565
-32.36663852
-31.69812377
-24.49801755
-22.29881205
-22.27149474
-21.98694185
-22.30199871
-22.07672380
-23.32780520
-25.10378513
-25.08972495
-22.56137816
-23.16917179
-21.88641628
-21.88874797
-22.08474881
-24.02713585
-23.81718463
-23.98385104
-22.12861389
-22.94977494
-23.60593911
-23.91675966
-21.42491565
-21.66345932
-24.38593114
-23.91502837
-22.61249335
-24.42840563
-24.71466672
-23.70541147
-22.04899718
-21.29448092
-21.98182356
-21.84216409
-21.75903401
-24.43306955
-21.73225439
-21.74441536
-22.26937771
-22.17739332
-24.61627702
-24.47490152
-22.08467085
-22.81895723
-22.23966900
-21.61157301
-22.08253677
-22.12140726
-21.82761220
-22.27991675
-22.48776009
-23.64864336
-24.36753008
-22.95260034
-22.38020263
-24.10776707
-22.48950947
-22.01423370
-22.44617670
-22.38789600
-21.98760951
-24.14888487
-21.72728989
-22.15146362
-22.29094201
-24.20051772
-22.28278354
-21.61966374
-22.06508188
-21.90607464
-22.07009750
-22.33567856
-22.23260756
-22.36462586
-22.99913956
-22.54183038
-21.85970083
-21.35340769
-21.45322852
-22.14735416
-21.01474586
-21.22740659
-21.22878478
-21.35321817
-23.67604675
-21.70930274
-23.88253886
-22.12661567
-22.01302054
-21.96231722
-22.17966629
-21.63952852
-21.99920295
-22.28645768
-24.14991636
-21.59695368
-22.32599028
-22.29335537
-24.23464452
-22.40193251
-24.26751166
-26.80924300
-28.22773432
-27.00225166
-27.08037744
-26.80900540
-27.23313273
-26.96420714
-26.19412245
-27.49335325
-26.47202932
-27.64521142
-29.05049176
-27.57141214
-31.25407116
-27.49704913
-27.82744930
-27.42791996
-27.30189115
-27.53750794
-27.18973365
-27.48395454
-27.58541759
-29.00127202
-28.31128361
-27.02363217
-26.29917168
-27.47785985
-28.88989632
-27.79225893
-27.31136654
-25.85430928
-26.59798171
-27.33229430
-27.24037120
-26.13774532
-26.82208588
-26.50284876
-27.37782122
-25.95241963
-26.79714176
-26.78519238
-26.58169392
-26.67721700
-25.27852114
-26.55017348
-26.10219478
-25.98806219
-25.89249763
-26.06507175
-25.67693801
-27.42690958
-27.18417246
-26.85702443
-26.72036956
-27.12478644
-26.93816339
-27.72131660
-27.85701720
-27.16325145
-27.59572641
-25.71677016
-26.86159761
-27.48811331
-26.78390440
-27.44489024
-27.41385881
-27.36762919
-26.88356569
-27.78932927
-27.33628730
-30.66468142
-26.91588076
-26.90345381
-27.04700720
-26.46399710
-26.36490226
-27.01144199
-28.13252959
-27.34395475
-27.20249036
-25.19627327
-26.82549096
-26.30574352
-26.99044828
-27.12764360
-26.89777440
-25.61449128
-26.53358952
-26.93767423
-25.95239145
-26.01656600
-25.06501839
-23.80186603
-25.94520525
-25.26949089
-26.23933021
-25.85026816
-24.94747902
-25.83556080
-25.69507916
-21.09047536
-21.98205597
-22.45900478
-23.75595530
-22.66871462
-22.36640802
-23.56423974
-22.37606795
-22.38527631
-22.38596049
-22.31454279
-22.25517037
-22.15993418
-21.19098585
-22.02699408
-21.59696415
-21.93371771
-23.40943875
-20.72096897
-23.33255925
-21.85304583
-22.09467387
-22.38628851
-22.89876492
-22.26028641
-22.08884942
-22.32521105
-22.11591952
-21.59495903
-21.42052395
-22.03421315
-21.85024114
-22.11517844
-22.15374196
-21.01097269
-21.30085879
-22.44299902
-23.06932345
-22.81192188
-22.06302673
-22.69459645
-22.45132388
-22.32582265
-21.93464429
-22.51699736
-22.27373739
-22.79358459
-22.03190061
-22.44397118
-21.97588172
-21.04636271
-22.75509957
-23.39603556
-22.30468260
-22.54389649
-22.74438633
-22.05252474
-22.58165339
-20.91397185
-22.59147981
-22.06179038
-20.76781934
-22.54605249
-22.45155868
-21.19459727
-21.01132286
-22.08409847
-22.20944158
-22.64355826
-21.14642012
-20.90601512
-22.07034086
-22.11382006
-21.65791563
-22.56266055
-21.51156454
-21.81833287
-21.89660989
-21.44473825
-21.11865792
-22.37862967
-23.35509533
-22.19963426
-22.73637339
-23.72936556
-22.71871031
-22.48088537
-22.45352268
-22.36120483
-22.29354403
-22.38473258
-22.45661028
-22.39630597
-22.09217150
-22.12681156
-22.27394706
-21.40704714
-21.24413262
-21.14564089
-22.37970825
-27.28562233
-28.22716275
-27.14622274
-28.11692342
-27.20705968
-28.26446220
-28.31018721
-26.98378455
-29.52576056
-26.89599050
-27.29222118
-27.23027572
-27.19754901
-26.85226672
-26.77478234
-28.32895636
-27.55586549
-27.16219961
-27.27942123
-28.27325668
-29.34176855
-26.43185012
-26.96873067
-26.67333155
-26.77739031
-26.94941990
-26.88334241
-26.99667470
-26.73711689
-27.10671914
-28.28606675
-27.24069749
-28.39580613
-28.43376315
-28.28515639
-28.60034350
-28.62065811
-28.67261191
-28.70057034
-28.28837582
-29.57129087
-28.50919154
-27.71463108
-28.65531325
-28.50821967
-28.39937410
-28.41532540
-28.85494330
-28.27306231
-28.82149662
-27.29935188
-27.11273662
-28.33904303
-27.17488145
-26.96019980
-27.19625918
-27.01003506
-26.97316136
-27.09481570
-26.76344760
-28.12034661
-28.04928078
-27.07969078
-26.08000491
-26.72908612
-27.23633883
-28.35544578
-28.26151224
-27.15269007
-27.19072596
-27.19662293
-27.06620438
-28.57706582
-27.29489555
-27.38464694
-27.05162816
-27.36468872
-27.58298856
-27.36622157
-27.77654770
-28.80813729
-27.44544401
-28.28356188
-28.57012064
-28.43049300
-28.21394114
-28.33652783
-28.03762319
-28.12565345
-27.14364511
-27.15178796
-28.24400536
-28.33597081
-27.59555148
-27.78575641
-28.66014292
-28.16277734
-28.43002125
-27.05270551
-27.22798852
-18.29184254
-18.19572578
-21.26381538
-17.67680493
-17.52980573
-18.26984344
-18.50641739
-17.26642039
-17.24505329
-17.27151745
-21.40898287
-17.13553443
-18.07647270
-17.14849407
-18.06540409
-17.93071665
-17.20860367
-19.00075779
-18.42848604
-19.17823098
-18.82281451
-21.71128259
-21.67485034
-18.21143887
-17.83539017
-19.02231527
-18.59045805
-18.81473210
-22.17858261
-18.10672138
-18.81466680
-20.65326031
-18.81935974
-18.72137186
-19.48578236
-19.21881159
-18.29367885
-17.45617582
-17.52501781
-18.57736403
-17.76403279
-18.38079626
-17.27944632
-17.34478131
-17.93408205
-17.34715295
-17.36449889
-18.08453858
-17.38738262
-21.31883634
-18.13616818
-17.99457600
-18.60949368
-21.42908959
-17.86895732
-17.80386968
-17.51083670
-17.58451581
-20.32573543
-21.26135110
-17.89905309
-17.81794263
-17.65597477
-18.55481531
-18.74547499
-17.87974551
-19.05621153
-18.59986190
-18.88877895
-18.37486721
-17.65603643
-17.97434332
-18.77566494
-18.37922095
-17.41729286
-18.32458825
-18.56273933
-18.56838572
-18.95764449
-18.79880944
-17.78315772
-18.03542542
-19.40008139
-18.61450908
-18.01057036
-18.03794927
-18.73141071
-17.73884660
-18.85671874
-18.99819939
-18.75360415
-19.04778929
-19.27508304
-18.81720229
-18.84285099
-18.97795630
-19.01772698
-18.96354839
-18.99137290
-18.74928465
-27.80173776
-28.41964791
-27.31620559
-28.30198161
-26.82101551
-28.29904319
-27.21821629
-27.17044301
-28.25120460
-27.56008359
-26.75909702
-27.73066872
-27.43412400
-27.28781943
-28.35732788
-27.65057752
-28.02577689
-25.42070333
-27.61898697
-27.63815586
-27.39721991
-28.17625711
-26.14785898
-25.87753268
-27.04643943
-27.06361931
-26.36839011
-26.37062516
-27.22249474
-27.22559196
-26.53989300
-27.15454751
-27.15699227
-27.14128857
-27.14167506
-27.27399665
-27.13929422
-27.04330393
-27.15165234
-27.28618731
-27.14454359
-27.01601579
-26.55627891
-27.14421157
-28.08686489
-27.23958431
-26.56689765
-27.88150396
-28.13971506
-27.50364987
-26.66979720
-27.29940284
-27.47904917
-27.72483610
-27.32346606
-27.61729098
-28.16085443
-27.71184884
-25.91539327
-25.88407781
-28.95020496
-27.66220527
-27.62043710
-27.39763338
-27.76004470
-28.13734072
-27.86765721
-27.89236863
-27.77290509
-27.15931666
-27.14403272
-25.83542666
-26.84922784
-26.98828538
-26.49271498
-25.85186360
-26.00034938
-24.42981843
-26.76146771
-26.68626101
-27.15154116
-27.24766135
-26.95665715
-27.24971041
-27.28684600
-28.47793418
-27.08549194
-27.99944512
-27.13705144
-27.23460992
-27.22837837
-27.25797999
-27.16198278
-27.15699227
-28.42844190
-27.04069519
-28.06312045
-27.17205774
-26.45139258
-27.87725944
-23.77667872
-23.02773165
-24.05758642
-23.11096975
-23.71157809
-24.21651247
-23.30824093
-24.24332246
-24.44918277
-23.02518911
-23.32189227
-23.37157948
-23.32154696
-23.14206110
-23.26927498
-24.33362294
-24.09370962
-23.32353810
-23.34796658
-23.48972448
-23.34448879
-23.09676401
-23.23513285
-24.08446976
-23.23386235
-22.52868987
-23.31793376
-23.27062415
-23.18156134
-24.07706453
-23.27715227
-24.14396844
-23.84416060
-23.18925764
-23.40935928
-23.43821640
-24.01179757
-23.23225232
-23.12431119
-24.01177307
-22.97384549
-24.05380927
-24.10571755
-23.47523125
-24.27370008
-23.33275407
-23.33666974
-23.83477839
-23.88972509
-24.28145191
-24.15990347
-24.18061780
-22.02966448
-23.86976823
-22.62927830
-24.22323176
-23.41066778
-22.95007166
-23.17432980
-23.62915998
-24.11204612
-24.02406381
-24.32405441
-24.01415499
-24.77656277
-24.13683294
-24.20202999
-24.14104201
-23.01109162
-23.38000107
-23.98688401
-23.38968376
-23.32625353
-23.44979120
-23.28371447
-23.53813957
-24.37638503
-23.20884258
-22.79970536
-24.01806283
-24.11144941
-24.09157937
-23.19150230
-23.27389134
-22.92680389
-24.12633619
-24.26389979
-24.22060255
-24.12967008
-23.98509703
-22.69265625
-23.69544709
-23.58550651
-24.03206651
-24.01350736
-23.89718261
-24.71092344
-24.21047097
-24.34912607
-23.52011710
-41.80504372
-41.80133693
-41.03966638
-41.80167650
-41.80187620
-41.80347132
-41.82626513
-41.87556981
-41.81898107
-41.80301948
-41.78445344
-41.78834924
-37.80048240
-41.83806764
-41.76389849
-41.80436371
-41.80733031
-41.65083468
-41.74340485
-41.26588751
-41.84905256
-41.78956557
-41.78593255
-41.81956891
-41.78630846
-41.77348723
-41.76967581
-41.79180744
-41.66564921
-41.66113963
-41.66353121
-41.87192178
-41.67491788
-41.79752050
-41.80595245
-41.79684182
-41.79415113
-41.79648087
-41.79430614
-41.79496575
-41.79256067
-41.81048843
-41.80598006
-41.76465141
-41.79360411
-41.74839664
-41.75516231
-41.22729089
-41.75838505
-41.75068089
-41.74839787
-41.75377654
-41.76460923
-43.75015750
-41.47328891
-41.52090088
-41.85243831
-41.90952540
-41.74423873
-41.78473979
-41.68044585
-41.76317340
-41.85225696
-41.63460714
-41.62522644
-41.63189719
-41.63874314
-41.70223092
-41.85498072
-41.73003963
-41.73268849
-40.46518302
-40.00022139
-40.32806359
-43.43004099
-40.43897879
-41.60246258
-44.52776357
-41.60396237
-41.69960765
-41.62540999
-41.79314246
-41.65852371
-41.64473337
-41.82626204
-41.68662058
-41.64458297
-41.64138662
-41.65628909
-41.64636506
-41.66305529
-41.84197714
-40.10507238
-40.76908492
-39.96343541
-40.13866801
-41.80824624
-41.59995258
-40.57684139
-41.74296000
-27.94622586
-28.16884118
-28.08618330
-28.09318562
-27.93295473
-27.99007023
-27.93223636
-28.29654727
-27.96017925
-27.98125536
-27.83282098
-27.72165849
-27.61593788
-29.02649775
-27.84105702
-28.06678302
-28.28560867
-28.17256590
-27.93855491
-27.88963164
-27.60891309
-28.19139066
-28.54125487
-27.98444855
-28.26975283
-27.50863155
-28.25148769
-28.19724882
-28.04493710
-27.53025446
-27.44829321
-27.74129245
-27.35995039
-27.28724402
-28.24833116
-27.44730620
-26.94516757
-26.99129699
-27.32392685
-28.08102572
-27.89317130
-28.80837872
-27.99922096
-27.84666351
-27.85066836
-27.88690173
-28.14464025
-28.10458908
-27.86679658
-27.88177920
-28.25148755
-27.86527571
-27.78227862
-28.49270576
-28.27458250
-27.96892041
-28.07511955
-27.79892006
-28.03279061
-28.43366101
-28.38583915
-27.75642154
-27.62188801
-27.91811554
-28.06237472
-27.94151476
-28.48223294
-27.90644582
-28.22101950
-27.82295577
-27.94102935
-27.66777768
-27.73013979
-27.97075286
-28.09320837
-27.51317938
-27.81370916
-28.03877646
-28.08747579
-27.69999119
-28.05475832
-27.65093548
-27.83614833
-27.68497740
-28.43366616
-27.72963452
-27.93263128
-27.84672459
-27.99478814
-28.11335333
-28.01431432
-27.83121172
-28.01658092
-28.01743052
-27.91421119
-28.13041406
-28.15076603
-27.59089561
-28.26170227
-28.00956380
-28.53489347
-28.85863081
-28.87135990
-29.73688771
-28.91088274
-26.96073660
-27.51791838
-28.40965558
-28.82113820
-28.82827496
-29.41798192
-27.54034227
-28.61631906
-24.83953039
-25.09590418
-25.06789431
-25.12792209
-25.16565683
-26.05301457
-24.54911219
-24.83319278
-24.81338817
-24.70576247
-27.84489551
-27.76073923
-26.72039686
-27.93003370
-25.35781528
-24.61455860
-25.64820191
-24.85116337
-28.51523023
-31.39339427
-24.79377524
-24.82956718
-28.17244839
-27.74429379
-28.31576108
-28.72034944
-28.10879534
-29.19089928
-28.14542325
-28.01562624
-28.85360879
-28.03757651
-29.08447474
-29.09275163
-28.27443181
-28.02229711
-29.08989988
-28.20057766
-28.38809776
-27.94453100
-28.31702157
-29.94129284
-30.71126315
-28.79771269
-28.61458508
-29.24012636
-30.74005075
-29.60812234
-28.30542813
-30.11083288
-29.06882778
-28.59293891
-25.43776531
-25.13035638
-24.64314795
-25.31909121
-24.99108944
-24.92881225
-24.63515565
-25.49861579
-25.59473300
-25.07432420
-27.41452831
-26.17914715
-28.15991392
-29.07816977
-27.50911408
-27.97878385
-27.79241752
-29.20390886
-28.05717188
-28.02487876
-28.35209497
-28.37544945
-28.15950319
-28.11735257
-28.50373050
-27.90251595
-28.87557339
-28.30775547
-29.04522583
-29.37563750
-28.33747610
-28.08060933
-28.39085351
-28.31099093
-27.41365958
-27.04695061
-26.03570130
-26.98499276
-26.94853031
-26.92116968
-26.78957809
-26.77006000
-25.95120719
-26.30069541
-27.37932372
-26.95567297
-26.73844961
-26.45131839
-26.24225398
-26.51738231
-26.48296110
-26.60415206
-26.70657778
-27.71398495
-28.59712343
-28.62360158
-27.12383289
-27.27936984
-27.30060215
-26.57203481
-28.28145563
-27.23048760
-27.24019566
-27.58836630
-27.26461601
-27.17145229
-27.23216272
-27.15159250
-27.04921540
-27.19564214
-27.08102244
-27.44553417
-27.28089372
-29.20955739
-28.71058623
-29.87037751
-28.76472172
-29.68439090
-28.70415553
-28.76183108
-28.72939066
-27.10121728
-27.64297578
-26.70967203
-27.14721125
-27.05158431
-26.75151311
-26.44213998
-26.84112480
-26.62319612
-26.98569742
-26.43571225
-26.88104092
-27.22466598
-26.25810612
-26.71850567
-25.29673134
-26.36861888
-25.45210844
-26.42408224
-22.88987583
-21.47184050
-25.05206522
-25.51407574
-26.24386781
-27.33278636
-27.42806044
-27.19003341
-27.31899033
-26.35542900
-27.29381913
-26.23890940
-26.17693313
-28.17044366
-26.17760640
-27.10253785
-27.07488176
-27.42532096
-26.64044790
-27.26186189
-27.09376660
-28.01545163
-29.42796319
-29.77803581
-28.53187965
-27.70434202
-29.39204847
-26.75326838
-28.55668259
-25.68907326
-27.48819717
-26.78641254
-26.54207022
-26.97398883
-25.18580597
-26.93290802
-27.28250865
-27.07459000
-26.58949873
-26.79820345
-27.04042307
-27.10922588
-26.88988645
-26.87905387
-26.70088361
-27.47347402
-28.11845581
-26.92461541
-27.44121813
-26.90805344
-26.86009135
-27.56578884
-27.11206565
-27.56148748
-27.16018332
-28.60487056
-27.57612316
-28.75865365
-28.46616688
-28.69670997
-28.63868336
-27.60106830
-28.65283694
-28.39926272
-29.21100995
-27.52306260
-27.14906984
-29.66532520
-28.54399385
-27.79716617
-28.20301959
-29.26700362
-27.80823976
-28.54795941
-26.07533369
-25.81858394
-25.56750011
-25.32858017
-26.54629650
-27.54470658
-26.05267627
-26.53064425
-27.92432081
-26.55357831
-27.46504840
-27.16000674
-27.04456738
-26.70654540
-26.96374781
-28.01448821
-27.45243510
-27.23396857
-28.20642120
-26.83387445
-27.46725901
-28.27299205
-29.32673349
-28.52710264
-26.69299308
-28.04585762
-27.43832511
-26.76348255
-28.43390371
-26.98740506
-28.15207855
-28.51050056
-27.00096070
-29.82136944
-28.72054090
-29.83062806
-26.85008259
-28.62684314
-28.42910140
-29.46725245
-28.47055150
-29.26350104
-29.29428166
-26.59491599
-28.16852450
-27.76573442
-27.67465928
-26.83604267
-27.52147222
-28.53004688
-28.05226195
-29.50472008
-28.41323515
-28.14937628
-29.38219811
-27.24123882
-28.28604577
-28.40917129
-29.58618101
-28.62195359
-27.70823224
