-22.77224578
-20.92373044
-22.41779491
-22.38984737
-21.28126734
-23.93936185
-22.15525607
-22.12332949
-22.20734681
-22.25985627
-21.67327044
-21.80325279
-22.84383328
-21.79895361
-23.34895027
-22.95920554
-22.08602230
-21.90037692
-22.34608255
-21.18124073
-22.80697437
-21.77760361
-22.44664043
-21.58826053
-21.79617847
-20.91302576
-21.89866284
-20.81201762
-21.25142872
-21.82494578
-21.76570110
-22.11735415
-22.74929283
-21.79673064
-22.28744046
-21.56837328
-21.58278524
-21.72078419
-22.02100109
-24.53903230
-21.65442966
-21.82259336
-22.37214654
-22.43545467
-21.64833519
-21.96432466
-21.90866678
-22.03269628
-20.71011211
-23.14401084
-23.08979108
-22.36865643
-22.01388597
-21.59627771
-22.99570810
-22.10207038
-23.01622518
-21.84192829
-22.11431848
-21.78101464
-20.86223086
-22.22094269
-21.99551208
-21.53623598
-21.90323059
-21.94944349
-21.69692339
-22.78089971
-22.81309533
-21.39033039
-21.84015714
-21.58860709
-22.27651131
-21.93175405
-21.93117938
-21.86174857
-22.88034862
-22.21475324
-21.80581285
-22.07668438
-21.86943399
-25.71278868
-20.98595388
-22.06148109
-22.00857960
-21.49188080
-21.07923088
-21.41119914
-22.18857037
-22.20137416
-21.69018657
-22.14207637
-22.70700519
-22.41998569
-20.53852442
-22.59035434
-22.02928623
-22.79719972
-22.85691008
-21.78336258
-27.09821544
-26.76574580
-24.49594424
-25.09373425
-25.41267326
-25.67848333
-25.49167498
-25.18353651
-24.91888928
-24.77088929
-25.49629153
-25.45987399
-27.08693939
-25.30405629
-26.07258277
-25.63710599
-25.53797637
-27.06050220
-25.00913843
-27.51155304
-25.27306930
-25.57203312
-24.98460933
-27.40045648
-25.84378981
-27.29636017
-25.70459054
-27.33196648
-27.04624804
-25.78331736
-25.65732352
-24.09407618
-24.20150765
-24.34281654
-24.94866601
-26.72837346
-25.13561082
-24.94936801
-24.08352776
-25.64180231
-23.97833936
-26.03374691
-25.55267080
-26.50801273
-27.08869596
-23.83342082
-25.04183333
-27.15861026
-24.22342955
-25.07982497
-25.60907212
-25.52647561
-26.21627639
-26.78420480
-25.38827866
-25.89023424
-25.77675597
-25.37117026
-26.10758209
-25.60892469
-24.21778178
-25.63524482
-25.58099030
-26.01406805
-24.89365366
-27.53889237
-25.13856273
-26.07323963
-24.99592486
-26.04669586
-26.93154720
-25.78332644
-25.12018362
-25.75073906
-24.30653089
-25.46799217
-25.51143387
-25.36529907
-25.34478292
-27.07840750
-23.70909351
-26.93231127
-25.25985676
-25.10166559
-24.53585249
-26.69243257
-24.30723111
-24.88865837
-26.16186796
-25.27200174
-25.39277278
-26.75478099
-25.04975668
-25.34940432
-26.72422347
-26.76173961
-25.24824341
-24.23822726
-26.44542829
-24.58298344
-27.33333803
-27.44406487
-27.46183559
-27.09270583
-27.10962935
-27.83104701
-29.42749435
-26.81162460
-27.60016839
-27.10851356
-27.47641135
-28.86125493
-27.14310274
-27.05668240
-27.18040792
-27.21717169
-27.03736978
-27.97283908
-27.76093023
-27.33793485
-27.10642198
-27.06995877
-27.45813232
-29.26459475
-27.53645992
-26.78459160
-27.53550693
-26.93728144
-27.49255925
-29.68265039
-26.98618488
-27.39995866
-29.74860413
-27.07320218
-27.17228132
-26.33305674
-26.33339557
-27.08028999
-26.65207000
-26.48469207
-26.39999826
-26.32193406
-26.75202202
-29.29645036
-26.93839792
-27.37124017
-27.59603364
-27.40624636
-27.27157526
-29.90654826
-29.40560889
-27.06741743
-27.60560960
-29.92524566
-30.07983891
-28.21014362
-28.42673063
-27.58440163
-29.84408946
-28.50240433
-27.07128104
-26.61100657
-29.06192738
-28.96987560
-27.54181791
-27.38706975
-27.43100788
-29.72659157
-27.67748237
-26.94410568
-27.70917824
-28.52712723
-29.62798977
-28.13718063
-26.97739276
-27.47110382
-27.00604090
-27.06989477
-27.61959875
-27.04651618
-26.98435573
-27.19640065
-27.33411137
-27.17102924
-26.97840129
-27.03313702
-27.25139883
-27.55928521
-27.29763846
-27.00344652
-27.58484137
-29.45153862
-29.64200992
-27.19245507
-27.78068330
-26.88222040
-27.57933409
-27.04275355
-29.80429147
-27.07732336
-28.32291269
-28.28980526
-28.58043340
-25.93681762
-28.93059115
-27.49825455
-29.19569152
-29.10006963
-27.30493494
-25.88733261
-27.14362243
-26.62362775
-25.99370868
-25.20949745
-24.52410728
-26.93865134
-28.97746408
-26.89619191
-28.28885265
-29.60645907
-26.97560889
-28.47104756
-27.69848746
-27.84433268
-29.35475324
-28.22325882
-28.20708246
-27.91175975
-26.61048685
-29.67022013
-29.09948392
-29.76682626
-28.31812608
-28.59033586
-28.07142012
-28.39962203
-28.40749141
-29.82115168
-28.43166758
-29.71588192
-26.36544037
-26.16014638
-29.88881932
-28.13310507
-29.73194701
-28.26399242
-26.49628585
-28.47920194
-26.53209854
-26.71552774
-25.40143868
-29.31930094
-28.32721840
-27.50054433
-28.37658620
-28.25510135
-26.47438770
-26.28546334
-26.03856477
-26.33169632
-29.04132619
-26.87478485
-28.08561439
-26.60300476
-27.30902591
-26.43163366
-26.28908626
-28.16677591
-26.60005178
-29.89543014
-27.47368728
-26.09080167
-28.19331530
-29.45020102
-29.49154679
-28.22671277
-28.29296295
-27.09811744
-28.53334856
-28.98063937
-28.45676250
-28.34064692
-26.43375812
-26.91583729
-29.50390554
-26.08666293
-29.81031625
-27.53540349
-28.91695709
-28.67645695
-27.74643628
-26.89196107
-28.07733535
-27.80983452
-28.57721554
-30.12500671
-27.68113478
-28.15421573
-27.42064107
-25.72547858
-35.59201772
-37.67772350
-36.90153341
-36.99170207
-36.99170207
-36.90144983
-36.90153341
-36.90153341
-37.58174447
-36.99170207
-36.90144983
-36.91057708
-36.83232741
-36.43630792
-36.32981567
-36.84260898
-36.94341633
-36.99170207
-36.90144983
-36.90144983
-36.46849214
-36.35390670
-35.54621805
-36.72844975
-35.72743377
-36.70998174
-36.72198141
-36.08479245
-36.99178565
-37.15307183
-36.90161699
-36.90144983
-36.90153341
-36.90153341
-35.41191289
-36.90161699
-37.34475541
-36.90144983
-36.90153341
-37.07045291
-36.90153341
-36.99027181
-36.99035539
-37.07053649
-36.99043898
-37.51266811
-37.26420544
-37.14487725
-37.08923828
-36.99170207
-37.68825291
-36.99161848
-36.99170207
-36.99161848
-36.99178565
-36.99170207
-36.99161848
-36.99170207
-36.99170207
-36.99161848
-35.59918003
-34.99615814
-34.52571529
-35.53687214
-35.60804687
-35.86282220
-36.88848725
-36.32036332
-35.84931203
-37.63262469
-36.86673659
-36.91455949
-36.42461435
-36.77023522
-35.83941150
-36.24776464
-37.18500464
-37.52810830
-36.38982901
-36.31747775
-37.49266203
-37.58174447
-36.99161848
-36.99178565
-36.99161848
-36.99161848
-36.99161848
-36.99178565
-34.68023414
-31.27014030
-35.43363686
-32.15684364
-35.71335501
-37.08102947
-37.51365360
-36.78181721
-34.48320087
-35.40123974
-36.88156582
-36.93726230
-30.79553780
-30.88104596
-30.66446655
-30.30181546
-30.55558607
-29.55539404
-31.09038106
-30.68941906
-31.28458465
-30.87157182
-30.82797203
-29.17034495
-31.65620151
-30.84855592
-30.52414286
-29.11111171
-30.75602614
-30.63039053
-28.15294228
-31.05460609
-30.64673922
-30.85556445
-30.18430279
-29.78402795
-31.15767543
-30.76849539
-30.67163917
-30.58768566
-30.77734848
-30.87892822
-28.03132911
-29.72950947
-28.86835173
-30.76382188
-28.90369495
-30.49606131
-30.75434175
-30.71995654
-29.13574814
-30.85007951
-30.97943234
-29.15883032
-28.55875016
-31.79985495
-29.45115496
-30.15121625
-31.70223774
-31.04919387
-29.55947237
-30.28827298
-28.41001960
-30.61382874
-30.32426166
-30.90938487
-29.55508146
-30.79773106
-30.67154279
-30.98485228
-30.72871063
-29.54367152
-30.35000341
-29.94917864
-30.48972007
-30.53429008
-30.48541576
-30.52976729
-31.25707522
-29.71467896
-30.70059886
-30.57626379
-30.85803531
-30.41868461
-31.15317711
-30.50136499
-31.17262454
-31.08562338
-30.50217493
-30.52401263
-30.94832587
-30.44792424
-30.41868456
-30.87661253
-28.89757981
-28.86441004
-29.31875766
-30.51822226
-30.61129745
-30.64882823
-31.07004946
-30.23934495
-30.33372757
-30.67478976
-28.73675199
-30.60641269
-30.43353644
-30.77218337
-29.16777765
-30.86956838
-29.13027482
-29.29701242
-37.48415586
-36.92051803
-37.48239634
-36.76845142
-37.47941981
-37.44500680
-37.49030328
-37.49242839
-36.77585655
-37.15626370
-37.44785433
-37.44181555
-37.70988994
-37.43952168
-37.44036640
-37.78555259
-37.84956580
-37.42816119
-36.79792479
-37.42084267
-37.63559986
-37.63640967
-37.06948881
-37.45696002
-37.62805150
-37.44967680
-37.45358482
-37.62797533
-37.46098702
-37.45646045
-35.74528900
-35.52641811
-35.06963325
-35.21285669
-35.56152570
-36.01753086
-36.11874572
-35.22207428
-36.80979161
-35.95595375
-37.34808993
-37.44522333
-36.06615976
-36.94167480
-35.92171747
-36.96601014
-37.33417490
-37.03124597
-37.42030679
-37.29884062
-37.50516326
-37.14542927
-37.48989358
-37.48636729
-37.52354633
-36.82529453
-37.12634143
-37.51338228
-37.68077121
-37.58686345
-37.44659656
-37.11850085
-37.71483589
-37.16280704
-37.16271432
-37.44735375
-37.44255653
-37.44570126
-38.06072341
-37.74804427
-37.53029856
-37.82583856
-37.46019512
-37.34806368
-37.09251515
-37.64316963
-37.58435794
-37.56628803
-37.64422699
-37.46996961
-36.37148665
-34.85819559
-36.88834983
-36.18604179
-34.59166832
-36.44719426
-36.44979349
-36.33575520
-34.55737603
-36.70899813
-36.38689829
-37.63360505
-37.39602383
-37.37377373
-37.37495157
-36.16008312
-37.00663357
-37.35639343
-37.21558775
-34.96344032
-28.18004469
-29.13928003
-29.82825715
-30.26895017
-30.68263950
-29.95890410
-30.50924613
-29.55389288
-29.74270854
-30.77463147
-30.70605447
-30.70522335
-30.62794772
-30.66712049
-30.67359921
-30.62289662
-30.50891718
-30.22162100
-30.69413679
-30.69622381
-30.03903205
-29.47289605
-29.73260917
-29.29339242
-30.35623631
-31.18988601
-29.58059378
-30.96391236
-30.65182889
-30.43939874
-30.87064700
-31.00180076
-30.39443724
-29.12391372
-28.67028423
-30.22632106
-30.33494713
-29.81979638
-29.74142787
-29.71318251
-28.05939988
-29.52550981
-29.36487146
-29.79581883
-29.08142740
-30.10281639
-30.37674897
-30.68624985
-29.53782557
-28.13724730
-29.55752781
-30.33614384
-29.72148883
-31.01993230
-30.54392512
-29.39589405
-30.40939864
-29.55522318
-30.40489282
-29.38055951
-29.93968363
-29.70958764
-30.45759935
-30.70323881
-30.74161174
-30.64899222
-30.46449106
-30.61143633
-30.69076842
-30.37078107
-30.44784835
-30.69313055
-30.36445865
-30.76376808
-30.75760239
-30.73141172
-30.64438320
-29.70859885
-29.98424351
-30.65040677
-30.49057450
-30.34713138
-30.65777533
-30.64770963
-30.62767548
-29.58555052
-30.65474484
-29.79657810
-29.56064344
-29.68816066
-30.31391435
-30.98599571
-28.52221063
-30.73966476
-28.31757942
-30.44257499
-30.56740860
-30.53496517
-29.50890492
-29.52324290
-31.33365930
-31.29033344
-28.70861322
-27.24046905
-28.41505798
-28.77886065
-30.75844216
-30.10797477
-28.20718943
-29.49077909
-31.90626351
-29.92096760
-27.82566058
-30.76131963
-26.74094597
-26.49773819
-27.44821958
-31.84748607
-30.95716457
-30.29617342
-29.37078088
-28.22887875
-29.11404810
-29.74545207
-28.14264600
-27.48796346
-27.28795129
-28.02904896
-27.56894404
-28.15945933
-26.38198769
-28.19646109
-28.51784782
-26.65674531
-26.99863568
-29.82680124
-27.23190275
-31.15281620
-31.16265425
-29.88699949
-31.23180027
-29.01574985
-24.81355596
-27.94900108
-29.35481423
-27.99883220
-28.84123829
-26.54491585
-25.34921977
-30.69551299
-31.00527384
-29.26582771
-31.14776420
-30.22611813
-28.66676205
-30.65275319
-28.20509605
-28.19473579
-29.76176653
-29.09378505
-27.18870763
-30.14468038
-29.04147137
-31.08706438
-28.64719101
-29.86188288
-30.79855288
-29.10118429
-30.04718620
-29.10950173
-28.01803040
-28.45096779
-30.09314000
-28.80155108
-30.63902750
-28.81182653
-31.57312252
-29.08102321
-28.94735393
-28.23501181
-27.79424697
-27.05482855
-28.96029943
-28.97085654
-31.17662950
-31.15657159
-29.12183204
-28.37249276
-29.27490358
-31.52874706
-27.76600417
-31.89898409
-30.21959276
-26.66872956
-27.87275138
-30.40839404
-27.95296531
-29.56179505
-28.01198689
-29.80315169
-24.85666784
-24.90506442
-24.80948049
-24.80363722
-24.82560374
-24.87415505
-24.98824880
-24.85201592
-24.80517754
-24.65784766
-24.67938062
-24.93087587
-24.92465774
-24.86064897
-24.61625353
-24.99475530
-25.59773533
-25.15398651
-24.76991793
-24.93930585
-24.16570165
-24.76504112
-24.84137017
-24.30744366
-24.95429763
-24.66876319
-24.77193747
-24.46710705
-24.66633773
-24.76853986
-24.81610435
-24.78229735
-24.80140521
-23.98870304
-24.83541418
-24.61541013
-24.47730548
-24.91193841
-24.10794477
-24.58007472
-24.22751219
-24.56091257
-24.06452475
-24.79851487
-24.94875799
-25.05910746
-24.22119004
-24.93792943
-25.48757653
-24.88277048
-24.81687660
-24.82434831
-24.62064957
-24.70827990
-24.42732483
-24.84232302
-24.76281997
-24.80743387
-24.68692020
-25.03569989
-24.93270883
-23.55354173
-24.82773595
-24.73813224
-24.60948820
-24.10332452
-24.88843607
-24.85049754
-25.16630267
-24.91124956
-24.68825084
-23.87416205
-24.89923459
-24.75959613
-24.64272018
-24.80137084
-24.67755750
-24.78465915
-24.58157549
-24.75814760
-24.75148906
-24.81230675
-24.44458124
-24.22260595
-24.01955133
-24.56813134
-24.72477190
-24.75420239
-24.63038895
-24.87616282
-25.09115104
-24.97761175
-25.05213297
-24.81897449
-24.99797533
-24.57788037
-24.88669836
-24.99570907
-25.05638260
-24.48336594
-34.00421652
-33.70070517
-33.80037316
-34.07968901
-32.10546921
-33.01706935
-31.05589772
-33.72701064
-32.85406958
-33.60495637
-33.86728218
-33.97718928
-32.79825199
-31.43263390
-33.85864228
-32.70651633
-31.86569946
-33.66446575
-33.87397809
-33.77640418
-33.66098186
-31.99935091
-33.70217313
-33.16922755
-33.96611313
-30.54073933
-33.64211349
-32.05096876
-33.90344385
-33.80249629
-33.80397264
-33.28566243
-33.81138217
-33.68354410
-32.02899002
-33.03394926
-33.03400421
-33.60231981
-33.60117605
-33.60092511
-31.96993207
-33.67673847
-33.03387069
-33.60813644
-32.63351443
-33.91230916
-31.90159671
-33.14370326
-33.48177318
-33.72701064
-28.28587625
-34.02351346
-34.07072926
-32.40602992
-33.89140451
-34.11343653
-33.98749374
-31.71051979
-32.95944572
-31.71133701
-31.18908381
-34.31567631
-33.03395967
-32.53201733
-31.81997649
-33.47682507
-31.69733094
-33.90449680
-33.77859701
-33.77834607
-33.72446175
-33.72421080
-33.33471898
-32.79448534
-32.17072602
-32.29895823
-33.17326724
-33.27006696
-33.86623864
-31.86246561
-32.90453000
-33.93241920
-32.33205785
-34.11744546
-33.24417553
-32.23249778
-33.72676009
-32.69437318
-32.02857549
-33.89824420
-34.14426286
-33.84571289
-34.01757772
-33.88488683
-33.57703471
-33.76005331
-33.60357111
-32.60525251
-33.90225465
-31.74112810
-25.76714480
-26.93156219
-25.02317636
-29.66762586
-27.59136566
-24.79472321
-27.55286131
-24.44161898
-27.41504917
-26.91564442
-27.80482216
-28.15663247
-25.91403969
-28.62381846
-28.29725721
-27.94045480
-27.36679955
-27.69279395
-29.21704936
-28.88733329
-24.21401932
-26.68426342
-24.85942368
-23.45554923
-23.09620233
-23.80676462
-26.58410750
-26.47262352
-25.93163645
-24.16213628
-26.96643499
-27.98242395
-25.65227759
-24.24152454
-26.03955825
-25.25498699
-24.54571106
-29.51506699
-26.27111152
-26.60887123
-28.90788914
-27.84225454
-27.74846848
-27.88829210
-27.19472784
-25.05421625
-28.53809794
-27.40786256
-28.60982530
-28.84286086
-27.55716883
-26.84310548
-27.42925780
-27.57144817
-27.91956119
-26.02683485
-25.83948615
-24.48590705
-24.85457373
-29.75175183
-27.77414166
-24.15455294
-24.41566172
-24.54263685
-26.59314228
-27.17032872
-27.91102620
-29.02041012
-25.98173139
-27.11677727
-28.71064317
-27.17670204
-27.65696676
-24.38859922
-24.64343407
-23.88334683
-26.18803333
-23.68936317
-25.31506093
-26.43763152
-27.25256930
-25.39425667
-26.04517175
-27.47895882
-24.19314578
-26.61040669
-25.92215446
-27.25493087
-27.82257275
-28.73172022
-28.10656995
-27.99024231
-27.36497523
-27.27657843
-27.99681895
-27.87869466
-28.23190660
-29.52266528
-28.38167380
-27.61049314
-21.87012395
-20.01898497
-19.29114870
-19.75814517
-18.76186886
-18.97942929
-19.45221623
-19.58501798
-18.80629065
-21.95576263
-20.44660542
-20.83748084
-21.68097720
-21.03422681
-20.20512540
-20.49101787
-23.15634473
-25.08350630
-22.52360051
-23.26719864
-24.05975954
-25.06766371
-22.79030336
-25.27097135
-23.27062820
-22.58188564
-21.19489372
-20.26160716
-20.25104866
-24.35553017
-21.72701104
-19.49659175
-18.78446277
-19.59230277
-19.62363173
-19.99461650
-20.84116690
-21.61316391
-23.76289613
-22.23165870
-24.38333901
-22.66364233
-21.33555241
-21.16095389
-20.16263190
-24.09885968
-19.81144211
-20.96342253
-20.66213714
-21.30000495
-19.53366623
-18.05898779
-20.60883742
-19.22865250
-19.34833118
-19.65645996
-19.33486213
-18.82323876
-18.69867032
-19.98149808
-19.17825027
-19.46827960
-19.23159949
-18.62053142
-19.33797445
-18.57164812
-17.48314558
-18.28388910
-19.11978756
-18.71386284
-18.83452941
-19.00534943
-19.18348732
-19.35820486
-18.68833945
-18.36540656
-18.88664011
-21.01988658
-21.21545933
-19.77632374
-22.65062331
-24.09258808
-23.62264482
-24.10030932
-22.34148215
-25.52411941
-23.80690951
-23.18891243
-23.06802566
-20.18136715
-20.97572677
-19.53174321
-20.81290890
-22.36777300
-22.17386362
-22.00275309
-20.83033218
-24.15874913
-22.15968971
-22.48626020
-25.26360055
-28.61415151
-27.68018531
-30.20127946
-26.10941495
-29.02648479
-29.06348560
-26.66931343
-29.79926676
-28.39906161
-28.80191884
-26.68639554
-26.61020846
-26.98441738
-28.57358248
-27.36837446
-28.63367022
-27.92690353
-27.44276511
-26.37077359
-29.70558172
-29.65040737
-28.10596016
-27.18849464
-27.04055137
-26.11559195
-28.36143915
-27.60811262
-27.34214593
-27.16905965
-27.45635011
-28.28836225
-28.16993030
-29.08821937
-28.98710787
-27.58400367
-28.89573276
-28.00336729
-28.31163808
-29.31547590
-29.00713218
-28.30183312
-28.39129782
-27.54500545
-26.59641381
-27.16982243
-27.72818389
-28.43973649
-28.38076253
-27.87333350
-29.16991498
-28.06197770
-28.69510924
-27.03697686
-27.36876668
-29.72073153
-27.60013604
-27.74765801
-27.81580118
-28.04794579
-27.78424536
-26.88702837
-25.89724278
-25.51770015
-25.69890162
-25.08723323
-27.09267218
-26.84711278
-27.00764877
-26.85357322
-27.55082337
-28.60100318
-28.89484475
-27.79985685
-28.53315695
-27.54290134
-26.63135824
-26.05616432
-25.96605913
-27.06251844
-26.40689212
-26.63816740
-26.95286739
-28.81017077
-26.88689155
-29.12690149
-27.73890387
-28.45106365
-26.84347515
-27.87155461
-27.38400449
-27.85264181
-28.37311067
-27.95435912
-29.07076758
-28.83494407
-29.16933826
-25.51225301
-27.88355206
-28.15877516
-27.26050206
-27.00504650
-27.09455171
-27.16836203
-27.37330748
-25.47406710
-25.21621818
-26.68970335
-24.81050203
-27.33064121
-25.83301069
-25.13697752
-27.67961766
-25.85737755
-26.88085123
-26.89138029
-28.00443531
-27.10353021
-26.50815456
-27.57089481
-26.52151378
-26.94543858
-26.68688202
-26.62500104
-25.89985884
-27.63405871
-25.71780100
-25.71780100
-27.22062827
-27.39395209
-23.01078736
-22.52931096
-23.37188748
-24.22300981
-22.12086831
-21.33503018
-20.96913147
-22.09678311
-24.39245418
-24.64562847
-25.96968174
-25.87973465
-24.81377196
-25.44630056
-25.90408182
-25.87247756
-23.57677208
-25.99767037
-23.19963896
-25.34047390
-27.22879684
-26.75401179
-24.90405481
-25.25666097
-24.72505499
-25.45629136
-26.20464644
-27.09994974
-26.94170506
-26.26436719
-27.18140522
-26.20650112
-25.53238678
-27.16873838
-26.92858061
-27.36962858
-27.10379236
-26.11036787
-25.83268804
-24.83728362
-26.73520506
-26.26744013
-27.22505943
-27.30292891
-25.08697324
-26.83703419
-26.49066086
-26.11113471
-27.47287840
-26.34618744
-25.72702721
-25.93617785
-23.31020824
-26.27789112
-22.54278544
-26.25712871
-22.12160395
-24.58394647
-24.99901349
-24.69070737
-25.68988467
-25.30500551
-26.31234363
-25.42155318
-25.23420301
-26.39210488
-24.60394732
-25.01927548
-26.77605927
-26.68690926
-42.04482647
-40.76654616
-41.06416746
-41.00350058
-41.44959075
-40.87212502
-40.98098911
-40.98236121
-40.86935047
-41.08425920
-42.05954531
-42.04396377
-42.04873467
-41.30478850
-41.51112913
-41.61037469
-42.34402981
-42.34374887
-42.32304919
-40.98283192
-40.94166932
-40.85444321
-40.75863760
-40.99466112
-41.01620338
-40.97758395
-40.86442637
-41.18615893
-40.87351892
-41.00609863
-41.21596988
-41.06142729
-41.99835046
-41.31877663
-40.85908568
-41.15560593
-41.59678978
-41.53516965
-40.72289034
-41.96171661
-42.47057020
-41.43835481
-41.58973696
-39.48959197
-41.47692575
-41.44203610
-42.47832754
-42.49764251
-41.45049179
-41.13884809
-40.84908876
-41.84952641
-42.46211501
-41.76763789
-42.39808713
-41.47819968
-42.36882171
-42.36377934
-41.73172217
-41.43653999
-41.68869363
-41.35126428
-41.43473535
-41.78141300
-42.26879206
-42.27167218
-42.26259411
-40.91302547
-40.80692507
-41.03135516
-41.13356739
-40.90874644
-42.05792167
-39.87661582
-41.08846464
-41.02709556
-41.27008250
-42.25948981
-42.23488501
-41.22015591
-40.88013241
-40.87634845
-40.83211908
-41.81369965
-41.32505873
-40.93801951
-41.28023291
-41.00855464
-41.35352845
-42.05809644
-42.09279241
-41.21339983
-41.14484398
-41.15242191
-41.25503760
-40.81699680
-40.58262133
-41.22990190
-40.68927274
-42.23592162
-32.18917848
-32.17215528
-31.99728965
-32.52933984
-32.70497870
-32.21714656
-33.15815125
-31.80933899
-32.61678074
-31.85127146
-31.21334176
-31.27328040
-32.09334425
-31.27501609
-32.78190867
-32.15870074
-32.51872551
-31.81539133
-31.85365801
-31.57021800
-31.60074272
-32.40559734
-32.72942562
-32.32768332
-32.11523638
-32.35353375
-32.88515522
-30.39968991
-31.22575662
-30.79232099
-31.93319647
-31.21321236
-31.20385563
-30.09948123
-32.61278346
-32.06851109
-31.61923082
-31.90999481
-32.15955850
-32.40443561
-32.42452175
-31.78910991
-32.62814777
-32.22086507
-31.29907391
-32.00587014
-31.68701442
-31.54748218
-31.28360295
-32.44195798
-31.50606822
-31.85346567
-31.85010715
-31.76606042
-31.91551481
-31.77221117
-33.66954453
-31.84833978
-32.57771622
-32.11263928
-32.30575520
-32.13145867
-32.24206339
-31.16690393
-31.69944528
-31.73942371
-32.22549434
-32.20800359
-32.26550566
-31.23760309
-32.38613006
-32.20814551
-28.94928626
-28.40802179
-29.45688641
-30.07468458
-29.45463890
-29.70119846
-30.09038955
-29.60891963
-31.13394187
-30.82674977
-32.00675398
-32.40786674
-33.05268667
-32.11491595
-31.83432444
-32.32735097
-32.43243992
-32.48823773
-32.10633560
-32.55486504
-31.86297309
-31.46230852
-31.73224049
-31.88143289
-31.70462409
-31.77327797
-31.58294981
-32.21735454
-22.83198408
-24.21157676
-24.96282696
-24.18587272
-22.61184851
-22.73431898
-24.63224392
-23.89633739
-26.43098053
-25.68793955
-24.68665327
-25.54508078
-21.91774510
-23.13972430
-22.43944797
-24.29252970
-22.16623410
-22.85281846
-21.87175629
-24.42099045
-22.83263057
-24.29012085
-21.40864127
-21.80143117
-21.28859742
-19.99936655
-21.51045048
-20.41885605
-20.85721380
-21.03764930
-20.45550129
-18.51302113
-21.07182996
-20.51950242
-25.40631442
-22.85913252
-23.00992896
-22.29171819
-25.31444198
-24.75486533
-23.87799194
-22.04621421
-21.79739988
-25.33762597
-25.59123742
-22.64820186
-22.47000595
-24.03998333
-22.96890682
-23.96830051
-26.41435241
-23.59874893
-23.67976242
-24.36588929
-23.43587271
-23.38445490
-23.77149783
-22.80124136
-24.58976219
-25.04469962
-25.36842232
-25.18252155
-24.22699249
-21.95985672
-24.11355435
-22.55331221
-25.19081445
-21.10133876
-27.04141312
-23.81978520
-22.33272214
-22.49343866
-23.37445872
-23.22253223
-23.27747984
-21.63270241
-23.20767329
-22.36361376
-23.00945599
-25.57343468
-22.30507349
-24.00850749
-22.43608789
-24.57254498
-23.67061553
-23.54178404
-22.23717644
-25.47698057
-25.33944514
-23.65921427
-23.03773581
-23.68310045
-25.28807468
-25.29147391
-23.95971754
-25.18283279
-24.19129536
-25.09814073
-22.88765118
-23.40460997
-26.21011088
-22.28455388
-23.29120445
-22.31948441
-22.59463517
-20.84381349
-21.59386279
-21.98161098
-22.17354077
-22.75288695
-23.98510912
-21.94673121
-22.38174233
-21.45895701
-21.86956679
-21.49946851
-21.47367191
-21.59821577
-23.18909250
-23.48952102
-23.33382744
-23.92160289
-23.32778488
-25.18394385
-24.69588896
-24.69220917
-24.75038332
-24.70769238
-23.49320004
-24.07734825
-23.91815922
-26.30994848
-23.78358502
-23.80723562
-24.57398586
-24.27493035
-25.97796930
-24.41212772
-25.80288271
-24.18544444
-24.49469630
-24.65879273
-24.21196322
-24.70839184
-24.80281227
-24.71523878
-24.68918762
-24.54863470
-20.47895887
-24.24069795
-25.17646761
-25.01085795
-26.27168563
-24.68957286
-24.91038532
-24.69407747
-24.97204904
-27.05695810
-24.76760528
-23.80585815
-24.46009295
-23.36925298
-24.45853327
-23.67135434
-24.83222109
-23.89154927
-23.59639189
-24.64569621
-23.84520363
-24.63293885
-18.96735050
-20.40245531
-24.29065377
-21.97716708
-22.87401507
-22.36990912
-22.98238573
-25.41129013
-25.61371455
-24.47940379
-25.43773648
-24.53497815
-25.26645188
-26.28760751
-24.71255072
-23.20639184
-23.75840546
-24.57937074
-24.86294059
-24.77888927
-24.59025312
-24.12514999
-24.57417621
-24.50793595
-24.54252900
-25.06518731
-23.96348087
-25.42061713
-25.46490171
-24.77218966
-23.52935124
-21.75183201
-22.26991646
-23.24088277
-19.26034624
-21.80054206
-21.90368463
-21.51869111
-23.74043792
-23.86644911
-22.96448072
-24.06172766
-22.06421237
-21.44660889
-23.21074256
-21.78820516
-19.87437212
-23.20084547
-23.09009417
-21.17958635
-23.24247567
-20.16006550
-23.55418571
-22.59845626
-20.73818783
-21.18105567
-20.75615744
-22.90950462
-22.81855666
-21.06163361
-23.96718697
-22.45329516
-22.77881506
-22.84668199
-23.75600727
-21.95891434
-23.40655212
-22.22201225
-23.53599936
-19.59071731
-23.50253524
-22.72034578
-23.49352307
-23.78053998
-23.71107369
-22.69981438
-23.16323271
-21.76638307
-23.17121466
-20.92312102
-23.45292421
-23.78018343
-23.75001937
-21.70543449
-17.89726990
-20.49761838
-17.95610720
-21.57611075
-18.94079335
-23.53624921
-21.14703161
-20.92976246
-19.81821697
-21.19290340
-19.44246098
-22.40203617
-21.93454893
-20.75596782
-20.22633189
-23.12159264
-22.93592740
-21.40852531
-23.21578605
-20.68718570
-21.58377737
-21.73547372
-20.84923119
-23.18853296
-23.63457223
-19.90457882
-22.86280514
-23.34285606
-20.91398571
-23.36690722
-22.73033150
-22.73928128
-20.83934622
-21.36076512
-20.37929297
-22.18314980
-22.37226143
-20.78149666
-23.63699625
-23.27473023
-22.50564630
-23.06782345
-25.89581018
-22.21320785
-23.93528564
-20.46419040
-12.40133919
-13.20807195
-12.85837221
-13.44328300
-12.66396048
-11.27838899
-13.30527526
-13.07598517
-9.21519389
-9.20410722
-10.68410010
-10.72065152
-9.89180174
-12.97988903
-10.79779938
-12.22807212
-11.14142605
-11.00520036
-10.73103908
-11.35858699
-9.71878128
-10.91038362
-10.32662651
-10.04144916
-10.21880276
-9.70667815
-8.83652223
-11.17925615
-8.56233214
-9.77430469
-9.84239332
-10.56654245
-8.93239966
-9.20678830
-11.34986896
-10.24788154
-9.79219792
-9.88804715
-8.80379376
-12.27027335
-11.42495694
-11.49512221
-12.80224000
-13.13802337
-13.02608582
-13.41594068
-11.02167942
-11.62851216
-13.51581097
-10.57623685
-11.66967318
-13.06556854
-14.35980435
-11.52450342
-13.05388117
-12.15532837
-10.23197602
-10.57509064
-9.91611495
-10.78387901
-10.48991294
-13.47243552
-13.44994116
-10.58300709
-13.52818669
-13.29176896
-13.65376278
-12.08701134
-14.34964062
-12.40899307
-10.83131773
-10.99800723
-12.68167357
-12.56236387
-10.10929070
-10.41912684
-13.18487026
-13.75979964
-11.29418381
-13.47170292
-10.80605837
-14.01747267
-9.81852381
-9.11006704
-9.70023289
-10.78655428
-15.25479679
-10.21721481
-11.85336811
-10.71149140
-10.45040436
-9.73846444
-8.67837254
-9.09143850
-9.21134534
-8.62203234
-8.96347250
-10.54433750
-13.83202632
-10.73594158
-32.97013506
-31.71447495
-30.83114698
-32.56465473
-30.72522231
-31.39063049
-34.10884310
-31.63962391
-32.14918366
-30.60633298
-32.56662295
-29.99785334
-29.00122065
-29.67928459
-29.67990244
-30.50695229
-30.33138684
-29.92282507
-29.42251107
-30.00550534
-30.48459711
-32.08283940
-31.96511874
-30.37410547
-33.06466264
-30.48547256
-30.31806403
-30.51869448
-29.58053707
-32.19980467
-32.80286879
-30.22108519
-28.50259662
-30.21514751
-30.58573949
-28.51805379
-28.43880263
-30.17411499
-30.88553818
-29.66282002
-29.30628781
-28.68140317
-29.62786033
-29.00129784
-29.09650528
-29.08361751
-29.98771385
-29.48812836
-28.80587454
-29.27624855
-29.33382393
-32.35408419
-28.84023406
-29.70287190
-30.22302601
-32.47575234
-31.16205013
-30.95674817
-31.97922568
-31.99091455
-32.59067145
-31.97228137
-32.55650508
-31.11664582
-31.39607122
-30.75992362
-30.36542303
-31.59651040
-29.94456819
-32.68397586
-31.93750855
-30.18744392
-29.66764343
-31.00226890
-30.46968600
-32.73646668
-32.73629951
-32.67031551
-32.68840511
-31.03167339
-32.11033482
-32.67297464
-32.67297464
-29.05703503
-28.24032210
-29.26654981
-31.47666559
-29.90446013
-28.89203744
-29.67068897
-30.08402893
-28.60915163
-29.25106735
-32.24032202
-30.51671543
-29.57194775
-29.86337097
-31.33624858
-29.67606144
-29.12503700
-25.84728292
-26.21596663
-26.27656321
-27.37607359
-27.66717643
-26.86916970
-26.99074873
-26.64415786
-26.36795826
-27.38646797
-26.53442541
-26.59221456
-26.84518982
-26.35917657
-27.32221267
-27.36519152
-26.48511788
-26.18665299
-26.88777581
-26.30091298
-26.88329369
-26.59954706
-25.44419033
-26.77298613
-26.82188877
-27.52236527
-24.90256159
-26.64511119
-25.75986342
-28.88818252
-25.95001751
-25.35429005
-26.95845443
-26.51537338
-26.64645790
-26.23016664
-26.87795977
-26.24450629
-26.28282131
-25.82062369
-26.31704615
-26.32265593
-25.83674881
-26.32997339
-26.28734104
-25.99388025
-26.76560388
-27.44062050
-25.44928513
-25.85390214
-26.21561254
-26.98843367
-27.12744227
-26.95902559
-28.77590279
-26.21436763
-26.36332251
-25.94332756
-27.10229659
-27.01340489
-28.34045377
-26.39482977
-26.61664840
-27.53524691
-26.32636730
-26.63614537
-25.90487174
-26.63978620
-28.67202524
-27.83585561
-26.24578854
-27.49293762
-26.95763577
-27.32118508
-26.28636057
-26.35495615
-26.66584623
-27.51971971
-25.97545260
-26.97918356
-27.39025093
-26.12854686
-26.04950884
-26.48322933
-26.21185397
-25.52050624
-26.15299232
-25.84220364
-24.58011028
-25.63006697
-26.39517479
-24.96993192
-25.79024963
-25.55402694
-25.65600190
-25.33662642
-26.37595731
-25.34815212
-25.95675644
-25.94567076
-24.25187693
-24.40547726
-24.70746481
-24.12758386
-23.14961589
-25.94501285
-27.33120414
-26.44920387
-26.72460835
-25.75845742
-27.42727997
-27.33891125
-25.34018531
-25.66817741
-27.11572235
-26.72246115
-24.83984221
-25.73010750
-24.45582353
-26.80913793
-25.51766795
-24.92213674
-25.05386259
-26.64331727
-27.91634611
-27.48482676
-26.42275877
-25.64602240
-25.74223495
-26.11146328
-27.26604310
-24.92589789
-27.44828168
-25.90430868
-27.95582469
-27.95582469
-27.25318403
-26.82944673
-26.33975747
-26.52032812
-27.29113914
-26.31379332
-26.88181539
-26.38575892
-25.52970130
-27.49555792
-27.35268148
-27.06929226
-25.61838816
-27.47027582
-26.28645381
-26.61919074
-26.92171426
-26.95903863
-26.14976614
-27.17146910
-25.98125500
-27.88432883
-24.16775355
-26.50584781
-26.28471380
-26.51193428
-26.27176293
-27.16674917
-27.17403980
-24.96029267
-27.43995828
-23.73848972
-27.85855460
-26.19556902
-27.26042164
-26.58165215
-27.45079655
-26.25801522
-26.90485259
-26.17261933
-25.54902075
-26.29858670
-24.72937580
-27.99845062
-27.95582469
-27.95582469
-27.95582469
-27.95582469
-27.88432883
-27.88432883
-27.50307786
-27.58915676
-24.40337083
-23.90833238
-27.50607766
-26.89282045
-25.68853918
-27.09005381
-24.39111365
-26.06742828
-27.12310763
-26.59774127
-26.52513978
-27.22343401
-19.23302201
-20.24618723
-21.26286591
-18.64866350
-20.20893873
-19.96896940
-20.02831988
-20.20392402
-24.02180046
-20.32770751
-21.68007213
-19.74159017
-20.48143631
-21.87562614
-18.92927411
-21.50707854
-19.65518166
-19.94485903
-19.12381268
-21.07941295
-20.10890863
-20.23347341
-19.19123855
-19.66751582
-19.45259939
-24.16471779
-16.97927803
-21.93873671
-20.33630603
-18.59117148
-20.34243116
-19.23725029
-20.04669550
-18.47422679
-18.64160208
-19.89854592
-19.68711114
-18.29285520
-17.92988454
-19.96831896
-19.89355663
-18.07430601
-22.12380121
-20.77669446
-20.33065142
-24.14580152
-19.91517653
-18.19721178
-20.22527867
-20.71379973
-19.68277332
-20.01124750
-19.79696548
-21.13173246
-20.16494565
-20.12486366
-20.07758307
-21.86437419
-19.12161068
-19.75236316
-20.96316011
-23.58108044
-19.15190279
-20.46125110
-19.77240038
-18.91385937
-18.27450192
-21.21201476
-21.25113766
-19.72627879
-18.63184526
-18.99383280
-20.22028448
-21.27406556
-19.54160177
-20.80081462
-22.03681792
-20.23951511
-19.88900319
-20.51286765
-19.96686390
-19.05749016
-19.29938267
-19.79918129
-19.76868736
-20.07173849
-24.22353436
-20.57802483
-19.63700727
-18.97203204
-20.55828491
-23.79110663
-21.22389420
-19.96784647
-18.82345509
-18.68535078
-18.49511370
-20.98985687
-21.54647096
-19.17621069
-24.08669415
-24.09909655
-23.40273996
-23.77750565
-23.78980737
-24.51142384
-23.71169650
-23.42119143
-23.40906717
-23.71306048
-24.32195083
-24.33582878
-24.32152024
-23.42960590
-23.80219678
-23.26672162
-24.08389860
-24.52831866
-24.32251861
-24.32254113
-23.87759034
-24.87546244
-25.23852082
-24.62561418
-23.97682801
-24.31951786
-23.10174123
-24.51276251
-23.82793926
-23.73401667
-24.30625763
-24.61331171
-24.16735544
-23.64126789
-24.04891401
-24.29453363
-23.76537057
-23.42262424
-23.71909990
-25.14541376
-23.40249046
-23.77120906
-24.52353686
-23.40153779
-23.77235826
-23.40253615
-24.08745247
-22.99261054
-23.77212460
-23.40248163
-23.79251596
-23.79554079
-23.78016546
-23.71464944
-23.79769481
-23.42474418
-23.79559138
-24.35750974
-23.44560604
-24.16322230
-23.71988028
-23.45946718
-23.72305050
-24.02681877
-24.19972031
-25.05285407
-24.98302822
-23.92844524
-25.06208548
-24.38277974
-25.18485582
-24.23230518
-24.23003011
-24.87331833
-24.31282855
-24.00972111
-26.79669542
-25.11957648
-24.51800855
-23.79405585
-24.62404764
-23.22775104
-23.51622849
-23.96378256
-23.41901303
-24.12646805
-23.39619566
-22.55006170
-22.71342050
-23.59807994
-23.73138340
-23.92520498
-23.40301142
-23.19020366
-23.49783803
-23.49838135
-23.21077390
-23.21722748
-23.90755261
-23.89144579
-12.23910052
-12.94663615
-12.61243375
-12.80629130
-12.36588574
-12.38771129
-12.56678010
-12.32494198
-11.71786181
-12.52445818
-12.65608486
-11.56149492
-11.68024624
-11.68252560
-11.54858806
-13.90718791
-12.06382861
-12.18908095
-11.50272044
-11.83521162
-11.79064046
-12.76141150
-12.55696594
-12.33232585
-10.50680558
-10.53106676
-9.38854008
-11.31475317
-12.27430299
-11.87834600
-12.34365755
-12.21542967
-12.17480743
-12.08105143
-11.62846103
-12.33409246
-12.13960837
-11.38877940
-12.02777802
-12.32424913
-13.50943470
-11.77114661
-11.68990935
-11.72855652
-12.11235952
-11.79773889
-10.65377491
-11.46796091
-11.72195908
-11.47135974
-12.42720493
-11.26379782
-11.96706809
-11.23355433
-13.90047581
-12.59522386
-12.58478203
-12.89090610
-13.45610196
-12.72344869
-12.71242516
-12.05642737
-12.73104079
-11.68307384
-12.78004511
-11.53342104
-11.42127836
-11.64704056
-10.79843715
-12.17769995
-11.21526529
-11.85586443
-9.88362402
-11.24369138
-11.09492000
-11.92611861
-11.61262578
-11.43379840
-12.47321562
-12.15672460
-11.34806578
-11.88160492
-12.15246052
-11.59709192
-11.75385502
-12.59922924
-11.36004280
-13.70046262
-12.50236254
-12.01016395
-11.00851041
-12.22844997
-11.78336467
-12.49501586
-12.16226165
-11.83966623
-12.09789124
-11.59181157
-10.72908759
-12.12051401
-24.77742962
-22.86359182
-24.78087565
-24.93556587
-21.14294632
-24.31375691
-24.81996054
-23.48269191
-23.89117553
-24.16695145
-22.72541759
-23.15151589
-24.96373767
-24.72531939
-24.67344659
-22.99390033
-25.09634745
-24.05431469
-25.08067796
-23.92801085
-20.90646750
-25.03780718
-24.64335126
-23.81934641
-25.00769524
-24.84087018
-25.07585270
-23.82154999
-22.53027135
-24.03354449
-24.01825959
-24.49410476
-25.43673844
-24.66516011
-24.81616292
-25.16530590
-23.06792062
-25.42719790
-25.00310541
-24.32442322
-24.89560848
-24.69410571
-25.59745561
-22.81284298
-24.94202505
-25.49351553
-25.40464198
-25.45140240
-23.56642340
-25.06998316
-21.71262117
-25.16398266
-24.93776094
-24.75217209
-25.16091519
-23.47317287
-23.18114884
-22.28804280
-22.52033479
-24.50829992
-24.15125408
-24.50525557
-24.23896727
-24.26380568
-24.22574300
-24.28329154
-22.48112632
-24.11962353
-24.64350221
-24.64037941
-23.41021229
-21.56849612
-24.98349916
-24.96932568
-20.51619531
-25.13663096
-23.72110180
-21.86825990
-20.56830513
-24.06160130
-22.76584129
-24.24911071
-22.63608787
-24.90080095
-24.57983317
-24.07114996
-25.26420901
-24.38813129
-23.39423719
-23.52239152
-24.82395581
-25.35188740
-24.88767782
-21.36249125
-23.80558652
-23.74140789
-25.24238421
-21.89201628
-25.49354740
-22.88506840
