-36.43326451
-35.50983373
-35.94479589
-36.49501208
-36.51330146
-36.04381722
-36.41416609
-36.49337383
-36.42958784
-36.36355078
-36.31089602
-35.72610695
-36.90310035
-34.86342435
-35.02863828
-32.84092717
-33.36425033
-33.09969352
-32.21765604
-32.10697431
-36.13181902
-36.01543901
-36.29583509
-36.46956349
-36.37906193
-37.03630502
-36.26471042
-36.36334800
-36.32897223
-35.97335077
-36.99751933
-35.80218249
-35.52247959
-36.87516414
-35.95502392
-36.17466648
-36.14308483
-37.25571768
-37.82642154
-37.75985389
-36.58530440
-37.37319003
-35.79862822
-35.65576417
-37.14555841
-35.38012289
-37.61125953
-37.56541995
-37.58206138
-37.03326897
-36.83035627
-37.35442320
-37.55582204
-37.50201353
-37.54183410
-37.11813033
-37.37424068
-37.78436056
-36.58891556
-32.76757889
-36.27520071
-36.54461234
-36.53904961
-36.47085835
-36.64869495
-36.25771660
-36.55150131
-37.19290732
-36.88236140
-36.39317289
-37.37210182
-36.51758285
-36.25750931
-37.00338052
-37.80219780
-37.77994191
-37.85566870
-36.92527243
-37.30159883
-37.40126837
-36.66127107
-37.43445557
-37.39138185
-36.94131714
-37.52243177
-36.50213309
-36.24492136
-37.62869467
-37.64950492
-37.37199049
-37.63927835
-38.54247749
-37.62330914
-37.64804902
-38.16015373
-37.36627345
-37.62582545
-36.14446047
-36.57352383
-36.50651429
-23.99274453
-28.68521295
-29.62610628
-25.75461106
-26.55307288
-25.14921126
-26.57361750
-26.34882966
-26.13596511
-29.43367309
-28.94868342
-25.45975566
-28.06849389
-27.37610405
-26.53829720
-27.80295255
-25.90113654
-25.11560882
-25.03900982
-24.98348757
-25.67293752
-25.05562192
-24.64529496
-24.71883763
-24.94167936
-23.84375994
-24.09120743
-25.03631062
-24.15457178
-29.36832911
-26.56611053
-29.41361924
-29.36408962
-26.96123227
-26.16836291
-26.12210652
-29.47771780
-25.58042953
-29.37503450
-26.26091643
-27.38750258
-25.83761300
-26.18401900
-26.56962879
-26.32636455
-29.05566750
-26.56732843
-26.63829565
-26.36305382
-25.86740469
-26.04062736
-27.18151922
-25.85482982
-28.33455301
-25.70242489
-29.30728640
-26.47530071
-24.63704158
-24.69590961
-24.78741056
-24.85050715
-25.27069777
-25.72868466
-26.28892167
-27.55023056
-25.18111634
-24.94251927
-25.81595882
-25.17096126
-25.92370536
-25.53701570
-25.77251584
-26.78842797
-26.33904209
-26.68771973
-24.85590216
-24.22139840
-25.56700929
-23.30744704
-21.55371108
-24.37990485
-27.66729095
-24.85085368
-24.18739333
-29.54995649
-29.53649232
-29.37317999
-29.32860812
-26.25235989
-29.32661739
-25.34320504
-29.51634043
-26.56965768
-29.31364079
-27.39331259
-25.37695369
-25.47197818
-26.28797051
-25.96210760
-25.27865353
-24.08252174
-21.13280747
-24.91102923
-21.61714891
-22.03767965
-21.11721782
-21.18591111
-22.16036031
-22.35205326
-21.65557032
-21.90386420
-22.47254031
-21.79407394
-27.29842882
-28.70543618
-29.02370445
-29.03012935
-27.37771070
-29.22304855
-27.26266200
-27.00685107
-25.50435424
-27.92811792
-28.16263095
-26.19383199
-23.05406887
-27.39318833
-28.99467340
-26.96887194
-27.96254261
-26.23976308
-28.07185924
-26.53339686
-24.80757727
-23.22896287
-26.04679326
-27.04873970
-26.18864191
-24.51171213
-26.44985913
-24.70433708
-25.10972955
-25.97971747
-24.40936289
-24.55577201
-21.37321671
-21.26152481
-21.72174826
-21.53620965
-21.22617052
-22.37651524
-21.35274203
-22.67397394
-23.19705631
-24.21268608
-24.05895626
-24.29173776
-24.47189686
-24.26960422
-24.03066759
-29.46861603
-28.82557900
-25.97704543
-25.76664039
-27.01132832
-27.00679313
-28.18219416
-25.43199298
-27.42680798
-28.00155130
-21.34415491
-22.06255140
-23.96073417
-24.34971438
-26.51998719
-26.77538774
-27.19416321
-25.57366259
-25.73492879
-25.72308944
-26.34164601
-23.87322062
-25.67306992
-25.91041315
-24.27956949
-24.88266190
-24.83863207
-26.05020364
-24.46147030
-24.54266006
-24.45640791
-24.56505489
-25.86240029
-24.28294688
-21.91078177
-21.97235072
-22.23680673
-25.08121606
-23.85586697
-21.45470576
-29.73635692
-29.62701377
-30.27845181
-29.12320066
-28.62600287
-29.16495657
-29.98540455
-28.84976045
-27.75782246
-28.66204968
-29.88655115
-29.16503260
-28.85523672
-29.08677862
-27.11979738
-28.01127334
-30.01031066
-30.08017799
-30.00714837
-28.82542521
-28.36622551
-29.50601923
-26.59872919
-27.94301648
-28.75707829
-27.87179904
-27.63574421
-28.59671597
-28.79228070
-29.57919692
-28.67037110
-29.96264646
-29.53262337
-29.14121553
-29.05860472
-29.01158729
-28.81194395
-28.75355275
-28.74924125
-29.64950476
-26.75389322
-29.75288979
-28.06176555
-28.72622643
-29.77183490
-31.44492694
-31.08485787
-27.68216906
-28.76430627
-28.90277680
-29.09724387
-29.22651248
-30.19801144
-28.02444412
-29.29931567
-30.24469011
-30.19685841
-30.00714039
-27.63551894
-28.42077736
-28.75411510
-29.33847873
-29.68765469
-29.36389172
-30.01702115
-29.73346667
-27.35253053
-27.99281258
-28.58889318
-28.71646648
-27.28548920
-28.64789020
-29.88649206
-28.70491464
-29.99572533
-29.75196252
-30.89635537
-29.13308333
-29.24878688
-29.62307147
-28.67195503
-29.91593140
-29.93162985
-28.97956344
-28.76122551
-29.32719848
-28.75543314
-29.74648051
-29.60012120
-30.57776393
-27.75023857
-29.38395500
-28.13388932
-29.40584404
-28.45017830
-27.66184124
-29.26949914
-29.24055840
-28.75215332
-29.06468075
-34.97323454
-34.97898076
-34.25988098
-35.02054480
-35.08852412
-35.51973377
-35.23145642
-33.73381706
-35.15500596
-35.50014369
-36.22577739
-36.69053476
-35.71202608
-35.75286270
-35.76809231
-36.35021770
-36.37193096
-35.50269687
-36.64563498
-36.71885236
-36.99745128
-35.76762030
-35.69314220
-36.46800255
-36.68016815
-36.80480639
-35.82252063
-36.00098610
-36.65110706
-36.87676966
-36.79790845
-35.68162314
-36.18855210
-37.15570490
-36.72394717
-35.91438838
-36.10404528
-36.25113986
-36.20737639
-35.94303551
-36.04581314
-36.12074207
-36.02022558
-36.19130901
-36.63525443
-37.43893624
-36.94090563
-35.47651907
-36.19049254
-34.05869253
-34.74481133
-33.61597023
-32.69579247
-33.65290701
-33.65379857
-34.96636965
-35.19999157
-35.26816912
-34.94580079
-35.11955027
-36.35941489
-36.01039272
-34.71174016
-34.72647851
-36.20566551
-36.21269875
-36.31714206
-35.52295751
-35.83494668
-36.54005812
-36.68039948
-36.23761480
-36.21894694
-36.38632835
-36.52815484
-36.71447228
-36.44217825
-35.49668371
-35.73092799
-35.78958691
-35.95696818
-35.78028749
-36.93960531
-36.69513552
-36.28699412
-35.91130818
-37.00746556
-36.31066056
-35.81991897
-35.82876310
-36.55290105
-35.87143925
-37.00063033
-34.51334555
-34.26087274
-34.91914427
-36.52068096
-36.94015548
-36.67541553
-34.20894516
-30.69764495
-32.67472419
-30.86556618
-30.31213423
-31.19823717
-30.45932017
-31.78444399
-30.91534861
-31.16350493
-32.79797800
-30.66411801
-30.60389876
-30.38244134
-30.09011657
-30.29995221
-30.68270458
-30.42622174
-29.77605394
-29.99446988
-30.15436622
-30.36544367
-30.15826080
-30.39036985
-29.88801185
-30.55593802
-29.15930537
-30.53613658
-31.79416636
-30.75350931
-31.29028096
-31.89097421
-31.97543696
-31.06300615
-32.25605485
-30.16369775
-31.74720108
-30.67563381
-31.48258679
-30.34039571
-30.98192188
-30.13566153
-31.41753161
-30.78133634
-30.80225524
-30.73419571
-30.81927788
-31.42296828
-29.42341846
-31.47114483
-30.49437058
-30.58261415
-30.44077197
-27.74647379
-29.05823967
-30.90218108
-29.90921961
-30.24882032
-29.48758373
-30.74751790
-30.71953826
-28.97428180
-28.66124403
-30.90410257
-29.43649413
-29.85881295
-28.82139720
-27.08528143
-28.99521239
-30.36436206
-29.31025610
-30.98494366
-30.55629581
-29.47836668
-30.57908460
-30.94467803
-30.71955667
-30.69203525
-30.60894821
-30.21316350
-29.97222932
-30.41515687
-31.24981999
-29.88748706
-31.09236669
-30.08859223
-29.30229722
-26.71571094
-28.39387219
-27.94838327
-29.39131847
-28.40437576
-32.08132234
-30.22825335
-31.01633778
-30.57233018
-31.36728486
-30.79818404
-29.97600291
-29.97958525
-24.43331561
-30.18164395
-30.16853339
-30.13374584
-29.49003226
-30.06117697
-30.07951123
-29.31039078
-30.86122381
-29.45291127
-30.19161613
-29.59276038
-29.62789697
-29.60060280
-30.36885037
-30.62623039
-29.34113311
-29.03855245
-30.19439411
-29.60860921
-30.39546079
-29.76352488
-30.82109684
-29.79333475
-29.83920544
-29.82414785
-30.44043563
-29.98948276
-31.18792793
-30.36806105
-31.44456843
-31.27094550
-30.83834999
-31.23709035
-31.36433508
-30.28623581
-30.65289168
-30.80455837
-30.29972302
-29.90620685
-29.86611480
-28.94655104
-29.64924935
-29.89345323
-28.90445819
-29.82718291
-29.71702728
-29.84211419
-29.84300121
-29.71639780
-30.20869260
-30.18128210
-29.31711367
-29.81702248
-29.38261702
-29.69352133
-29.27187995
-29.81764635
-30.17232371
-29.53561117
-29.87872677
-29.79670983
-30.91507653
-29.80733538
-31.84252763
-29.86708815
-29.84294623
-30.07153368
-32.59407556
-30.95166222
-30.10788673
-30.41364006
-30.91131808
-31.11800440
-30.86241086
-31.01035222
-31.45765993
-30.08311745
-31.57807838
-32.22223200
-30.04363378
-31.91992490
-29.87217945
-30.85183472
-31.23744232
-31.60339742
-31.16108378
-31.33624302
-31.24485212
-31.23850823
-31.36945699
-30.77924721
-31.13090173
-31.43075138
-30.04207180
-30.05701399
-30.11675733
-29.99572889
-30.15988156
-30.06413003
-30.37364124
-37.49575275
-37.61671152
-37.49234951
-37.38051415
-37.40080186
-37.38466351
-37.38478604
-36.59162883
-36.01130832
-37.96247534
-37.69075892
-37.36668523
-37.95839831
-37.51169983
-38.09014935
-37.22517129
-37.38745188
-37.39499950
-37.49405434
-37.71754323
-37.68975026
-38.18726912
-37.69117245
-38.14888441
-37.43782605
-37.54191869
-39.09141111
-37.90837319
-38.72591134
-38.26274484
-38.53867987
-37.69516586
-38.28781821
-36.94153702
-38.27671241
-37.87727077
-38.20444435
-37.67911546
-37.26563654
-36.70867294
-37.29475204
-37.52478694
-37.82937284
-37.55692218
-37.57197364
-37.60344446
-37.15657372
-37.65669011
-37.52473890
-37.39667083
-36.98238743
-37.39967159
-37.26650469
-37.38484528
-37.61929490
-37.41279297
-36.67571037
-36.71020608
-37.41034618
-36.68200824
-37.14753841
-37.92924967
-37.19445469
-37.42530664
-37.39305134
-37.44661566
-37.38635445
-37.40193360
-36.73543044
-37.42628945
-37.37341403
-37.39286446
-37.35859035
-37.40317078
-38.49312814
-37.57774601
-37.83208016
-37.50679715
-37.68702652
-37.99817052
-38.11789043
-37.19382167
-38.10492052
-37.99768995
-37.58747873
-37.48365870
-36.97365413
-38.69891037
-37.71666459
-37.65933559
-36.64504404
-38.42243361
-38.21989755
-36.75962136
-37.15288839
-36.95114468
-37.48636365
-37.41995083
-37.54606332
-36.91392511
-42.36630371
-40.22214104
-40.34055478
-40.33730798
-40.32719647
-40.33215620
-40.29200725
-40.30719701
-40.30411507
-40.30391918
-40.32573453
-40.34194331
-40.26284832
-40.24221475
-39.73307922
-40.25412821
-40.22159221
-40.12287424
-41.62828255
-37.78335223
-41.76717708
-41.27366900
-41.73529855
-40.06968278
-39.42400757
-40.67016334
-37.93472213
-38.49953572
-38.59024467
-38.03145370
-39.05277852
-39.47691148
-40.03036698
-40.21832794
-38.53091107
-39.13099407
-38.59004531
-39.09504756
-39.01039792
-39.99303068
-39.31672899
-38.98537230
-38.32525842
-40.23038556
-38.07161950
-38.18733597
-38.02188746
-38.46231968
-38.72016721
-35.96672594
-40.06226316
-41.58786970
-40.27649328
-40.23836327
-40.29598788
-40.28529129
-40.28647926
-40.28065399
-40.28991128
-40.89368665
-40.19346711
-40.22301688
-40.18899529
-40.19512917
-40.14423315
-40.17282568
-40.13279951
-39.41389060
-39.83205103
-40.14479209
-37.46388266
-39.36512049
-38.91989975
-38.77525651
-38.76527349
-38.51916885
-38.72894052
-39.29432384
-41.36832017
-38.29903105
-38.70315418
-38.75203315
-37.23950743
-37.23020862
-39.02218671
-38.41407922
-38.43178241
-38.61779265
-37.65175890
-38.81340032
-38.71994909
-37.87711598
-38.24062006
-37.86232760
-37.63881699
-38.55632350
-37.59022890
-38.73944924
-38.55299176
-37.82855347
-29.56772284
-28.29388874
-27.38761193
-26.56063285
-28.06200400
-28.07370423
-27.97091202
-27.93487106
-28.66888198
-29.32672938
-29.14504623
-29.52796485
-29.13038012
-29.16923870
-29.82316033
-28.36851989
-29.01736474
-28.72108751
-29.50612120
-29.48760540
-30.22413907
-28.93217965
-28.51738493
-28.36723424
-29.32060777
-28.65884765
-30.16303519
-29.54426747
-29.65734659
-28.34596854
-29.39035151
-29.84706764
-29.92676293
-29.46206901
-29.80557276
-29.99424717
-29.86920255
-29.86561595
-30.30668096
-29.04133751
-30.55962883
-30.50761899
-30.51001857
-29.99293838
-29.61052193
-30.41992594
-30.13564601
-30.38863582
-30.50867033
-27.08841071
-26.91134867
-27.02922770
-28.65710922
-28.10216719
-27.90001542
-28.69313929
-29.07125132
-29.19062875
-28.96434565
-29.05403093
-29.21077373
-29.77616460
-28.39160143
-27.64661648
-29.15508518
-29.86455281
-27.94762413
-28.83696962
-29.80810422
-29.80810075
-29.46817762
-28.59411945
-30.23590924
-29.56384401
-30.17681344
-29.78238282
-29.79486643
-29.69655923
-29.89457036
-29.53385617
-27.20648331
-26.85158441
-28.44488185
-30.42979769
-30.37110999
-30.03335693
-29.96467761
-30.43333638
-30.14902358
-29.35671114
-30.39510403
-30.10375797
-27.78028358
-26.76520820
-27.12759492
-26.78777770
-26.42668919
-26.78597040
-26.77873399
-26.16355530
-31.23586407
-32.82001134
-33.17276647
-32.53297053
-31.93402427
-30.08568888
-31.83473253
-32.59028401
-30.72719269
-32.27646126
-32.52116527
-32.32981196
-29.09263772
-30.77838753
-31.18530501
-28.99830208
-28.69901958
-27.97307107
-28.62494486
-28.32198754
-29.69660223
-33.18580445
-32.00809613
-32.69851585
-31.95825191
-30.87169831
-32.05948259
-30.21543549
-30.59601734
-30.08613536
-32.20207327
-28.32047857
-31.39994683
-31.98400778
-32.23245133
-31.79541975
-32.14776507
-32.36222754
-32.15304487
-32.15304487
-30.03024440
-29.61479193
-32.37048773
-32.22729681
-30.69738287
-32.68609353
-32.68230019
-31.22265289
-29.96503654
-33.07955686
-32.82189754
-32.25666727
-32.23539401
-32.57988654
-33.40585068
-29.98709412
-32.62584448
-32.93884256
-29.81284129
-31.81716846
-32.81659593
-31.36818727
-30.11407338
-32.55669174
-32.16311101
-32.69566243
-29.74962620
-32.22685013
-32.40068382
-32.25951020
-28.65000418
-29.64707465
-32.82270050
-32.49935664
-30.64148032
-32.15564685
-31.22868604
-30.95187370
-31.96586590
-29.93300632
-32.33337054
-29.93447640
-31.98179003
-33.03534043
-29.74106498
-32.49694076
-30.51708691
-28.46711429
-30.22933796
-30.71864768
-30.85933465
-32.48948996
-32.82470251
-32.66660312
-32.76863778
-32.33240284
-33.97553502
-31.87784227
-31.43181755
-33.67467158
-29.72485420
-28.71031655
-28.89301165
-26.76883281
-27.22245620
-27.62431834
-26.76070229
-27.08342325
-29.68476786
-26.76863094
-27.61077635
-29.17015296
-27.53373062
-29.75633211
-28.83218381
-27.03164296
-27.12936102
-27.06054943
-29.56430927
-29.09017822
-29.36328142
-27.26060843
-29.12377369
-26.94987574
-27.25465689
-26.86571444
-28.50040924
-27.27001299
-27.40193302
-26.77311328
-27.04242278
-26.78627287
-29.13403857
-29.16715711
-29.21862252
-29.21757929
-29.18507649
-29.18870407
-27.11485312
-28.44771985
-27.18050039
-27.23720317
-27.50720733
-29.65060781
-27.39281943
-27.07179947
-27.12031924
-26.84030645
-29.52934327
-28.00899444
-27.43541202
-27.41209837
-26.98180742
-27.28406146
-29.21276467
-29.52183524
-28.47120485
-27.61760599
-29.19563686
-27.32773011
-26.58437184
-27.74438730
-27.44296517
-26.83699668
-28.97953596
-26.77743329
-28.94596667
-29.03964572
-26.68644365
-29.23349587
-29.33904275
-27.14138397
-27.90949361
-27.37069196
-29.23164739
-27.28391427
-27.44287562
-27.56427399
-29.42636369
-26.96647069
-27.73472905
-26.71904851
-27.47042921
-27.14515766
-26.67556630
-29.71177991
-27.12453377
-28.73484578
-26.46343916
-28.03027112
-27.18419754
-28.71941936
-27.34461823
-27.44025024
-26.52460561
-29.19734821
-26.79439361
-29.43328224
-27.91417856
-27.25035605
-35.23975805
-35.30639996
-35.19329773
-33.91712968
-34.18378355
-34.37470966
-34.35075443
-35.23816575
-34.25728532
-34.47561424
-34.97027381
-34.74250417
-35.25209241
-35.14709988
-34.84614838
-34.49843194
-34.31308624
-34.52212728
-35.16758284
-34.48257024
-34.24486573
-35.08217355
-35.48546517
-34.62613347
-34.57779541
-34.65326460
-34.59982200
-34.73248737
-34.50394801
-34.50200719
-34.54390768
-34.52946472
-34.43809344
-34.89074403
-34.62313199
-34.33792246
-34.21025795
-34.74095166
-34.63632937
-34.69948732
-34.15227785
-35.03064220
-35.80269611
-34.45911001
-34.40452243
-34.34809692
-34.47342360
-34.80273791
-34.65251156
-34.52451206
-34.99225504
-34.48088458
-33.83398867
-34.53089540
-34.96606813
-35.34556240
-34.55207008
-34.84544538
-34.95984589
-34.75887790
-34.31550704
-34.51687765
-34.69482454
-35.52259865
-34.45470334
-34.40309659
-34.46946082
-33.78627352
-33.92576305
-33.90763793
-34.19631313
-35.27141292
-34.89820266
-34.80122721
-34.70820206
-34.68193989
-34.76120246
-35.19546760
-35.48222261
-34.48242184
-35.04952357
-34.51103632
-34.28906667
-35.22826903
-35.11128921
-34.47447403
-34.65451957
-34.65755612
-34.84531085
-34.36875654
-34.84573197
-34.79636949
-35.11428742
-35.50526269
-34.60669480
-35.41357296
-34.53766039
-35.84786779
-34.95742449
-35.05142723
-24.58734041
-23.82945648
-24.02764995
-23.63669769
-24.91393951
-25.45696302
-22.89303774
-23.60389238
-23.31618811
-24.98082143
-24.25277633
-24.08862830
-24.64418359
-24.72819710
-23.91887196
-24.30037406
-25.75896783
-24.20308178
-23.83335572
-23.73011118
-24.16858566
-24.97822127
-25.09021817
-24.12164194
-24.88874360
-24.26577227
-24.00508904
-25.09689310
-24.85644882
-24.14134490
-24.43998182
-24.45968156
-24.50077926
-25.08671178
-24.37276280
-24.22563047
-24.04099213
-24.69246476
-24.70184360
-25.04400698
-25.09453927
-24.27608992
-24.47770705
-24.52620528
-24.67069562
-25.90669840
-25.37796711
-24.49975733
-24.97683668
-24.21957649
-23.05618623
-23.87643809
-24.70588115
-24.69171269
-24.48349730
-21.51401661
-22.42215505
-22.73296312
-24.77122380
-22.41876213
-24.48672663
-25.53701855
-25.04188459
-24.93954766
-25.29537130
-24.88849542
-24.94158753
-24.47201621
-24.58000349
-24.96171984
-24.51902802
-25.19749840
-24.10143803
-24.28082867
-25.16225080
-24.25849779
-24.07637342
-24.15445795
-24.29836465
-24.72178436
-23.34755809
-24.24602285
-24.82298949
-24.36744233
-25.06179561
-24.37097892
-24.26028846
-25.00539440
-24.80339689
-23.27984080
-24.70762665
-24.46829071
-24.57232758
-25.22199527
-24.19876382
-25.18943371
-24.54217553
-24.73204028
-24.52465723
-24.71694177
-29.58754708
-30.65705288
-30.92256680
-30.70515916
-30.86350759
-30.49544431
-30.92746683
-30.15306237
-30.66246541
-30.88519075
-30.35866647
-30.58790715
-28.39382465
-30.35931064
-30.73567731
-30.87880328
-31.04941727
-30.40290221
-31.05315079
-30.53118824
-30.43832780
-30.82486896
-29.91541877
-30.26709724
-29.77992842
-29.81852320
-30.11261695
-30.20794159
-30.02599826
-30.56744729
-29.33579110
-29.83360435
-29.84546376
-30.99918130
-30.68181508
-30.88386452
-30.71649754
-30.39577772
-30.60293196
-30.15867045
-30.56030289
-30.42934628
-30.60262395
-30.75080935
-30.66814837
-30.14685661
-30.13675831
-30.72561007
-30.54076461
-30.79225906
-30.44898026
-30.34861946
-30.76185019
-30.71226244
-30.21762353
-30.81955681
-30.36502870
-30.36753053
-30.34593006
-30.09194982
-30.34350962
-31.24594298
-30.96693644
-29.86774057
-29.82856092
-30.50733285
-30.83931166
-30.50289135
-30.49442861
-31.04908053
-30.77161589
-30.79583962
-30.27839551
-30.17016175
-30.16699965
-30.67354287
-30.23413789
-30.54551638
-31.11618340
-30.62723410
-30.71761068
-30.76770136
-30.91749164
-30.80412892
-30.72674305
-30.77883948
-30.54696185
-30.71698822
-30.73923031
-30.16330572
-30.10172322
-30.86468340
-30.98108333
-31.34809254
-30.80877849
-30.38719257
-30.79362749
-30.36928037
-30.67305650
-30.63553902
-23.25514255
-22.99399460
-25.54693201
-26.20226223
-25.69197619
-25.87362796
-25.81163851
-26.58414468
-26.15053358
-23.43943110
-26.24715813
-24.34518368
-25.68905999
-23.89105480
-25.96536673
-25.90783459
-24.52335531
-25.00772725
-25.97347142
-26.16643361
-25.90324193
-25.69641173
-25.74322840
-25.25300234
-24.51345502
-26.01637910
-25.64455598
-25.62171358
-25.16679108
-24.08261784
-23.45916393
-24.58864018
-25.89746462
-25.98842556
-25.73193665
-23.84229080
-25.83421476
-26.62029898
-25.78519825
-26.58135701
-25.58787032
-26.21178957
-25.71154879
-23.61585850
-24.34205005
-26.99279523
-25.14763846
-26.40197308
-25.16373257
-26.97228375
-24.63646853
-22.01165326
-25.75118492
-26.16975538
-26.24738969
-25.55635104
-26.16037303
-24.55207842
-26.22382542
-25.64687758
-26.00627596
-25.44334334
-24.86181690
-25.75652076
-24.70899173
-26.52389233
-24.91306162
-24.29663960
-25.64898064
-24.89976917
-25.86369907
-23.88421195
-25.34579396
-24.06817809
-21.29297915
-25.43720853
-23.45960212
-24.57601523
-25.33659226
-24.07573465
-26.15523872
-23.68864093
-25.79668006
-26.82115432
-23.53147661
-25.46215715
-25.70705937
-25.12961341
-25.28736832
-26.60764609
-23.93921029
-25.69609673
-26.15406186
-25.75650351
-23.15149291
-25.80084615
-25.14508491
-25.18372990
-25.33116097
-23.16791037
-41.54603276
-42.17579766
-42.19245439
-43.78654141
-41.67645018
-42.03082107
-41.41191970
-41.42435915
-41.24180985
-41.65087483
-41.91133680
-42.05490985
-41.14654035
-41.13221660
-43.33197657
-41.60713112
-41.57451094
-42.11257428
-41.93192745
-41.97810076
-41.39005045
-41.95589161
-41.68059262
-41.96201455
-41.89046310
-42.38223158
-41.70135151
-40.10842576
-41.84912826
-41.58449232
-41.82896828
-41.63300253
-41.07768684
-41.70575276
-42.02903983
-41.22123741
-41.35847302
-41.04380484
-40.99775103
-41.87829178
-43.35009810
-42.12826739
-42.73291374
-41.80833050
-41.81314290
-44.28129365
-43.07779964
-41.63434946
-43.20093069
-41.69465031
-41.67178505
-42.03713099
-42.29371169
-42.15289522
-41.46286990
-41.96934545
-42.39560782
-42.11066511
-42.01974670
-42.09498622
-41.65767605
-41.91990676
-41.37344837
-42.24032545
-42.62182263
-42.13107248
-41.76350741
-41.13132436
-41.26677710
-41.88345821
-40.86326849
-41.12433723
-40.05138134
-42.13434363
-40.88002328
-41.52007195
-42.31965010
-40.97530759
-41.81293185
-41.47433953
-40.58333367
-39.67810003
-41.79951349
-40.40215528
-39.58872219
-41.96992983
-40.46180310
-40.43768272
-41.93136947
-40.59654208
-43.55299481
-41.58139442
-41.90700165
-41.91493657
-42.33313604
-42.20481863
-42.45558861
-42.39679744
-40.84835297
-42.15529526
-26.52960538
-28.40820316
-29.13107306
-28.40133237
-28.69770520
-29.38109265
-27.98260112
-28.52945478
-28.78708295
-28.27583892
-28.39607750
-27.86250696
-28.84875339
-29.36320997
-29.38013439
-28.66831863
-28.92469060
-29.49577788
-28.73800830
-28.87477746
-29.28436676
-29.01966218
-27.79774939
-27.09959410
-27.64846941
-27.13084631
-27.11596608
-27.07209187
-27.43383220
-27.57000541
-27.32976013
-28.59534442
-27.96202889
-28.37009291
-29.58261029
-28.27049355
-28.56834460
-28.20813944
-29.60019039
-28.11316770
-28.17213668
-28.45685537
-28.28773415
-28.68898735
-28.42908383
-28.82340006
-28.97977934
-28.94097964
-28.84925658
-29.16950080
-28.83403431
-28.41402426
-24.25359466
-28.70342896
-27.46534069
-28.77146059
-28.42184673
-28.44164250
-28.73651089
-29.17779129
-28.97558352
-29.07939830
-29.13019349
-29.01268643
-29.09240437
-28.37360425
-28.72067460
-29.00292676
-28.55552853
-29.06014842
-28.48319143
-27.63369984
-26.36619408
-25.98248318
-25.80886748
-25.54817982
-26.17203260
-26.22727874
-26.13105899
-26.78520645
-27.61330534
-28.01427829
-28.73438203
-28.96894056
-27.89629806
-28.26788811
-28.03849569
-28.95468293
-28.27219542
-28.75933394
-28.88867292
-29.58199068
-29.07450540
-28.38543143
-28.74603163
-29.02104595
-29.09098539
-28.93945590
-29.60487565
-29.57684749
-30.42083445
-30.31523189
-31.78616472
-31.01284338
-31.82137040
-31.15204410
-31.08996255
-30.23204224
-31.62227711
-29.92115575
-29.05270778
-30.00243473
-28.34866108
-28.60967663
-28.71554028
-28.66909900
-29.87011020
-29.58052363
-29.02850652
-30.10729153
-30.95265557
-30.72724006
-30.53704381
-30.59792182
-30.43198169
-31.48818156
-30.70471626
-30.39432392
-31.08310484
-29.14092127
-30.79044474
-28.81298294
-30.18856737
-30.45961932
-30.87804849
-29.69800920
-30.55223957
-30.67079752
-31.05665748
-30.69184469
-31.14296770
-31.07427849
-29.73104814
-31.20069023
-31.19569151
-30.21176616
-30.92748395
-30.98167504
-31.13692673
-31.08917638
-30.96725622
-30.53089903
-30.67704429
-30.63061545
-30.25165388
-30.89638266
-30.77585736
-30.42886316
-30.95703707
-30.35054850
-30.34383413
-30.98216768
-30.61108199
-30.24482578
-29.68275569
-30.77407793
-30.60189541
-30.12475088
-31.15096002
-30.57449231
-30.50404695
-30.05580956
-31.19191133
-30.69041570
-30.90298900
-30.19614191
-30.19746471
-30.20546170
-30.61765779
-30.82136510
-30.10693846
-30.46300426
-30.95825639
-30.79292842
-30.44754443
-31.24409090
-31.58334365
-29.98562299
-30.95832924
-30.62648629
-30.58936703
-32.38597285
-31.03899864
-30.52121427
-31.01283871
-30.97220571
-30.91570302
-30.08925026
-30.87933946
-31.12400040
-26.44424877
-25.89624300
-24.33931588
-24.90883017
-23.77311577
-26.20272862
-26.01065724
-25.13045356
-24.99649353
-26.52182275
-29.34671974
-29.20901373
-30.59338805
-30.42243472
-29.47033807
-28.85777428
-29.55038333
-29.21648336
-29.77472736
-29.30129806
-30.28759076
-29.53949438
-29.71919242
-30.62410519
-29.11407507
-30.11758938
-29.58936587
-29.67141777
-30.66456096
-30.00810209
-30.26325645
-29.19699007
-30.42784575
-28.67302747
-30.39293281
-30.19809810
-30.09159269
-29.59330917
-30.58983846
-29.44883998
-30.85139271
-30.52223546
-30.16732436
-30.56953898
-30.99906108
-29.14864735
-30.97498167
-32.01481409
-29.59262675
-29.62086777
-29.58398461
-29.59644510
-31.49109171
-30.47120651
-30.12282201
-29.93783173
-29.68253725
-27.13055034
-27.30322483
-28.83438880
-27.06028091
-26.94674013
-24.70735055
-25.96673610
-25.69202367
-28.94725087
-27.79706859
-29.33393190
-29.64612711
-31.31775257
-30.54033973
-32.23566441
-30.51686819
-30.19294706
-29.23428032
-29.01786084
-28.93159602
-29.65403022
-30.02723111
-30.18429695
-29.74346660
-30.68818523
-30.50339156
-30.52076695
-30.17020701
-30.88155646
-30.19102691
-30.33961833
-31.48601737
-30.31720471
-30.20517376
-29.85689968
-30.97004797
-31.06188894
-30.86644972
-29.85531194
-30.04209781
-29.70608375
-29.50854733
-28.60460541
-32.21201042
-33.43004512
-33.72133964
-31.66455086
-28.70874712
-32.87890646
-33.77025697
-33.91750619
-33.75710341
-33.79392455
-33.74138241
-33.71711804
-33.76539532
-34.71597906
-33.93368163
-33.18067930
-34.10341346
-33.88851532
-33.19869734
-34.26655071
-34.04340068
-33.75902998
-34.25542350
-34.20262285
-34.34705689
-33.51186869
-33.97277191
-35.24412506
-34.29174665
-34.44778426
-34.57596830
-34.39972207
-34.87002470
-34.75590630
-34.85635177
-31.34128431
-33.90662503
-31.86663070
-29.43922508
-29.64657736
-33.51167921
-33.84897863
-33.73205077
-33.73170141
-34.31011928
-33.62540487
-34.08951026
-31.27076977
-33.72607064
-33.76260914
-33.00110991
-32.64347919
-34.09719115
-33.66476230
-34.00847354
-33.53737779
-34.04359720
-33.77652643
-33.72965496
-32.93296820
-33.76235819
-33.78233806
-33.81726378
-33.79547963
-33.96462034
-34.57567239
-34.68612714
-34.41076437
-34.14039769
-34.64050164
-34.67823447
-33.53316498
-34.47734721
-34.35104771
-33.08706641
-34.52931900
-34.69180805
-34.64999378
-34.11944940
-34.33392281
-34.69215524
-33.95848632
-34.41641548
-34.94953632
-34.55555579
-34.38575527
-34.68071531
-33.32185092
-33.75003191
-34.29927716
-33.96980959
-34.41287223
-33.59494294
-33.36681254
-35.13985187
-34.52371430
-33.41038672
-34.33933176
-34.51684904
-35.29103820
-30.08565167
-29.65854391
-30.52847913
-30.64654804
-30.16702642
-31.08037414
-30.09286146
-30.05557006
-30.29796236
-30.55975283
-28.98370490
-29.92967305
-30.05954141
-29.61471275
-31.11674138
-30.28941678
-31.24158572
-29.05999930
-29.68881399
-29.87830248
-30.00091311
-29.58475016
-29.82741449
-29.07353025
-29.42958755
-30.39314375
-30.01714684
-30.42641527
-30.16603380
-29.72241407
-29.71962433
-29.21344164
-29.70718347
-30.45151238
-30.41809435
-31.85885847
-30.10008244
-31.11780245
-30.51539878
-29.70829902
-29.34597982
-29.69428751
-30.41179538
-30.47007776
-30.74048341
-31.62628262
-30.27882047
-30.38740582
-30.09237693
-30.15340407
-29.78167806
-29.87699113
-29.41743793
-30.25907066
-30.19731451
-30.09743023
-29.70897279
-30.07329376
-29.81060435
-29.67325052
-28.92428198
-29.34997895
-29.42121556
-29.66729058
-29.66044668
-29.74001115
-30.41123084
-32.00297814
-29.89761762
-30.43040481
-30.48150957
-30.23471544
-30.52939339
-30.54921782
-30.45046751
-29.23558685
-30.31819638
-30.38678910
-31.32156094
-30.13086718
-30.57581056
-30.06763580
-30.35123524
-30.06063489
-29.89164806
-31.19985328
-29.30972449
-30.25034324
-29.95500628
-29.78412806
-29.60073800
-30.37246941
-30.42263409
-29.30739466
-30.59152883
-30.52066607
-30.45911328
-30.85871071
-29.80971440
-30.60470079
-22.01726538
-22.51078598
-24.31316078
-24.16063650
-23.65109150
-22.92251640
-24.75020850
-23.44834405
-23.72666195
-23.10525794
-24.30516170
-22.75343955
-21.88158967
-22.22461746
-24.45847335
-24.18989065
-22.29910826
-21.64291804
-21.94387224
-23.11864750
-22.06509393
-22.61914584
-24.17635919
-24.82759927
-22.82929233
-23.68761239
-24.08262596
-23.45098742
-23.82574382
-23.75580994
-23.79489102
-22.78372350
-22.71904225
-23.92468171
-23.87936442
-22.23665021
-22.44159340
-24.06884138
-24.04378405
-23.07005293
-24.27950128
-22.29452957
-22.93623045
-24.20942623
-23.59718896
-23.45940787
-23.40976433
-23.46832171
-22.84718701
-25.33805837
-22.01358537
-24.14150615
-23.71565898
-24.89776051
-23.34149646
-23.52388799
-23.44440555
-23.23063913
-21.62704643
-21.19507537
-20.67677858
-21.42689330
-23.05427113
-21.77855370
-21.04617738
-23.70919390
-21.79791779
-24.22876256
-23.40815877
-24.69596993
-22.69762238
-24.13963008
-24.13708345
-23.75100727
-24.48505832
-23.46252594
-22.89876377
-23.57903489
-23.46909566
-23.98688712
-24.84995721
-23.33085960
-22.97127325
-24.30584577
-23.35214809
-24.34796801
-23.38084816
-23.54882064
-22.02091743
-24.12383855
-23.05576691
-23.12403798
-23.23966023
-23.34384368
-24.05245669
-24.64777308
-24.05289838
-22.76339247
-24.54678238
-24.31432039
-35.16116156
-35.91167705
-35.23377997
-35.78999039
-33.93825981
-36.19475905
-36.22051763
-35.58472864
-35.84843925
-34.32560759
-34.65227496
-35.28469445
-35.39062517
-34.81558776
-35.55372696
-34.43352933
-35.34193491
-34.89049605
-35.34911003
-34.95525138
-34.78225004
-34.92475768
-34.45467948
-35.56811957
-34.68221741
-34.88112577
-34.63952520
-33.79159129
-33.27046497
-35.23948873
-34.49882905
-34.34092572
-32.88400318
-32.86594186
-32.78504151
-33.97432136
-34.40722520
-34.25404110
-34.61546094
-35.24674685
-35.77230334
-35.14346094
-35.33452816
-34.98498020
-36.13214185
-34.57987852
-35.25362157
-35.83642110
-36.27090134
-36.06396603
-34.89510117
-34.96488087
-35.27913765
-33.04951981
-35.25940995
-32.84628761
-35.58224114
-34.99173506
-35.47745054
-36.06899248
-35.53934414
-33.08008090
-35.62198074
-35.06449075
-34.36723729
-34.24931235
-35.57937784
-34.70002137
-35.00983661
-34.97389933
-36.37014760
-35.38680649
-34.95208546
-34.99720441
-35.34234428
-34.89325346
-35.12142044
-34.98925820
-35.60234748
-35.10537177
-35.10384626
-35.10693535
-35.06861147
-35.38484870
-36.42031113
-34.67563938
-34.65824160
-34.91437816
-34.66190105
-35.67045634
-35.31546640
-34.48909765
-35.31590748
-34.65079051
-34.61348252
-34.95774797
-35.91602246
-35.69249520
-36.28387969
-34.32201322
-24.73318608
-23.44556447
-20.51494321
-22.71905519
-25.31661449
-24.44067330
-23.14291129
-24.55643492
-23.66542507
-22.31580907
-24.59479827
-24.16663746
-24.43097043
-21.04871974
-21.18179644
-22.39550779
-24.05070784
-24.95046642
-25.06231741
-23.52122013
-23.18705367
-24.23938677
-23.76442812
-24.24306799
-23.60088754
-23.76936932
-24.34851432
-22.87823185
-24.35118250
-24.23865235
-25.72733082
-23.69085678
-23.72090861
-23.42748743
-23.99358362
-22.40847600
-23.25419366
-23.21359844
-24.17423438
-24.36095421
-24.32894364
-23.45245574
-23.51556631
-24.92968142
-24.22839456
-24.83780978
-24.77301010
-25.00080961
-25.70062338
-24.11157367
-23.41217915
-22.90164238
-23.32306980
-24.40622249
-25.59834470
-24.05705638
-24.75936724
-24.05725107
-23.87245087
-22.95285925
-24.16755519
-24.26987157
-23.28345814
-24.35010422
-22.42214983
-24.71130951
-24.38245778
-23.99726975
-24.51722625
-23.02730385
-24.42504255
-23.37843808
-24.90132556
-23.16257405
-23.80375646
-23.66779561
-23.79889278
-24.56976907
-24.92546788
-24.42565407
-22.54358579
-24.79152129
-23.02152965
-24.74603653
-21.46633329
-22.54001954
-23.34952857
-19.71127704
-21.25789446
-23.71794007
-24.00706757
-23.27103134
-24.71235206
-23.23946212
-24.18334898
-23.51441502
-24.81188526
-22.13539820
-23.34092418
-24.04582828
-37.91428111
-34.83907347
-37.45610122
-33.84644148
-33.97690805
-37.62258349
-37.63604498
-32.89408614
-35.49388698
-37.51067620
-33.59609407
-33.36891151
-33.87559814
-33.92213769
-33.98784389
-33.95120651
-33.50880783
-36.21164605
-35.63249986
-33.09608707
-35.53885878
-33.62713017
-33.71186922
-31.69353910
-33.29174557
-33.72392162
-34.74600789
-34.15462888
-34.26438860
-37.90617314
-33.62235158
-37.18596707
-37.58719358
-34.31192561
-33.48201756
-33.62829711
-34.07364530
-35.75524062
-37.31121484
-33.51865227
-36.39342142
-37.01071726
-33.10501457
-36.86940332
-34.07594271
-34.58194678
-32.41408512
-37.44412484
-34.03151323
-35.42741149
-35.04865543
-33.18218159
-31.77603054
-31.33233479
-36.84520388
-32.03654232
-34.42118159
-34.65939941
-37.57762515
-36.41234052
-34.96349258
-34.02116365
-33.93418262
-33.93859982
-37.21268864
-33.13513211
-33.25622152
-34.09579044
-34.25290127
-33.57854207
-34.23197842
-33.60852851
-34.19096129
-27.32100392
-28.51165866
-33.51121452
-37.25741731
-37.87306810
-33.78947068
-36.95533757
-34.04119469
-32.86067204
-33.87618164
-32.93819616
-37.57878198
-33.98578443
-37.31175648
-33.38165021
-34.10154403
-38.27132743
-33.63219261
-34.74978506
-34.40497603
-33.25201254
-34.19579591
-38.10052788
-37.51864310
-32.60104012
-33.42685761
-33.28455650
-21.34615309
-21.42725554
-21.04813104
-19.62434379
-19.67717403
-21.55534696
-20.12147328
-21.45234537
-21.77219096
-19.85990373
-19.94304502
-20.10985599
-19.71099722
-20.01761323
-20.12953286
-19.95225435
-19.50651903
-20.00710868
-22.44524512
-21.27629347
-21.51119631
-20.05000121
-19.99896053
-20.50584592
-20.24361218
-19.81891925
-20.77273231
-21.29265457
-19.38243466
-20.06050486
-20.56759021
-21.22681181
-22.96888545
-19.69481444
-20.84684602
-21.77288337
-19.91589413
-19.84688486
-20.23525901
-19.74866384
-19.83496914
-19.94292134
-21.09351157
-22.20461279
-21.28505140
-19.27020759
-19.35444108
-20.24318055
-20.34603008
-19.45907839
-23.13567609
-19.76183237
-19.67376433
-19.23461723
-23.36412145
-19.38400628
-20.22602206
-20.32948529
-20.92909498
-20.27669318
-19.57450068
-20.18103365
-20.96557038
-20.87351637
-21.01181934
-18.79788310
-19.64424440
-19.54361625
-20.90097121
-20.04438319
-23.50406862
-20.17454521
-23.33362037
-19.57183342
-21.01752074
-20.67153742
-21.84898640
-22.98206451
-20.91139843
-20.78931243
-19.66340296
-19.63725454
-20.03006698
-21.98490239
-19.83119365
-19.31800847
-19.62792065
-21.48803288
-20.47657195
-20.27131801
-20.42337362
-19.97279273
-21.36746035
-20.40731787
-19.70405226
-18.44455649
-20.81519122
-19.72199135
-19.63159492
-20.05982859
-23.76442966
-23.51466251
-23.07666473
-23.54772859
-24.45373632
-23.59246490
-23.05075289
-23.93783181
-23.84527820
-24.20791012
-21.93830398
-26.33364317
-23.61468321
-23.35919497
-21.96030977
-22.45447458
-23.16047454
-23.53384969
-22.95240174
-23.75215483
-24.44084247
-22.74385363
-22.78183534
-23.86909944
-23.17397875
-24.67534499
-24.83244763
-23.40258800
-24.26826434
-24.10506683
-24.81971456
-24.75441251
-23.60474854
-22.00189271
-23.26601270
-23.24839651
-23.60007604
-23.01315680
-23.52084847
-23.62699106
-23.41286428
-23.31306439
-23.15951579
-24.07103944
-24.73061228
-23.33385446
-24.83259622
-23.95879507
-23.76813006
-24.70904777
-23.21326570
-24.29873748
-23.55251812
-23.97917868
-23.91451551
-26.54522342
-23.00790461
-23.21749272
-22.61691032
-23.94685637
-22.97704193
-22.11312311
-22.81431104
-22.94869786
-23.08237612
-22.88487820
-22.44621278
-23.61060210
-23.28570703
-24.05552599
-22.53255601
-23.82360544
-22.42831095
-21.80517879
-22.61852517
-22.56891418
-22.34626725
-22.02886783
-24.24447913
-23.31060385
-26.10439280
-24.00603731
-23.26863920
-23.25861734
-22.53575589
-23.26398791
-23.19704885
-22.42703130
-23.07945417
-23.30966633
-22.78110208
-22.62155956
-24.00966996
-24.21322396
-24.08117819
-24.00029026
-25.06401821
-22.67189710
-23.19474876
-24.22706508
