-35.29773623
-35.68092082
-35.34601460
-35.48159803
-38.21899997
-35.30721451
-35.82975554
-35.53190909
-35.85257924
-35.30573662
-36.11533490
-35.85397225
-33.32061574
-33.01407774
-33.50383188
-38.18844591
-34.66705492
-32.92971727
-37.18337130
-34.47587142
-35.45049216
-34.55225168
-35.96453187
-33.34332683
-36.59755352
-35.14008737
-34.39097119
-35.41218952
-33.82998198
-36.85776875
-36.86177866
-37.34823898
-36.86837969
-38.20838573
-33.94491077
-33.83202290
-34.80998945
-34.60851555
-34.24513827
-37.61628153
-34.82178952
-34.01614360
-33.73422654
-37.15901080
-34.29165382
-35.70198877
-35.61336806
-34.89813389
-36.75924285
-37.96392073
-34.78017652
-37.29650586
-36.63053207
-34.58697498
-37.10855007
-38.22878059
-38.20110655
-38.21400045
-37.28463654
-34.85972099
-34.30048603
-33.05057053
-35.23262549
-36.59272451
-34.81916247
-36.53103790
-32.43840199
-33.92129208
-32.93239544
-36.58445377
-34.77170430
-38.30634812
-36.72748719
-34.81739005
-35.58554990
-36.77099615
-34.29155609
-35.76765605
-34.64074043
-34.59932873
-34.50087491
-38.19653315
-36.14600381
-35.68858642
-37.95075709
-34.70655398
-36.68981168
-36.59889164
-38.27336858
-35.31552611
-35.12221304
-35.45398550
-34.66679533
-35.75677807
-33.37655586
-37.03880795
-32.87431168
-35.73439529
-35.61079949
-35.74691371
-38.64750851
-39.65748196
-37.17060527
-37.67767494
-38.83347778
-37.62475138
-37.37506546
-37.57355930
-38.41236333
-38.40424836
-38.92176661
-37.92286818
-38.84861301
-37.88656671
-39.34242452
-38.72379336
-38.55568376
-39.62594217
-39.10770347
-38.33329814
-38.94514409
-37.40447145
-38.66288374
-38.97000741
-39.03501006
-38.32050666
-38.33722232
-38.21210423
-39.17890780
-39.86385959
-38.52191736
-37.69933240
-38.10058724
-37.36473863
-39.10147441
-38.22802801
-39.19092834
-38.98638695
-39.44622818
-37.21259748
-39.48446153
-38.75389909
-39.30597296
-40.01775005
-38.68494485
-38.75302816
-38.72231987
-39.13834568
-38.25748654
-38.51393165
-38.45797905
-38.66560008
-36.93266047
-38.22338308
-36.86485354
-37.05446484
-37.43558031
-37.50658862
-38.29983732
-38.81153627
-36.45947854
-38.17035799
-37.64272554
-37.78089827
-37.35679728
-39.62939748
-39.58881933
-39.30596918
-37.87948661
-38.10645694
-39.28594048
-38.44030589
-38.36562896
-37.36873236
-38.69452966
-38.35694851
-38.06936713
-37.75337735
-38.75929119
-38.52063609
-37.93386134
-39.38638820
-39.98685708
-38.22731973
-38.19222344
-40.17645604
-37.69746964
-38.78212322
-38.62751503
-38.74077489
-38.57510993
-38.70402067
-39.33675100
-38.56468799
-40.00186538
-40.04285320
-38.62894830
-37.66297229
-38.59217780
-38.70324195
-25.66090843
-25.58715225
-21.02139353
-23.22736388
-23.21471422
-23.65536156
-24.15856993
-24.83211425
-25.39089702
-25.55227791
-29.60140672
-28.31286413
-29.28150831
-28.46055269
-28.19582827
-28.40872392
-31.58637981
-30.17785158
-29.41042388
-29.08410514
-31.22398686
-31.11185228
-29.39614788
-29.22890975
-30.63155232
-31.20756420
-29.45655144
-29.61199877
-29.64531023
-29.70020228
-29.64545090
-29.66129420
-29.49353413
-30.02375178
-27.18774957
-25.71551652
-28.09049676
-26.69959629
-29.43267720
-27.87281814
-28.18718540
-28.72842165
-29.02512577
-27.67829640
-29.35613856
-29.00280474
-31.02937967
-30.27058569
-29.51756562
-31.15404433
-30.61656433
-29.18341452
-29.31791683
-30.24036142
-29.53163954
-29.41637566
-31.47489239
-29.48345116
-29.38971914
-31.13643836
-30.29143141
-29.38671694
-29.41245786
-31.24575965
-21.28141582
-20.82990995
-19.74924934
-19.48894346
-19.38700289
-18.18993921
-21.16538363
-21.87574710
-27.72886855
-19.65205626
-31.29982717
-29.08016792
-30.89954060
-31.04036333
-30.57558062
-29.60396684
-30.41941265
-29.39771919
-30.15376037
-31.06937286
-30.55458993
-29.37350109
-31.15601007
-29.75851208
-29.22697410
-30.58345139
-29.43336800
-29.44916750
-28.98197939
-30.42877779
-29.40648795
-29.92904029
-29.40009118
-29.69583712
-31.26470360
-29.39636979
-41.59093735
-39.93898648
-41.31114566
-41.89088486
-41.88959043
-38.69481809
-41.89088486
-39.07002989
-41.32561001
-39.40293936
-40.16686028
-40.99220924
-38.98579103
-41.42749733
-39.36051358
-41.33429173
-41.87047209
-41.06814230
-41.87047209
-41.74101821
-39.41256370
-41.36223349
-39.04231090
-39.22027881
-41.30566107
-39.06871021
-41.32394208
-40.23406789
-39.01779775
-38.19217467
-38.91127175
-41.00287342
-41.15205985
-41.10175730
-41.22720134
-40.43102049
-41.00211313
-41.00363441
-41.00363441
-40.94671688
-41.00973628
-41.07303375
-41.20779698
-40.53077033
-40.49999973
-38.22547352
-41.09250726
-40.73311231
-38.88296244
-36.58162224
-40.02990459
-38.60778013
-41.87737846
-41.87923413
-41.88349070
-41.88479496
-41.41835618
-39.04016357
-41.02508008
-38.13255619
-38.60379253
-38.53999872
-41.23290408
-41.16613411
-38.80927051
-38.56508723
-38.70887692
-40.70346430
-39.56991494
-40.34903357
-38.62298955
-40.87036525
-41.58719493
-41.51422183
-38.87486331
-38.28075097
-38.13196847
-38.29476362
-38.98071078
-38.19876206
-38.75414311
-41.29386635
-41.26296038
-41.56513759
-41.17537719
-39.77072424
-40.45709880
-38.25960099
-38.01577949
-38.30180002
-38.01081751
-35.62063183
-39.76692721
-36.89927535
-39.61835936
-40.89424467
-41.88218698
-41.88403955
-41.87365584
-41.87551853
-32.91213053
-32.69529577
-32.34520529
-32.92942373
-33.08454344
-33.05163163
-32.71956649
-33.37988745
-33.09088923
-32.70659997
-32.67496045
-32.21510841
-32.75153847
-33.30820462
-33.26355973
-32.97879560
-32.78743864
-32.79198234
-33.30112402
-32.60045503
-32.79723269
-32.64054658
-32.70358150
-31.87265517
-32.51308143
-32.41152516
-31.79475479
-31.99980408
-32.48537324
-32.65086018
-32.19246161
-32.82662569
-31.81365310
-33.32113457
-31.99175721
-33.20238328
-32.20896541
-33.47507013
-33.37382676
-32.02862056
-31.29513001
-32.50024576
-32.71086669
-33.21951263
-32.72047240
-32.87452091
-32.64419791
-32.69601216
-32.19398829
-32.63719925
-31.91152310
-32.69850801
-32.78806074
-32.71204917
-32.70343243
-32.71518912
-32.59227974
-32.64588173
-32.78537012
-32.65573163
-32.67498939
-32.70407735
-32.61923446
-32.84647474
-32.64409599
-32.36110624
-32.66923559
-30.24747392
-30.09961468
-31.17651435
-29.92469663
-32.30696800
-31.33326970
-31.67502053
-31.56400129
-32.26429942
-32.45386765
-33.29131465
-31.14518774
-32.44954456
-32.21955823
-32.24700910
-32.36344511
-32.25357378
-31.40883710
-31.87522096
-32.81573530
-32.23640968
-32.72231831
-33.21641086
-31.98579082
-33.21436984
-32.79855331
-32.60214971
-32.71108766
-32.70050984
-32.85218124
-32.35100638
-32.67804134
-30.92186797
-31.66665344
-31.66638015
-31.52429218
-31.97516484
-31.92179938
-31.20509295
-32.04225696
-31.83465830
-31.29283604
-31.57716758
-32.39841096
-31.68944144
-31.96009013
-31.24255186
-32.01017932
-31.03925633
-31.97366854
-31.87502989
-31.91268290
-31.27678784
-31.85106627
-31.27242126
-30.74217431
-31.82678871
-31.19756966
-32.10207299
-31.25092630
-31.15557268
-31.31233349
-31.04741240
-31.00991197
-30.93132323
-30.70780293
-31.15434799
-31.70792308
-32.19452690
-31.15918176
-31.43198146
-31.36003222
-30.89064942
-31.17937559
-31.03606370
-30.88302493
-31.44657699
-30.88924809
-31.41211706
-31.04353878
-31.49868069
-31.66795616
-31.51090811
-31.23423985
-31.80772178
-31.67022191
-31.61359645
-31.88578000
-31.62023962
-31.84133189
-32.17784762
-31.16265290
-32.69764061
-31.44843586
-30.81495871
-32.52808763
-31.78112875
-31.26302872
-30.90148509
-31.20157086
-31.04615255
-30.87303606
-31.13191373
-31.57228534
-31.31001578
-31.04019786
-31.34696832
-31.70886478
-31.19552120
-31.00870999
-31.09263822
-31.04101764
-30.69467115
-31.36669633
-32.01308882
-31.91935150
-30.72859006
-31.49752958
-31.76054065
-30.69736196
-31.41097210
-32.05804127
-31.28835403
-31.20374810
-29.90088577
-31.29695558
-31.50028449
-30.13288941
-31.57421505
-31.03417248
-31.27899731
-31.81961269
-31.92899978
-41.40064261
-40.92414746
-40.36196538
-42.84438879
-41.10105826
-41.25325806
-40.99367777
-41.14039901
-40.52871969
-40.97250381
-40.16846009
-42.78742912
-40.92282745
-40.50048632
-40.33517547
-40.49146109
-42.10059588
-40.13597654
-40.79386747
-38.46963370
-40.36484879
-40.08814550
-40.41819919
-39.34316408
-43.00684251
-40.21762614
-41.19176229
-43.06675925
-40.45843045
-41.03503004
-43.44585143
-38.57883917
-41.15351891
-43.47269226
-43.28283104
-41.35735916
-41.01705940
-41.47067701
-40.91184215
-39.38479989
-41.26289418
-41.66181739
-42.87409371
-40.95346853
-38.58864624
-42.86859801
-43.08348260
-42.05127470
-41.02816043
-44.33141076
-42.57292849
-43.39840831
-43.36804728
-44.60669728
-42.02077861
-42.65239839
-42.59709879
-40.32213338
-42.60935122
-43.68223999
-42.17756338
-40.63544879
-42.07708263
-42.00407079
-39.48429356
-42.09274384
-40.45112089
-39.42735889
-39.69429914
-41.15587267
-43.46813129
-42.87927904
-43.12325726
-41.51369617
-43.64309730
-42.65548855
-42.56054583
-44.67035492
-44.68592068
-40.72810158
-43.44713175
-42.86822475
-41.63888166
-42.90958082
-42.92443398
-41.05207098
-39.81018665
-40.38198961
-39.00641153
-42.85406778
-43.82382521
-42.75961026
-43.59094154
-42.48421657
-44.69053332
-42.54408285
-43.60101759
-42.86264403
-40.58582669
-40.75592152
-29.89805100
-30.17578380
-29.71823303
-29.60437995
-28.98789919
-30.30650222
-28.90917078
-29.13708823
-29.68067030
-30.31919505
-30.47641789
-31.06790811
-30.34278559
-31.02947063
-29.46144215
-30.89602512
-30.67122081
-30.78952771
-30.90056183
-30.55116729
-30.27912445
-29.86674462
-30.20924903
-30.53188526
-30.74829816
-30.20664544
-28.98298079
-30.17528623
-30.13972862
-30.09879405
-30.76455255
-29.95325085
-29.37257927
-30.17514546
-30.48959980
-30.23165701
-31.37354136
-26.21144949
-30.25169089
-30.44872503
-29.12623715
-30.64561290
-30.48222216
-30.92724451
-30.58789499
-28.91891746
-30.11318621
-30.66531130
-29.51016039
-30.01730462
-30.03826274
-28.97834490
-29.02590484
-30.12532310
-29.42861330
-30.32004593
-29.89715522
-30.47229926
-29.48579411
-29.24241778
-30.65473815
-30.65588632
-30.34719258
-30.19664394
-30.60818354
-31.11328738
-30.87523790
-31.22042928
-30.21078212
-30.79210347
-30.98164557
-30.66906679
-29.80120791
-30.70471811
-25.99478206
-28.82778645
-26.52654933
-26.30289028
-27.35442381
-25.97633329
-30.73338701
-30.46242285
-30.64028270
-30.84576285
-29.99811041
-29.30809423
-29.88117675
-29.10898147
-30.41637529
-30.40640660
-30.25815731
-30.61811142
-30.62004801
-30.32962796
-30.99133357
-30.52835933
-29.34521361
-30.13791841
-31.16046624
-31.05999046
-26.19698605
-26.13451584
-25.54333623
-26.52423317
-26.01089764
-24.43349049
-26.25043364
-25.98053526
-25.96606857
-26.48630982
-26.92120879
-25.60568187
-25.33041320
-23.87712681
-24.80793153
-25.18879927
-23.26963521
-23.42544728
-24.98015338
-25.14394947
-22.68862652
-25.11306870
-24.89228903
-25.68591952
-23.24248750
-24.72184236
-25.76850223
-24.35558456
-25.18460917
-24.44601246
-25.36291731
-24.23460964
-24.86708065
-23.66982898
-27.13449249
-24.83530869
-24.91108628
-24.52367434
-25.32656801
-27.24376728
-26.03902715
-26.82774318
-26.31534379
-29.75925236
-25.61704755
-25.58374642
-27.03992325
-27.21733446
-26.84416636
-26.39986420
-25.81866933
-26.52880442
-25.85859244
-25.65083223
-25.90229035
-24.90406833
-26.43502966
-26.30569588
-25.00063508
-24.40952715
-24.27238593
-25.01131139
-23.91409220
-25.14953449
-24.21359495
-25.02121211
-23.60282065
-24.87982840
-24.88103341
-25.82558267
-24.50494550
-25.77495825
-25.75512697
-25.70430975
-24.37829759
-24.99157430
-25.21231979
-24.95816619
-25.51468742
-22.78732682
-21.96321932
-23.72572196
-21.76804288
-21.83140298
-22.79793830
-21.74291550
-21.62260157
-21.46802327
-21.14472036
-24.79930386
-25.69444993
-27.39055851
-26.47223626
-26.48525576
-26.64280795
-28.34340055
-25.26627413
-27.19521645
-24.30770206
-27.03853915
-31.44377003
-31.23139512
-35.06326797
-35.14333632
-33.14980832
-33.70030876
-31.78368813
-33.83148762
-34.90128143
-33.73631394
-33.17102804
-33.66539768
-32.80351642
-33.48120073
-34.78546703
-33.58917603
-32.52623328
-33.11431186
-32.88205357
-31.59221032
-32.69918528
-33.17494610
-33.48064032
-31.84708935
-35.03918730
-32.52078207
-32.49085726
-31.69812941
-31.54822917
-31.67301656
-33.30833012
-33.07855666
-31.18615086
-31.24928978
-32.93886676
-32.27194708
-34.77637857
-32.37239647
-35.04106735
-33.03545555
-34.11603647
-32.97878947
-33.71120922
-32.88980420
-32.40172251
-32.96001578
-33.56167909
-33.83038784
-32.85576324
-31.84326156
-35.08380542
-33.48240216
-35.06464075
-31.64320792
-35.34915818
-32.68181653
-31.76227018
-33.70378203
-31.70902653
-30.88119232
-32.75605842
-30.87216148
-32.60453176
-35.01627756
-31.57228611
-34.91564018
-31.72599178
-33.46701734
-33.16308053
-33.62834293
-32.07393979
-34.41376316
-31.63405226
-32.81833906
-33.58476790
-32.93543025
-32.95888406
-33.43330313
-32.78429265
-33.41318773
-32.89166597
-33.51967268
-33.83071268
-30.90293807
-32.70478010
-29.16033772
-31.90879922
-31.26953546
-32.83750385
-32.43994775
-35.37822748
-32.98184042
-33.14673414
-33.22737348
-32.85477185
-32.35601635
-33.05602439
-33.06691819
-32.36052153
-31.06029480
-32.14709642
-34.22897378
-33.07674511
-32.92229935
-33.27223384
-34.25458298
-34.67514441
-34.34019949
-34.10545043
-34.52083002
-34.34168392
-34.37130486
-34.28396439
-34.37167238
-34.64819946
-33.93365724
-32.57368415
-33.51435620
-33.84550544
-32.91063914
-33.62896036
-33.19481802
-32.35094836
-33.46497797
-32.71119225
-33.58266883
-34.04040180
-33.77686474
-33.63418624
-33.62108927
-33.60276172
-33.04485310
-33.10051176
-32.91434102
-32.72382446
-36.45956138
-31.18252810
-32.51313305
-32.48543280
-33.57108411
-33.32536180
-33.10316356
-33.25044599
-33.97208248
-33.11444826
-32.69893762
-32.40894642
-34.30538477
-32.81157238
-34.32558349
-34.49601871
-34.37989231
-34.32393809
-34.08634224
-34.16763724
-34.38781905
-34.33963094
-34.52046311
-34.23447128
-32.69533609
-32.91350291
-32.91872008
-33.44216807
-32.72733710
-33.15788696
-33.84190116
-33.28245096
-32.90503606
-34.06255006
-34.14056689
-33.57192253
-33.54224903
-34.29848736
-34.03003430
-34.13801962
-34.01327833
-34.23642430
-32.67606929
-32.82496468
-33.23170986
-32.44554085
-32.88678740
-32.89138889
-32.76390859
-33.73649481
-33.05922956
-32.97278179
-33.10743386
-33.05868688
-32.76736537
-32.95747724
-33.18578247
-33.41681241
-35.39382597
-34.62304086
-34.41523358
-33.90052199
-34.56505904
-33.76589967
-34.69287323
-24.09196221
-25.08406720
-26.95847154
-23.58676801
-22.79000682
-23.07753950
-22.29738501
-23.13608605
-25.24504304
-25.26501093
-24.39807606
-25.12669214
-25.95699561
-22.49406384
-25.59650167
-24.89883081
-23.90123686
-24.71182180
-26.08018525
-24.51303294
-23.73213596
-23.10704621
-24.57540570
-23.19723926
-24.80838217
-26.00547962
-23.73223239
-24.71470711
-25.33052413
-23.86436451
-24.82336663
-25.06421482
-24.34045607
-24.28034871
-25.81043499
-25.08558964
-24.73816315
-24.89117795
-26.11023748
-24.36857064
-22.89498445
-23.48804351
-26.49884169
-27.02122195
-26.30538409
-26.93856679
-27.63290447
-23.89258303
-25.13500631
-25.93842542
-27.12119490
-27.29105986
-26.44783501
-26.59498719
-26.87312436
-26.27967097
-27.64496874
-28.38090087
-26.72519982
-23.32045245
-25.10058945
-24.29579488
-24.37094299
-24.40933814
-25.00061677
-25.12946437
-28.17342807
-25.23893599
-25.26753663
-24.96601903
-24.77219157
-24.25423018
-25.54749456
-23.58262696
-23.35311628
-26.25413427
-27.16049694
-26.25002894
-24.27795312
-25.26938367
-26.60282945
-25.07720882
-24.78347157
-27.94045248
-24.22634865
-25.17319781
-24.67305344
-24.78637813
-24.75816097
-24.50536416
-25.10548519
-25.04069530
-25.06833087
-24.65289510
-24.24275852
-24.33061419
-24.39707117
-23.54795867
-23.54920835
-22.69320115
-44.98830361
-45.14635639
-45.51835826
-45.11567776
-45.03011049
-45.25575280
-45.37616461
-44.80392480
-45.10893940
-45.70118835
-44.37566824
-44.92829120
-44.93721045
-45.19889251
-43.20784578
-45.29904910
-44.11789615
-45.35104423
-45.07692270
-45.11624791
-44.87973803
-43.86178645
-43.54601419
-43.16033327
-45.03391184
-44.28604038
-45.20537866
-44.54494632
-43.20090517
-45.15939481
-45.24990642
-45.35969208
-44.96131563
-44.91690734
-44.64727341
-44.60927085
-43.70271976
-44.95053974
-45.03328912
-44.94968788
-44.77402211
-44.92122335
-45.16663622
-44.80860470
-44.15355148
-42.58607370
-44.58802714
-44.73971381
-44.75624376
-44.89684658
-44.59850835
-44.58187720
-44.91254820
-45.33943980
-44.95849026
-45.48050690
-44.99010066
-43.95753729
-43.86603834
-45.48289626
-43.77230701
-44.91265098
-44.34238667
-45.12847135
-43.96737719
-43.99031013
-45.35282129
-45.17359892
-44.13406324
-44.48847828
-43.28651407
-44.28035444
-45.02391237
-45.44539066
-44.13315086
-44.06595979
-44.84343616
-45.28858551
-44.86748475
-43.89585282
-44.01932395
-44.00851161
-44.84580538
-44.03507630
-43.66853560
-43.97811967
-43.93840884
-43.95248937
-44.31369453
-44.46550899
-45.11123193
-44.79437143
-44.50312453
-44.76177095
-44.93454604
-44.96690233
-45.01847495
-44.16076929
-43.88947675
-45.15287948
-38.50862071
-40.67355434
-38.04092888
-39.23334339
-39.33021380
-38.84966125
-39.43573978
-40.93877192
-38.65970333
-38.92681664
-38.13060164
-36.90457867
-38.51010063
-36.19597849
-37.47130984
-38.55256711
-38.58669899
-38.66401190
-38.45743358
-38.55597843
-38.04572098
-38.68081933
-38.74900430
-38.23883948
-40.86521824
-39.87350942
-38.37756463
-38.65704029
-38.07194083
-36.39912850
-37.98840549
-38.55827135
-38.63444923
-38.73721235
-38.68658819
-37.94436592
-40.86979579
-40.75868104
-38.86816240
-38.61164273
-40.86521824
-39.35818754
-37.58246422
-37.89561516
-38.81448478
-39.68474464
-37.84059534
-39.20399149
-37.27170977
-40.60722087
-38.58722401
-38.41176762
-38.29038756
-37.84456378
-38.36022398
-38.28795916
-38.72390562
-38.85566110
-37.07246770
-36.76388955
-36.76972644
-38.62598071
-38.22100626
-38.01529361
-39.04664238
-38.33901975
-38.66750515
-38.63267391
-38.49156291
-38.64370842
-36.89527960
-39.08110037
-38.78249020
-38.13105815
-38.19285666
-39.53111568
-38.65508451
-38.60236939
-38.96503992
-38.42306079
-36.17349486
-37.55713105
-38.34490177
-39.01725210
-37.39196855
-37.73549488
-36.19061081
-38.04040622
-39.10041972
-38.21811278
-38.67783883
-38.02923733
-38.04339227
-37.13297851
-34.46168513
-38.62354234
-35.44333617
-39.34423735
-36.22751969
-39.34516227
-29.12204586
-29.13547713
-29.10319588
-29.45334785
-28.63076620
-29.04196085
-28.19683983
-29.08146410
-29.33430173
-29.29252818
-28.97955142
-28.30483078
-29.06787307
-28.82138772
-28.74145787
-28.77608781
-28.68541070
-29.04964212
-28.48817882
-27.94578214
-29.14198645
-29.06509384
-30.05871672
-28.32957197
-29.20235925
-28.80517172
-28.68329742
-29.68991591
-28.99937286
-29.75726698
-26.43399253
-28.10366746
-29.04875797
-28.63953445
-29.02118030
-29.32408129
-28.75828652
-28.25041819
-30.12319594
-28.98557492
-29.16657467
-28.63308127
-28.39726299
-28.70711810
-30.09821520
-28.71103317
-28.44228020
-30.20498087
-29.27567468
-30.16514686
-28.82979519
-30.11827169
-29.79362496
-30.19153484
-29.11826660
-28.56717306
-29.32248100
-28.78566167
-28.66377672
-28.64954685
-28.52809633
-28.66597385
-29.65210106
-28.60951462
-27.65855526
-28.65244654
-28.43694745
-30.11214579
-29.30606206
-29.03864431
-29.00355885
-29.07264776
-28.79978722
-29.23720796
-29.10028703
-28.22256477
-29.16013330
-29.98597830
-28.34571684
-29.56154854
-28.97452393
-28.72837207
-29.22081409
-29.92469597
-29.11622695
-29.87687508
-28.95727352
-29.06325177
-28.44975529
-28.27955492
-29.53195573
-29.91176747
-28.53328171
-29.50087038
-28.96997857
-28.27733184
-30.16738044
-29.65940882
-27.92458412
-28.48933758
-42.65855591
-44.82147616
-45.03572238
-45.44437279
-44.38920216
-44.38920216
-43.91981018
-42.01363148
-42.56813705
-42.86048202
-42.76052373
-42.85414648
-45.70098486
-42.99856101
-42.38947837
-40.78625278
-44.78560664
-41.96820103
-43.21722196
-42.78729622
-43.40706069
-45.43535549
-42.91330639
-42.93162912
-42.99559604
-42.99885487
-43.01122553
-40.78478266
-42.15799628
-42.81890314
-42.83458548
-42.82496541
-42.82111535
-42.80559940
-40.40273832
-40.08595198
-39.75824144
-40.22778579
-42.80504965
-43.01716325
-43.84887652
-43.22582779
-45.06065667
-43.64929677
-43.22702235
-42.67547525
-46.04593793
-42.99596167
-40.38149550
-42.84563016
-42.83974592
-44.36650929
-43.02284691
-43.01756505
-43.01875091
-43.01516715
-43.04140159
-42.16256000
-43.02885401
-43.01617926
-42.29079177
-42.80076925
-43.31513475
-44.93669393
-43.90824701
-47.08548385
-43.66353841
-43.24228347
-43.22285389
-42.49277353
-43.25352630
-46.76872234
-45.02779567
-44.78979925
-42.49022966
-42.69978203
-45.30509235
-45.39224701
-43.54651695
-43.46782428
-42.68532488
-42.65928521
-43.08493319
-43.11199088
-42.42105349
-43.19010632
-42.37287961
-43.93993422
-44.11489606
-43.26446442
-42.99799356
-44.66863212
-44.66863212
-44.66863212
-44.66863212
-44.66863212
-44.66863212
-44.74847613
-44.66863212
-44.66863212
-30.18274590
-29.14621043
-30.73574834
-31.78605470
-31.28518323
-31.15682676
-29.83252174
-31.36345689
-31.30990050
-31.65665270
-29.98390975
-31.12968988
-29.51010773
-31.26427506
-31.60737087
-30.47510726
-31.25284453
-31.90223890
-31.37975363
-31.62916416
-30.40199297
-31.34034134
-31.96933225
-31.65652239
-29.94861011
-30.24834900
-30.98626824
-29.38037618
-30.13230157
-27.51215721
-28.89488410
-31.91488990
-31.55852052
-29.99902759
-31.02244421
-32.04432849
-30.96788390
-32.03880320
-32.03880320
-32.03880320
-32.03880320
-28.12837489
-31.15752109
-31.47790624
-31.46495968
-31.65162894
-31.58957608
-30.08061976
-29.20123671
-29.20333038
-29.03058263
-31.50367605
-32.09366962
-32.13573929
-31.54727860
-32.20081310
-32.13573929
-32.09257365
-32.03880320
-28.49280793
-28.38465354
-30.80110504
-30.40988373
-31.04224351
-30.83699386
-30.80495144
-31.94266271
-32.25760524
-32.13573929
-30.91540907
-31.44182248
-31.83621172
-31.27753260
-31.11234563
-29.40041850
-31.96221812
-31.98421164
-31.35708173
-29.98826200
-29.21079182
-32.13573929
-32.04432849
-30.37231698
-30.40779911
-31.49386183
-32.05999267
-30.85415145
-31.47926863
-31.44110078
-28.85647276
-29.15586608
-29.81747566
-29.59147992
-30.19048878
-29.04055816
-30.82745123
-28.43393549
-29.60666544
-28.90782345
-30.28612754
-27.56806545
-27.64054757
-25.13079032
-26.83931005
-25.66352165
-27.65934024
-26.50919251
-27.62609853
-27.52682163
-27.92575983
-27.75040583
-27.54869913
-27.63416657
-27.53295818
-27.84576059
-27.78838400
-27.46528383
-25.50736807
-27.42812578
-27.32609728
-27.80719319
-27.67956408
-27.53358229
-26.40523898
-27.74991570
-27.49545188
-26.01687481
-26.42116474
-27.66317513
-27.70215255
-27.65216525
-27.44784258
-27.13298176
-26.73956723
-25.93938293
-26.93544504
-27.60984172
-26.64485012
-27.66947913
-25.98843876
-25.82481231
-25.55477871
-24.40400129
-27.04997411
-25.77617319
-26.16772763
-24.42669755
-24.41825610
-26.82399862
-27.67615602
-25.27339372
-27.94556286
-27.27046439
-27.83971273
-25.98199854
-25.57710403
-27.48342983
-27.63878337
-28.08726243
-27.62032925
-27.60901031
-27.47791538
-27.46904149
-27.49260660
-26.13493143
-25.95316078
-27.81747706
-26.63047799
-27.78946886
-26.15793337
-27.60887335
-27.67875747
-26.03346943
-26.60312640
-26.46655335
-25.53576242
-24.66209859
-26.10757212
-24.37725304
-24.84399180
-24.15657386
-24.56364361
-24.28091752
-26.79566775
-26.64946411
-25.35599263
-25.02140231
-27.43335656
-27.08088300
-26.62240445
-25.72298910
-26.21984510
-25.64062512
-25.80413568
-26.71397018
-26.40102221
-26.82130375
-24.82111567
-21.48824405
-24.77323953
-27.38179163
-26.64623928
-25.11591569
-26.09155536
-27.42067496
-25.76713560
-26.56630459
-26.20793665
-25.57438988
-28.49679648
-28.76441283
-25.42504817
-26.22501826
-27.08364302
-25.92046613
-25.63325451
-25.04940506
-26.59102509
-26.91235754
-25.36934037
-25.67184471
-26.59920648
-26.78274724
-26.53176907
-26.88227026
-23.67253041
-25.92931374
-25.76807608
-25.29944488
-25.68365143
-26.33346567
-25.01898302
-28.09374169
-25.22820267
-28.44616659
-28.28267458
-27.08762935
-25.49530538
-25.07092599
-26.41212596
-26.53490383
-26.88171442
-26.40397913
-27.31075985
-26.24120521
-25.61284544
-26.80727758
-26.27922609
-26.42429550
-25.86278207
-26.84011056
-26.27643524
-26.17124823
-25.60465200
-27.66951479
-28.35728975
-26.21202332
-25.92986523
-28.22316622
-28.42427982
-26.36995434
-26.26417959
-25.10622242
-26.80311851
-28.91551157
-27.66583332
-24.46627008
-26.63145536
-25.41495070
-26.02929158
-25.58406172
-25.47176408
-28.51038129
-25.18480352
-24.67908910
-27.83013064
-27.79118635
-26.44700784
-26.61029726
-24.61089169
-24.28341410
-25.36277195
-25.55543070
-24.48676336
-24.95004373
-27.56518240
-27.00269886
-25.96027113
-25.46744199
-25.70880330
-26.78557807
-26.08849741
-26.71230988
-26.72618535
-25.71323953
-24.67774328
-23.72432565
-28.27089834
-26.67772510
-25.78942522
-45.14584482
-45.14584482
-45.14584482
-45.14584482
-45.14584482
-45.14686649
-42.68207412
-45.14686649
-45.14403776
-45.04215370
-45.14301500
-45.14301500
-45.14301500
-45.14301500
-45.14204389
-45.14106895
-45.14584482
-45.14403776
-44.21924696
-46.13785923
-43.59736289
-43.73104908
-44.17157402
-42.73727511
-43.72424166
-43.34855236
-42.18846167
-42.76434806
-44.40036671
-44.03537611
-43.67972563
-43.60240343
-42.74499966
-42.85759650
-44.06393114
-39.15934760
-39.75645225
-41.70905046
-43.01021559
-44.88138942
-42.78821291
-43.33906487
-41.35221718
-43.88133695
-42.05597779
-45.14584482
-45.14584482
-45.14584482
-45.14584482
-45.14584482
-44.44314105
-45.14584482
-45.14584482
-45.14584482
-45.14584482
-45.14584482
-45.14584482
-45.14584482
-45.14630118
-45.14584482
-45.14584482
-45.12644118
-46.10324306
-45.00859281
-45.14266304
-45.14004253
-45.14198343
-45.24839015
-45.14004253
-45.14106895
-45.14106895
-44.77649520
-44.14065371
-43.56829089
-43.53259082
-40.65818561
-43.93727777
-42.29986553
-41.40222461
-44.25869243
-43.62924626
-44.30127871
-43.90750021
-43.85638126
-43.35875340
-44.26773376
-42.94008488
-42.38950001
-43.08820316
-43.51520679
-45.14686649
-45.14686649
-45.14584482
-45.14686649
-45.14584482
-45.14584482
-43.58901756
-45.14686649
-45.14686649
-45.88596752
-31.43973985
-28.91669067
-30.26965060
-29.39599280
-29.27123954
-29.15376204
-31.43737118
-30.59452207
-28.88564413
-30.17626227
-28.53171220
-29.42263250
-29.35287774
-29.02219613
-28.56805217
-29.31202957
-28.96665619
-29.28461098
-28.76564717
-29.14692518
-28.14030655
-29.02673148
-29.02503554
-29.21261660
-30.22878755
-29.19885719
-29.14642134
-30.43418712
-29.77817386
-30.60363041
-28.80520236
-29.11471454
-29.04973996
-29.99134760
-28.32435389
-31.29918674
-27.63061446
-29.45676683
-29.97194260
-29.75662809
-29.96792882
-30.75229370
-31.42615114
-29.15941787
-28.66469630
-28.95303140
-28.79761835
-28.94134803
-29.06651488
-29.53822179
-29.31131592
-30.41269282
-29.60298247
-30.64329269
-30.83360453
-30.10455073
-30.29711785
-28.94680202
-28.75238903
-29.63783177
-30.24563251
-31.22638828
-29.15226639
-31.50560669
-30.54387687
-29.80260774
-28.63882816
-29.21734347
-28.93268985
-29.02775090
-30.03588238
-29.10640930
-29.30813932
-29.41354504
-29.32626686
-29.05963655
-30.82372936
-29.68947439
-30.56024896
-28.75744279
-29.07608168
-29.29115523
-30.56923361
-29.57460870
-30.38467880
-29.18106470
-30.05632541
-30.71194926
-29.64002413
-30.43002957
-28.63284042
-29.55882156
-29.70459677
-29.04610661
-29.61257592
-29.35498349
-29.32437443
-29.24370366
-29.28418663
-30.04528252
-40.79379859
-39.98616923
-41.16788952
-41.12454986
-40.84787397
-40.84012587
-40.82322164
-39.49531251
-40.57681747
-39.55747919
-41.12699206
-39.82615364
-40.83990197
-40.85500124
-40.48736048
-39.85744220
-40.84184144
-40.84590731
-39.98073034
-40.24514958
-40.62977108
-40.36057729
-39.14486417
-40.37991551
-40.17472311
-39.76488510
-41.08832121
-41.11243200
-41.05648279
-41.10999458
-40.79230732
-40.19644674
-41.12917235
-41.00023693
-40.01880401
-40.44889446
-41.06875160
-41.07646384
-41.01766767
-41.05105696
-39.68290880
-41.04105566
-40.99359149
-40.44030388
-40.99642240
-40.96115219
-40.73472762
-41.19473759
-40.25455772
-40.33081909
-40.89180607
-40.57802872
-41.13168868
-41.11055772
-41.11311056
-40.03557119
-40.78482486
-41.02942041
-40.86257371
-40.60420916
-39.65478429
-40.40007712
-40.84879324
-39.72273775
-40.55799361
-41.21799360
-41.13142883
-39.67892424
-40.94166272
-40.45880188
-40.26122138
-40.90844768
-40.85283800
-40.63824079
-40.85453591
-40.85035745
-41.18897988
-41.11716552
-40.75867167
-38.60476921
-39.25880785
-40.84102007
-40.42355327
-40.41714636
-40.75835829
-39.56207634
-41.08337346
-41.07958576
-40.27474207
-41.10772640
-41.04342468
-41.08879530
-41.01344067
-40.61484797
-40.97798621
-40.98739172
-40.64708126
-40.31386976
-39.44307623
-41.00164382
-35.25083368
-34.32931413
-36.09252134
-33.69297090
-35.44594566
-34.80402627
-35.06786716
-34.40763913
-34.38559080
-35.59643925
-32.82360470
-35.28644821
-33.90619598
-35.58144759
-34.03985492
-35.10544444
-32.95054078
-35.87878476
-35.58112743
-34.87575240
-34.51205118
-34.76291580
-33.85441088
-35.38081389
-35.09213164
-35.94692935
-35.50624677
-34.54628238
-35.90855944
-35.81816347
-34.67176015
-32.49511579
-32.23521971
-32.31231102
-32.66562104
-32.28899427
-32.71095276
-33.22275280
-34.65464155
-33.91474463
-34.31044718
-34.00268665
-34.07530142
-36.46878400
-34.45861298
-34.79637969
-34.77595015
-34.77521867
-34.76762005
-34.51628437
-34.87928381
-34.90777238
-34.75779521
-34.86583925
-33.88966952
-34.89484203
-35.45781899
-35.64619160
-34.19857342
-35.26921993
-35.35966487
-33.89993055
-35.92718836
-35.68668196
-33.97997622
-34.90976337
-35.95851516
-34.20997288
-35.60054221
-34.43951094
-34.44276022
-35.80566526
-34.71697313
-35.73203061
-33.85140870
-35.38974650
-34.74510628
-33.42343615
-35.41997600
-32.00694629
-32.97224227
-32.45140315
-31.96477386
-31.64131932
-31.43917127
-31.34999864
-32.42342139
-32.07303084
-31.37729346
-31.68516589
-32.62696066
-32.16515585
-34.04011182
-32.92748689
-34.19411931
-33.52558211
-32.27743682
-35.55133586
-34.42648648
-34.69271589
-22.36812663
-24.41426249
-22.33959566
-22.51286286
-23.41478453
-24.36137991
-25.20099238
-22.35086615
-23.46754458
-21.72721268
-23.05695487
-24.61289173
-21.39233087
-22.91514673
-23.43247201
-25.04354126
-22.97853016
-22.67990439
-23.48079458
-23.27983877
-25.13411585
-19.99672159
-21.96286705
-23.53638669
-24.43018163
-24.45300657
-22.77879573
-22.55921775
-21.62895791
-25.46894710
-21.86441631
-22.67817329
-22.02455310
-22.86136699
-23.93962330
-24.73640922
-24.16521820
-22.66775906
-23.04609197
-21.34462947
-24.86300974
-23.76734284
-23.05605657
-23.74327002
-21.45812844
-20.46876378
-23.76788318
-21.11462230
-21.95555102
-25.25933967
-22.09184901
-23.04436878
-25.19965640
-23.94473956
-25.13588324
-21.81671001
-23.89206393
-23.98560737
-24.14138947
-21.95714180
-21.81824185
-25.17738781
-22.33309668
-26.04734036
-23.08543805
-25.02015881
-22.57399037
-24.33143889
-21.24963443
-21.49919323
-23.31075903
-24.38533286
-21.53758380
-21.77123479
-22.42098033
-23.65154726
-24.36320982
-24.86517796
-20.95298149
-23.43794252
-24.82119502
-25.73353497
-25.33012308
-24.00418758
-24.31211384
-22.54222445
-24.46078770
-23.35486706
-22.86214357
-23.03243406
-24.09247394
-21.26799581
-24.13898638
-24.99060190
-24.49314327
-22.25061897
-20.46934393
-24.17466889
-21.85077572
-21.17954921
-31.11935981
-31.14562465
-31.04946568
-31.65155634
-31.20039450
-32.66552237
-31.73965087
-31.88992781
-32.73554721
-31.96837498
-34.31366582
-35.98306945
-33.37421471
-34.65160885
-35.03647979
-32.96514019
-35.04687073
-35.07571654
-35.70648865
-34.23608413
-34.37172673
-34.37172673
-32.89623689
-32.79290541
-33.15177146
-32.97699750
-33.91429869
-34.87412453
-33.47484621
-31.65520169
-31.99717921
-31.99623153
-31.99619189
-31.99446853
-31.99481800
-31.99446853
-31.95748862
-31.87650142
-31.54673338
-31.10363012
-31.28539571
-31.43375662
-31.53117744
-32.54991940
-31.53722327
-31.23628863
-33.65522121
-33.20925612
-31.77612022
-32.46986299
-33.53202030
-33.00411058
-32.62730044
-34.19277139
-32.90730871
-32.39620765
-34.38848640
-34.25330092
-34.26666993
-34.41009601
-34.27445031
-34.12152899
-34.27490743
-34.27083675
-31.31547693
-34.28154653
-34.71276653
-35.37821052
-34.55661412
-34.66594965
-34.88974791
-33.98974086
-31.99446853
-32.40115755
-34.23654125
-35.18786295
-34.64452008
-34.55513778
-35.39337382
-35.29752954
-32.40115755
-32.55388672
-32.55033967
-32.17050807
-32.55262187
-32.01654394
-32.16800629
-31.15288161
-32.17018211
-31.83031643
-31.65779732
-32.93403721
-31.94169777
-31.60422690
-30.21536822
-32.41198034
-32.37890241
-31.89170806
-31.21434818
-31.71888793
-33.39152796
-32.51256309
-33.13237217
-33.48129277
-32.86182145
-33.08555492
-33.67742996
-33.46046590
-33.62929958
-32.46391269
-33.33873198
-33.07927440
-33.00786424
-33.15197012
-33.46904699
-32.85390473
-33.95560378
-33.74184445
-33.79381918
-33.21411131
-33.21157649
-33.35773296
-33.67687275
-33.81724626
-33.64284144
-33.43403634
-33.08004724
-33.25532963
-32.85346388
-33.16199529
-33.15305731
-33.03915888
-32.84810305
-31.86336977
-31.60442739
-30.57691569
-31.98814382
-31.63118723
-31.58445975
-31.54129117
-30.48039379
-31.92213376
-31.61074895
-31.83426180
-31.65462247
-30.10196753
-32.92692352
-33.00261438
-33.51749426
-33.55321714
-31.23675582
-30.75559099
-31.70135608
-31.40607161
-33.15568885
-33.37688604
-33.36896589
-33.67759762
-33.32682761
-33.64494693
-33.46137287
-33.26406316
-32.69606190
-33.08614816
-31.95806094
-31.36339276
-31.28279966
-32.73833301
-31.68853388
-33.29103558
-33.31975476
-33.45637193
-31.88369335
-31.89978133
-33.89608381
-33.65500399
-34.09031248
-33.56413095
-33.38521000
-33.16378665
-31.81495873
-31.70127205
-31.31355364
-29.97709637
-31.58988953
-30.80411351
-31.03462316
-31.53895176
-31.94130030
-31.86311705
-30.88406229
-31.86972111
-33.31083704
-33.37668720
-33.44726211
-33.21530871
-33.04060396
-32.61057899
-33.27940550
-33.29146151
-36.96684855
-36.77003869
-37.77994731
-37.61585200
-37.56736741
-37.72780238
-37.71872384
-36.92048291
-37.84754114
-36.61306593
-37.98776318
-37.88342849
-37.81789773
-36.51576391
-37.71306378
-37.55049159
-38.08549629
-38.18038079
-36.33640002
-36.56536238
-37.61564387
-37.29287377
-38.45240084
-37.72655995
-35.94042428
-36.33753707
-37.06059449
-36.22126280
-36.11732748
-36.20145557
-36.57458376
-36.21302614
-35.95335412
-36.28676746
-35.96073325
-35.07490313
-34.85986235
-34.66636072
-34.52862125
-34.76934049
-34.93215964
-34.92336517
-34.84014288
-32.99568044
-32.71652854
-34.75044253
-33.20988533
-33.86832128
-33.73711453
-33.90305218
-33.88190487
-32.52071497
-33.93998865
-34.47549289
-34.60626464
-37.53260700
-37.76690633
-38.86566495
-37.69808000
-38.37890183
-38.34079305
-38.07279464
-36.42363774
-37.84299292
-36.47506115
-37.52550588
-38.47707739
-38.84854639
-37.89861994
-36.45035625
-36.37204695
-37.23167942
-38.20040581
-35.98439855
-36.41282847
-37.72426055
-38.82795994
-36.17702836
-34.65167364
-35.16614488
-35.08781981
-35.10432717
-37.38566237
-35.62707330
-37.84961038
-34.60877277
-34.62423131
-34.47879763
-34.62393939
-34.34855140
-34.27440816
-34.21509887
-34.25357507
-34.69555627
-34.56786857
-38.49792959
-38.06127019
-37.02018549
-37.58683647
-36.12715069
-29.26105807
-29.43683174
-29.84723371
-27.43008952
-29.89287313
-27.43793387
-29.23171135
-28.09623433
-27.77305488
-27.21177764
-28.08188201
-28.30819568
-27.62958480
-28.18084349
-28.44444548
-28.69417438
-29.03899052
-28.80658329
-29.17315800
-30.46156730
-28.44808996
-35.49073969
-29.39407740
-29.72979584
-29.64002615
-29.39438791
-30.78468011
-30.92527138
-29.70185267
-28.65024570
-26.86264187
-26.77372182
-26.50801916
-26.63541078
-26.59097074
-30.25982319
-29.22095793
-30.80293778
-28.06847729
-31.20895675
-28.29073600
-28.51571318
-28.39962321
-28.72411525
-28.75124291
-29.06596662
-28.46852096
-27.79043784
-29.08005526
-28.74009075
-28.44883737
-28.62084401
-27.95224757
-27.57833603
-29.15061254
-27.53923510
-28.25300503
-28.22814335
-28.83709209
-28.48669987
-28.73057942
-28.93730215
-29.19309900
-28.95946523
-28.83920742
-31.28016883
-28.41944008
-29.51109113
-29.81779922
-30.94449579
-29.45859247
-29.21696835
-29.10431276
-28.32900880
-28.47682225
-29.29560903
-29.34531129
-28.92799802
-27.50773639
-28.38421998
-29.19113818
-28.67209539
-29.38923573
-28.46619165
-29.39492454
-28.49285607
-28.58988768
-28.98365903
-28.77420574
-29.51111868
-29.10883464
-29.65187554
-30.18363426
-31.22602755
-28.06293984
-29.46415161
-29.68759917
-30.77280680
-31.16575929
-28.62940579
