-16.13251794
-14.21775234
-15.57771637
-15.49515191
-16.10761193
-15.17214686
-15.15037693
-16.05260794
-15.57608788
-14.72757509
-15.98223374
-16.69814273
-15.47999501
-15.86969333
-16.04361754
-16.14488268
-14.23607892
-15.59315820
-15.20444799
-14.65356521
-14.76554250
-14.74452752
-14.31549675
-14.42984815
-14.79360575
-14.59215305
-15.09549485
-14.98033330
-15.53651882
-14.40312403
-14.63680315
-15.74215930
-16.20638731
-15.81929813
-16.10482674
-15.35826443
-16.07830438
-15.67756363
-15.86831567
-15.28010181
-15.70522821
-14.60636406
-15.43387021
-15.12758432
-15.74272392
-15.73199044
-14.25814044
-15.21350242
-15.80987209
-15.37840935
-16.05244361
-15.00142107
-15.52494462
-15.59844206
-16.23270189
-14.71092691
-15.64519701
-14.68596808
-15.36469048
-14.80090204
-14.68816776
-15.42244022
-14.48233208
-15.33275903
-15.57260027
-15.72320478
-15.50580796
-15.29331595
-15.10578517
-14.83561242
-14.70894903
-15.58836759
-14.48690325
-15.52080371
-15.80679988
-15.61550179
-14.84176809
-15.59937091
-15.66479848
-15.25136273
-13.98612323
-16.13426853
-15.74596046
-15.84570457
-15.36301787
-14.14791475
-15.20347564
-15.57104584
-15.18688381
-15.78552360
-15.57353190
-15.38458110
-15.59384030
-16.33609939
-15.87002170
-14.24878619
-15.98351589
-16.24111767
-15.44608117
-14.22825488
-7.95588768
-8.66159727
-8.36259533
-9.57721929
-8.68868371
-8.40889390
-8.88168617
-9.12308339
-8.93746241
-8.65218053
-8.00787441
-7.15357930
-8.62653289
-8.03423874
-7.68455665
-8.56203326
-8.52178672
-7.09834453
-7.91646146
-8.06766392
-7.69496540
-7.92879960
-8.15984856
-8.37910426
-7.65636511
-7.78606697
-6.56391412
-7.98448638
-6.54841095
-7.76837408
-7.92803481
-8.87421669
-8.82524421
-8.87242535
-8.31479112
-9.04077234
-9.87924959
-9.21098557
-8.38569597
-8.86414973
-8.58723040
-9.00554259
-8.42465268
-8.50553878
-7.26423702
-8.27761096
-8.91786573
-8.40640485
-8.87754570
-8.75846710
-8.76612126
-8.92585110
-8.31042913
-8.56822185
-8.56371709
-9.64713146
-8.82647986
-7.39249672
-9.15901992
-9.41183039
-8.87164939
-8.13583840
-8.31133309
-6.98363268
-8.15864863
-8.44861332
-8.30777255
-7.77665802
-9.05813094
-7.46663958
-8.50424343
-7.90042077
-6.44417733
-7.27141824
-5.81492746
-4.84556228
-5.70288983
-7.74328566
-7.78650511
-7.04324382
-7.84516819
-9.16530356
-9.88134732
-7.58642000
-9.07556104
-6.42673526
-8.24375392
-8.61457052
-8.34851202
-9.15432321
-9.36681874
-9.80382401
-10.20459147
-8.88154804
-8.24897075
-8.33388403
-7.80616932
-8.70677944
-8.36269138
-7.56875550
-9.71979512
-9.08768801
-9.82821738
-9.89747270
-9.97901352
-10.15048807
-10.91480666
-11.42449899
-10.24774118
-9.96358212
-9.73750841
-10.94043616
-9.83854362
-10.04288427
-10.03407168
-10.88185874
-10.51826766
-10.18077938
-10.99231723
-10.22607800
-9.90865039
-10.09662122
-10.11974548
-8.78661800
-8.28463062
-10.17491828
-9.80701888
-9.73720501
-9.66881938
-10.87902797
-9.34303338
-10.18052821
-10.30361495
-10.57626770
-10.12932724
-10.61081036
-10.67942033
-10.08490846
-10.61685827
-10.39936896
-10.92209159
-9.71993648
-10.07584724
-10.57428507
-11.21566164
-9.86691548
-9.60356171
-9.92024801
-9.76650566
-10.78760627
-11.22266326
-10.04952894
-10.52021913
-9.96237529
-10.31656055
-10.48626509
-9.73366824
-10.37799369
-10.04589489
-10.06888821
-10.31018976
-10.07745621
-10.32847732
-11.16005186
-10.33820398
-9.91193079
-9.97170748
-10.14315414
-9.64357494
-7.98945701
-6.82556407
-7.83927631
-8.59813980
-9.12076085
-7.89188019
-8.70514238
-9.98668077
-8.92604072
-8.58038825
-10.11752366
-9.23463234
-10.57643632
-9.22919392
-9.21062482
-9.77530023
-9.34954969
-9.58299685
-10.10525910
-9.57448555
-9.33851528
-10.36837679
-11.03817212
-10.15702338
-10.05610693
-10.12935039
-10.35934014
-9.21308485
-10.20188667
-10.95168919
-9.81769613
-11.94502711
-11.56907809
-12.09232503
-12.23399018
-11.87418335
-10.55243252
-11.81225990
-11.72766221
-11.63194236
-11.22047740
-10.13453882
-12.23621362
-11.31252251
-12.48745367
-12.14964476
-12.17875794
-12.18032052
-11.79172210
-12.33442389
-12.46714582
-12.42663240
-11.91426205
-11.95144441
-11.68739802
-12.08163753
-11.74374262
-12.21746468
-12.06648383
-12.04222539
-12.24662213
-12.63607510
-11.36087139
-11.64215837
-11.16130810
-11.86387973
-12.18631143
-11.06014587
-12.30352654
-11.30583393
-11.80410184
-11.84425034
-11.34811288
-12.09669019
-12.12137787
-11.87769676
-12.55971003
-12.68523816
-11.91999315
-11.96133692
-11.66153844
-12.00412900
-11.92082836
-11.75153744
-12.52338084
-12.10302483
-11.95408556
-11.30656215
-11.05271518
-12.23157057
-12.18902637
-11.46798977
-12.12263514
-11.77047103
-11.81466696
-10.70470548
-11.93488865
-10.27688788
-10.49857377
-9.62615774
-10.74548334
-12.15356882
-12.05232331
-11.77561570
-11.00710899
-11.79969500
-10.75310500
-11.59056226
-12.05830564
-12.15475211
-11.74259217
-12.43217335
-11.76606974
-11.70029627
-11.04408816
-11.91378172
-11.84858752
-12.01312797
-10.73397000
-11.88640200
-12.01912282
-11.70859881
-12.43629801
-11.96137979
-12.13626926
-12.03862181
-12.33370568
-11.38214915
-11.90043636
-12.01657441
-12.39865396
-12.23218954
-11.64372491
-10.03134256
-12.42945872
-11.44213526
-11.06260462
-11.35015172
-10.93092319
-11.78812235
-11.33405749
-9.94857902
-11.56778144
-12.31037715
-11.36838845
-11.67042008
-10.95296749
-11.31513538
-10.50592817
-11.29529525
-11.39260297
-10.67350750
-11.35444005
-10.48819185
-11.18759986
-12.37875863
-11.14141426
-11.11673933
-10.43418644
-10.90964003
-12.10787369
-11.10333442
-10.81383426
-10.63927603
-10.28432266
-10.64111751
-10.36515318
-11.78548469
-10.60412691
-12.02531895
-10.32325497
-10.85322834
-11.13731565
-10.95265035
-11.21000423
-11.54191986
-10.86767315
-11.43073823
-11.43164172
-12.47285989
-10.48741342
-11.18071259
-12.45262570
-11.60078187
-11.65159413
-10.25883163
-10.94561983
-11.26576172
-10.21289346
-12.25892659
-10.61998153
-10.50397680
-11.40707945
-11.36089452
-11.37275055
-11.39428126
-11.61138928
-11.10200840
-10.73840324
-10.97048972
-11.64047149
-11.32111311
-10.44618941
-11.24753411
-11.47606749
-11.20199695
-11.29557537
-11.45871735
-12.42735543
-10.71526359
-10.10273669
-10.97533798
-11.57460412
-10.74702679
-10.70373349
-10.38740112
-9.60595108
-9.99437405
-10.79274152
-9.90132893
-11.03222096
-10.14653564
-11.11591107
-11.20242570
-12.19053206
-10.98806021
-12.18041510
-12.29152828
-11.09499644
-11.96921950
-12.00068986
-11.02007612
-11.13858822
-10.87883273
-10.90656405
-10.32935370
-10.65224289
-10.85279697
-11.13096303
-11.09163969
-10.37257717
-9.43692299
-10.53378044
-9.87929173
-10.93435441
-10.61094210
-10.23674889
-10.08604577
-10.54507443
-9.95393822
-10.14784777
-10.87363716
-10.49438275
-10.89074372
-9.29775625
-10.34576574
-10.92936889
-10.06914166
-10.14739341
-10.85769037
-11.19244501
-9.88293446
-10.69804432
-10.57591601
-10.05331161
-10.04884578
-10.42926625
-10.46182683
-10.50073890
-10.30699633
-9.33486085
-10.02230387
-10.04882983
-10.37766712
-10.50989849
-10.52011402
-10.68074452
-9.93398508
-10.53371904
-10.56425228
-10.42896164
-9.93181351
-10.23118277
-9.75318889
-10.87873640
-10.64433257
-10.57757099
-10.86167068
-10.31556694
-10.90847769
-11.87259235
-10.39109479
-9.93489653
-10.32132206
-9.81794006
-11.10005024
-11.28978589
-10.12918445
-10.38301012
-9.09891202
-8.66587862
-9.47447721
-9.94137952
-10.11483788
-9.73476226
-9.98994529
-10.51530983
-10.43368166
-10.72755132
-9.68503599
-10.72456280
-11.66198319
-10.20781940
-10.26798022
-9.98578693
-10.19029002
-10.87171872
-10.12221285
-10.40686841
-10.18483896
-10.85042633
-9.61177361
-10.42509834
-10.04313099
-10.49419513
-10.08709457
-10.02230743
-10.11564749
-10.28607914
-9.99622985
-10.03076681
-7.85999812
-8.12272616
-8.21557329
-8.05670993
-8.18123873
-8.15970822
-8.30735754
-7.69064818
-8.62487676
-8.46325181
-8.19275242
-7.67346417
-8.09384383
-7.42168589
-7.62670489
-8.85520436
-7.20279868
-7.99237164
-7.19263380
-7.72464368
-8.06528222
-8.44487940
-8.73842224
-8.41823729
-8.38349051
-8.51636610
-8.71957694
-8.19515793
-8.42259363
-8.38945498
-8.62770222
-8.54033898
-8.22509920
-9.01710067
-8.67883715
-8.66118136
-8.07383121
-8.52071588
-8.38859423
-8.53536266
-8.38352993
-8.22498739
-8.70839716
-7.95294661
-7.60438380
-8.62986635
-8.90878071
-8.08008941
-8.74975771
-8.75598355
-8.98215693
-8.78168457
-8.29618354
-8.72692331
-8.77193869
-8.22540799
-7.76685904
-8.75471515
-7.82569503
-8.12306857
-8.79378029
-8.24313481
-8.29656431
-8.97834209
-8.07905120
-9.15126491
-8.17372936
-8.19235637
-8.42290435
-7.41149274
-7.52200766
-8.11806400
-7.84339479
-8.93337337
-8.78329118
-8.75332026
-8.80325319
-9.61783965
-8.75331675
-8.13977615
-8.78539626
-7.83508824
-8.14393778
-8.62548729
-8.57356002
-8.07151658
-7.52823901
-8.02548155
-8.17031999
-8.43988378
-8.20134312
-8.65276067
-8.67005381
-9.04112311
-8.68285850
-8.87141990
-8.95502257
-8.65995508
-9.11008760
-8.73697394
-10.61450590
-10.74447218
-12.52238662
-11.06419967
-10.84195178
-11.40679212
-10.90990232
-11.16345557
-10.79008951
-10.41513114
-9.54919258
-9.43343682
-11.62277870
-12.24947404
-12.01686599
-11.27945702
-11.80644153
-12.22625179
-10.77541660
-11.96961125
-11.01794255
-11.83806351
-11.93934756
-10.86174722
-11.03549053
-10.60865129
-10.91149188
-10.89546518
-11.16279696
-11.89819244
-10.54906892
-11.14176117
-11.96241126
-11.73244016
-12.08755481
-11.04641378
-11.55784023
-11.71070150
-12.21514500
-11.65892784
-12.48374340
-12.06184441
-11.76616988
-11.80507242
-10.35756961
-11.63354693
-11.80154169
-11.70984516
-11.82399561
-11.77874855
-11.78177564
-12.53557227
-12.24871373
-11.12735122
-11.82554367
-11.42108114
-11.38170609
-11.46625031
-10.79490737
-10.93581145
-11.97624237
-11.53206839
-10.68765091
-11.48332552
-11.97432788
-11.26483675
-11.53645282
-12.35099202
-11.10001298
-11.53152905
-11.58286045
-11.07021327
-10.95914050
-10.80845688
-11.17176218
-11.73161670
-10.46080575
-10.83637388
-11.84754143
-11.85907290
-11.67843160
-12.10475184
-11.77009759
-11.44029618
-11.90832978
-11.81359903
-12.18418828
-11.67034934
-12.19972018
-10.35918683
-12.01881735
-12.05903921
-11.64135369
-11.98520172
-11.84681626
-11.70885202
-11.96969385
-11.73441654
-11.71276436
-12.25908045
-10.57858795
-9.68066528
-9.32483814
-6.44276589
-9.16991139
-9.45435368
-11.30297027
-11.15247193
-10.68504728
-11.09817714
-9.91910458
-8.17090932
-10.89585017
-10.78055693
-10.02481488
-9.61648799
-10.70404899
-10.46622151
-11.01436060
-10.03310806
-10.89916372
-10.38753432
-10.91437138
-11.46709601
-10.87243430
-10.27227494
-10.50014524
-10.35609526
-10.94478435
-10.04474867
-10.18333257
-10.42352025
-11.28932457
-10.82450957
-9.55483947
-10.94018200
-10.54010599
-10.05813906
-10.01410270
-10.39486814
-10.58517539
-11.21977376
-11.23556800
-9.23607238
-10.62870691
-7.34098386
-6.69938510
-7.02712128
-6.67432321
-8.29858644
-9.94290364
-9.85338708
-5.00135416
-7.88920029
-5.82039093
-9.05056296
-9.82535720
-8.97212551
-8.97580798
-8.90723364
-8.93868652
-7.32796255
-8.19739810
-9.06613494
-8.36309731
-7.93330580
-8.08599881
-7.53000375
-10.15436266
-10.91604331
-11.43850739
-11.35981008
-10.67966396
-10.64868866
-11.30007182
-10.51410486
-10.55921362
-10.78559412
-6.79690179
-6.68982627
-7.88931918
-10.68282730
-10.06953639
-10.69672163
-8.58041436
-11.14551442
-10.70322145
-9.10411238
-10.53440827
-11.33039553
-9.62195489
-9.32805766
-9.38303239
-7.67880369
-8.98171212
-8.85610744
-10.03600268
-8.46626820
-9.80104991
-11.07477772
-9.30081277
-9.55435243
-9.22889511
-9.40900170
-11.39681781
-11.32414343
-10.64306432
-11.57441022
-11.66363361
-10.94170117
-11.69235710
-11.16137413
-10.10399768
-10.80493940
-9.84745226
-10.22385052
-9.11142317
-10.94956295
-10.50326738
-9.65962574
-10.50278023
-10.48595292
-11.05412935
-10.27469854
-10.60662074
-10.24672970
-9.44647192
-10.00199618
-8.89839586
-8.75826232
-10.24020714
-9.93649691
-9.90194337
-10.08994988
-9.79644386
-8.81433124
-9.65986662
-9.07154091
-9.77202603
-9.55911976
-8.84754494
-8.16885633
-8.37710908
-6.98908214
-7.63582884
-9.86213245
-8.86598350
-10.43170592
-10.17006223
-9.61285046
-10.48753356
-9.77512703
-10.74814169
-11.02918357
-10.87099118
-10.67847568
-10.30222388
-11.54683928
-10.82490125
-12.02501795
-10.00627683
-9.75264422
-9.52306293
-9.36648975
-8.51243652
-10.52018072
-10.95437044
-12.04099594
-11.27123331
-11.05805854
-10.70719845
-11.21463398
-10.57597735
-11.08680165
-10.42757771
-10.63743043
-10.04563322
-9.54880734
-9.93643449
-10.20092409
-9.96672551
-10.95017777
-9.91971332
-10.26810623
-10.93151636
-9.50276715
-9.83431022
-9.91116735
-8.46433031
-8.65765359
-9.09794292
-9.58138633
-10.58363686
-8.91251292
-9.01178189
-10.31245960
-9.92879682
-9.84029208
-9.88240525
-11.22933847
-9.91195297
-9.13898987
-10.83628563
-10.75478357
-9.13867289
-9.02540641
-10.29236177
-9.14387977
-10.29328194
-10.20184227
-9.32376328
-10.16750291
-9.45453719
-10.50599327
-10.50086216
-10.60187121
-9.33027947
-9.15891514
-9.89133699
-9.29852879
-10.30301682
-10.58343978
-9.18127229
-9.37498397
-5.77853860
-9.85440170
-8.68964635
-7.97682851
-9.33522089
-9.69346904
-7.37876149
-9.33692924
-8.23835064
-9.38766820
-9.12943289
-10.78364356
-10.76269833
-9.27252642
-10.52086743
-9.35889190
-9.23205383
-10.83434315
-9.70413823
-9.31026488
-9.21756210
-8.48037584
-7.58086187
-7.65664996
-9.28268064
-9.19414829
-7.90654151
-10.46416961
-8.57459549
-9.25919487
-9.47820273
-9.42779841
-9.35638298
-10.59250714
-8.64184135
-8.92058537
-9.41971728
-9.28428592
-10.27056588
-10.57840268
-9.68113783
-10.55122297
-9.37759418
-10.91352693
-10.55458519
-10.05171002
-7.08864143
-6.23260523
-8.58407852
-9.25147296
-6.85799452
-9.13784806
-8.46657954
-7.53647143
-9.49363767
-8.27221317
-8.62040217
-8.25213992
-10.82312589
-9.14325010
-9.75945225
-9.74315577
-10.20484213
-10.55890492
-9.66920631
-9.62834012
-9.14817646
-9.99101703
-9.87110033
-10.36292270
-10.21741381
-9.63531836
-8.95809192
-8.89274637
-10.52884153
-9.87246658
-9.37789310
-10.22582750
-9.85646319
-10.27978494
-10.14328588
-8.48741352
-6.82336664
-7.92468767
-9.38560128
-10.15915302
-9.57098791
-6.87888686
-7.66967500
-8.65517838
-6.83120863
-9.44944495
-8.60696096
-9.96153934
-9.54636385
-8.34370496
-9.68463903
-9.94363836
-10.25638505
-10.89391217
-10.92008505
-11.12000534
-10.15424352
-9.15555952
-10.40672089
-11.42074540
-10.27759608
-10.15026653
-8.83037667
-10.48638497
-10.37201021
-10.81839008
-10.29491465
-9.48696519
-11.30084784
-10.71791054
-10.81028272
-11.62658412
-10.44317056
-9.25926223
-11.66651190
-9.94866098
-9.56794531
-10.77218202
-11.17887060
-10.17191672
-8.90665856
-6.43497032
-8.58520340
-8.64844167
-8.86970316
-10.34870500
-8.14571065
-8.37758370
-8.19157041
-10.62013353
-6.54839979
-6.57363379
-5.52452362
-6.56406418
-7.21461943
-6.52850806
-4.11943550
-6.12023030
-5.70810355
-5.10523214
-9.24887960
-9.91629487
-11.13133349
-9.54728408
-7.19232996
-11.66846948
-11.18299943
-10.41665767
-10.10243705
-10.17456937
-9.70421180
-10.18117593
-9.74763717
-9.12392841
-10.93937940
-9.64211269
-10.82986638
-9.91014381
-9.90320726
-9.86012314
-10.20640633
-10.77844763
-9.49400325
-10.31072349
-11.52573590
-10.42307331
-10.32865305
-10.59870120
-11.51349669
-10.49444077
-8.14180981
-7.13898467
-7.86926761
-4.70183003
-7.27490085
-7.21448019
-7.89754358
-7.91067686
-7.55986397
-7.17818569
-7.83219525
-9.86856016
-7.81650748
-6.75606134
-8.53276788
-7.56810533
-6.74721391
-7.92035879
-8.97011313
-6.93086094
-8.05616551
-8.20202601
-8.60017633
-8.46166521
-7.91161893
-7.08796950
-7.39451009
-7.76668696
-8.21651241
-8.78635732
-7.68107002
-7.31179330
-8.40197219
-7.97647793
-7.09442500
-8.28251705
-6.85366542
-7.67788028
-8.02964651
-7.99555456
-8.12408537
-7.34907861
-8.57933689
-8.30127426
-8.75341112
-7.83206060
-8.30015920
-6.15450024
-6.59868771
-8.05872702
-8.02296617
-7.80453907
-7.34609956
-8.27689269
-7.31312494
-7.92161575
-7.92313772
-7.47610099
-8.05216405
-8.17612455
-8.08391034
-8.40985784
-8.50760655
-7.06174528
-8.71339728
-8.22331436
-7.52620331
-8.76283842
-8.52079370
-8.23188130
-8.64037509
-8.19429062
-6.07787497
-7.57133237
-8.28644875
-7.51331793
-8.64666646
-8.15525282
-7.98288244
-6.03693161
-7.90565282
-8.24849184
-7.78046945
-6.07172811
-6.44141265
-2.28249032
-6.91450167
-7.02140635
-7.35079154
-7.24537874
-7.37482087
-8.33075374
-7.64311263
-8.86558081
-7.87256835
-7.53895059
-7.82579283
-8.19253024
-7.97994805
-8.67651006
-8.83082422
-8.10701813
-8.12661040
-8.24533628
-8.26890364
-7.01238811
-9.63557370
-7.08979677
-7.71788947
-8.20914429
-7.17767112
-6.70310896
-6.94067962
-6.30859110
-6.99585787
-6.33905496
-6.67490445
-6.90070487
-6.34237528
-5.70162006
-6.82278002
-6.62287689
-7.33276963
-7.25797671
-7.55161148
-6.98668534
-7.46837397
-7.71471485
-7.19944584
-8.22248394
-7.69347020
-6.53010516
-7.11559021
-6.55849734
-7.67779373
-8.01209227
-7.85880423
-7.32237300
-7.97194229
-8.56547306
-8.13612850
-7.42358381
-7.60800478
-7.09193647
-7.90439870
-8.65940850
-8.12168566
-8.02440110
-7.51941570
-8.57813953
-8.41382472
-7.53356559
-8.20385465
-8.33860699
-8.36150977
-8.00104391
-8.13150231
-7.43998752
-7.53426393
-8.52197929
-7.35897560
-7.35127766
-7.39628122
-7.69465853
-6.49884793
-8.16566298
-6.79799307
-7.79948517
-7.22736956
-6.99551472
-7.94760374
-7.66810174
-5.92076132
-7.89647543
-7.40021644
-5.65216952
-7.30828383
-8.18721307
-8.02996471
-7.19042123
-7.03383058
-8.04551926
-6.21027873
-7.87697489
-7.46106853
-7.28052401
-7.01549420
-6.59733588
-7.76140153
-7.47865464
-7.74310348
-8.06340821
-8.08541858
-7.46678390
-8.28719527
-8.22080873
-7.46627467
-7.64643080
-7.26548856
-8.14233306
-9.87364764
-10.48906198
-9.89708386
-10.18071117
-10.06988167
-9.26853732
-10.57116289
-9.70697346
-9.03085344
-10.16072558
-9.01980228
-8.76029198
-9.36280721
-9.45840148
-9.49645053
-9.28849861
-9.47301133
-9.45518098
-9.13141375
-8.95346389
-10.22936028
-10.03408768
-10.56301539
-10.54268134
-10.24070634
-10.36476516
-10.36879446
-10.39399620
-10.12646401
-10.68608725
-10.21936441
-9.62624881
-10.38537712
-9.93034878
-10.37220776
-10.62465763
-9.59954464
-9.86772138
-10.01025047
-10.36145500
-10.11944686
-10.39195638
-10.00494406
-9.94844455
-10.89162646
-10.24690510
-10.38209823
-10.16798397
-10.40876926
-10.38734163
-10.48874364
-10.83279493
-10.61347735
-10.17843139
-10.41400947
-10.47303335
-9.84968103
-10.77639557
-8.86979846
-9.78239090
-10.00599382
-9.72933342
-9.25391498
-10.17690427
-10.24240143
-10.00733327
-9.91181011
-9.87033737
-9.20424910
-8.77566671
-9.14233801
-9.28658135
-9.46611924
-7.28237478
-6.35806905
-8.74876091
-10.49602717
-10.61470418
-10.44349792
-9.70812398
-10.56327553
-9.35476514
-10.32264474
-10.64596511
-10.57482312
-9.83137309
-10.24916375
-9.94491887
-8.97348231
-8.72579211
-9.77008180
-10.76654483
-10.56354278
-10.58085032
-10.53360429
-9.94086716
-10.02489676
-11.01613728
-10.45400008
-10.04123251
-8.48258094
-8.48737890
-9.34147276
-8.85886252
-8.21394216
-8.14804834
-8.14536822
-9.21684320
-8.78013470
-8.45224165
-9.17312732
-8.86960193
-8.56352028
-8.35825505
-8.14865345
-9.03688829
-9.04142690
-8.78309117
-8.05626399
-8.62631057
-8.30102053
-8.17539480
-8.24813453
-8.09648434
-7.47219510
-6.99130215
-7.54415828
-7.91990282
-8.01716122
-8.24679105
-8.31525124
-8.29405388
-8.14272636
-8.51447252
-7.98827094
-8.42390692
-8.36525875
-8.74861255
-8.73376262
-7.41061015
-9.10408029
-8.28497880
-8.46572543
-9.11780161
-9.80562919
-8.36408869
-8.53733655
-8.70514614
-9.34534153
-9.30783616
-8.49777027
-8.85442962
-8.11164783
-8.94315726
-8.60063705
-8.87635947
-8.54189664
-8.47317203
-8.72324987
-9.08818555
-8.77706288
-8.46858086
-8.89552627
-9.03387086
-8.62189364
-9.23383901
-9.02413046
-9.35567688
-8.15272799
-9.23679233
-8.02395666
-8.29296566
-8.34420497
-8.25716286
-7.94824557
-8.21660273
-8.04326534
-7.37419866
-7.92877609
-8.34725589
-9.76139090
-8.16698855
-7.91596941
-8.66548904
-8.31535991
-8.49825982
-7.42601175
-8.35011903
-9.86403852
-8.59088254
-7.55511444
-9.21256327
-8.81053830
-9.29669975
-8.56736760
-8.92125837
-9.06591103
-8.22992737
-8.67154640
-8.50727054
-7.56581902
-9.11726222
-9.02495488
-7.33228889
-9.09446859
-8.74351563
-7.89655092
-8.78719563
-8.15703119
-8.75108754
-7.91262260
-8.75885195
-8.16816239
-8.04138602
-8.34373738
-8.32837759
-8.35234634
-11.10352984
-8.59334923
-7.88431989
-9.01593562
-7.60532287
-7.97481037
-8.08578889
-8.71300272
-8.06964878
-8.41265120
-7.69554112
-8.81734601
-8.53312803
-8.69638657
-8.22485450
-7.26941697
-8.00781905
-8.21677223
-7.84594318
-8.22013537
-7.74554031
-8.32500420
-8.03492176
-9.24575541
-8.37241719
-8.10035922
-8.82161839
-7.98979577
-8.88636330
-9.36069350
-9.26836629
-8.15457405
-7.88878538
-9.67242984
-8.06226969
-9.56838471
-9.27063621
-7.94255493
-8.97021986
-8.84151378
-8.35137499
-7.91682417
-8.28561301
-8.25358303
-6.97553627
-7.68374188
-9.05143276
-8.46393386
-8.43532591
-8.01619658
-8.52535091
-8.40713654
-7.87331064
-7.99972802
-8.20084290
-7.53965215
-8.60298246
-8.88448368
-8.54944234
-8.25209017
-7.03115066
-8.02968452
-7.81753225
-8.36349140
-7.83658169
-8.36784511
-8.26739793
-6.93907258
-8.56206259
-7.91232165
-8.95698206
-8.10705814
-8.58807619
-8.75478110
-8.82766180
-8.40369515
-8.69601951
-8.76487241
-8.49629806
-8.89403344
-8.30135213
-8.80924166
-9.28009228
-14.78130068
-14.36120814
-14.40016972
-14.14709059
-13.96604070
-13.51072377
-14.23618282
-13.98199306
-14.44301491
-14.04856263
-14.40390281
-15.40690971
-14.75040870
-15.06679166
-14.69531001
-15.14281629
-14.96001664
-15.00374852
-15.40515215
-14.85715739
-14.35936670
-14.43726495
-15.34856268
-14.66810964
-15.39799401
-14.66826813
-13.09867353
-14.99843667
-14.87282193
-15.10113290
-15.31199655
-15.01312173
-13.74471908
-14.55722229
-15.29470607
-15.24368982
-14.94116645
-14.15742395
-13.85672843
-15.02178198
-14.72886883
-14.22447125
-14.79114264
-13.70745335
-14.26251760
-14.41948573
-13.77942415
-14.19719782
-14.13404059
-13.87961560
-14.17968921
-14.62418591
-13.34639956
-14.09314548
-13.35788008
-14.20649452
-13.13098788
-14.44399989
-13.87414998
-13.97849983
-15.06401278
-14.58024674
-14.65431910
-15.09134418
-14.64118760
-14.57919666
-15.41249094
-14.74607206
-15.09511427
-14.05746070
-15.18831102
-15.01229570
-15.43474645
-14.66398057
-15.37320920
-14.84044259
-15.10610073
-15.05680029
-14.76356504
-14.58283155
-15.29113448
-14.98425662
-15.37463817
-15.40286646
-14.10719255
-15.29886839
-14.95377275
-14.79136653
-15.35022993
-14.45992556
-15.34531915
-13.87297813
-15.21563853
-14.36402815
-14.31808069
-15.25737427
-15.27352143
-15.30874172
-15.34385342
-14.45705652
-12.23434181
-11.55374751
-11.98548587
-11.78019616
-11.56836904
-11.23609793
-12.20531149
-12.32595276
-11.80941547
-12.02514450
-11.68257683
-12.13664865
-11.53856123
-10.46465689
-10.71310141
-11.57212130
-11.57756460
-11.65570235
-11.58734114
-11.44352440
-11.51748160
-11.64434917
-11.76615406
-11.46231183
-11.89047192
-11.69089785
-11.73000156
-11.20504849
-10.87803601
-10.97032728
-10.91339272
-10.48420603
-10.99427837
-10.74560869
-10.91603555
-11.02752595
-11.05969215
-11.54855548
-11.06877523
-11.04768886
-11.59503962
-11.02861144
-11.72603891
-11.07970920
-10.88568321
-11.46476859
-11.43042781
-11.80698920
-11.79127519
-11.99182337
-12.29824840
-11.71044234
-11.93454539
-11.33260373
-11.50368892
-10.58478204
-10.59705439
-12.10155222
-11.82878621
-11.83717202
-11.41907647
-11.81615345
-11.99612803
-11.59293473
-11.61247972
-11.76096558
-11.58854311
-11.64335867
-11.55211343
-12.09032596
-12.22814929
-11.60198088
-11.64395565
-11.81309638
-11.46466643
-11.37649807
-10.89346263
-11.80226644
-11.93002095
-11.57459890
-11.53449943
-11.90022558
-11.72555592
-11.66454117
-10.93081808
-10.45504113
-9.45036019
-9.94290309
-10.72122432
-11.18262712
-11.95176281
-11.44568835
-11.46350666
-11.22242170
-11.29636928
-11.16115631
-10.80366729
-11.29701776
-11.36937586
-11.39334038
-11.79398793
-10.82926287
-10.52793397
-8.94259321
-12.86696359
-12.62061784
-11.24085253
-9.83677116
-9.90015781
-11.72354807
-9.62831722
-13.13945437
-11.62360061
-11.16660244
-11.13677968
-11.74701050
-12.92772219
-9.61280628
-9.89543050
-11.06010719
-11.12369119
-9.37134199
-10.99701195
-12.39736266
-12.74676725
-11.82074833
-10.20952733
-9.83892369
-13.22573378
-11.36353101
-11.61189226
-10.36355449
-11.38009834
-10.15815992
-11.40486299
-10.60771683
-11.48680050
-11.50053109
-11.62740954
-10.71425317
-11.82791481
-10.45561789
-11.91664360
-10.93765790
-11.38579497
-11.27328288
-10.20113017
-11.96398280
-10.98001442
-11.42387396
-10.83825716
-13.97673120
-9.18827952
-11.36323510
-10.49179737
-9.62162772
-11.09676160
-10.67433325
-11.95794030
-11.93209739
-12.90324791
-12.78114549
-10.82584913
-9.95993451
-9.99648979
-12.70221592
-11.20647381
-12.68096809
-9.54301360
-12.21530062
-10.00048014
-10.02184732
-11.51553677
-10.03258605
-10.00409187
-10.27431195
-11.38524350
-9.78357171
-13.18888606
-10.46018903
-11.38016186
-10.10806935
-9.93524322
-11.16728863
-10.29577900
-11.46945780
-11.87634872
-10.85482187
-9.73813617
-11.41971937
-10.01428617
-11.64592000
-10.69958570
-10.12723046
-11.36719256
-11.40221282
-10.97952993
-9.98924605
-9.84986357
-9.48008453
