-12.53457770
-12.12969831
-11.33790365
-11.71138974
-11.73301757
-11.88016497
-12.01876781
-12.04134538
-12.36620656
-11.67786622
-11.21324043
-11.49130692
-11.67642655
-11.21472863
-11.73943749
-11.00817976
-10.99244876
-11.63306889
-11.22197952
-11.30224715
-11.17682228
-11.37424562
-11.87234676
-11.74005852
-11.94873389
-11.61679573
-13.04131044
-11.58386419
-11.62182808
-11.47643208
-11.71453575
-11.92444563
-11.61425372
-12.36980617
-11.80309233
-11.83926447
-12.44319344
-11.66354808
-12.22161121
-11.76603606
-11.68405121
-11.99145329
-12.28411940
-11.64863946
-11.77158773
-11.80420879
-12.73791261
-11.80221150
-11.71624286
-11.73655460
-11.74736689
-11.68141403
-12.20596285
-11.87050252
-11.93821871
-11.72884636
-11.76867238
-11.80883801
-11.76880755
-12.50663724
-11.87424050
-11.74410880
-10.62586983
-10.37839373
-10.98123927
-10.13758550
-11.02115992
-10.65934063
-10.38804037
-12.24576931
-10.95189410
-12.50174891
-12.01916494
-11.90735777
-11.78707397
-11.42754465
-12.02812450
-12.14686597
-11.47860328
-11.80296652
-11.83295952
-11.77927966
-11.65745550
-11.90126194
-11.67364016
-11.79588447
-11.52874254
-11.73052214
-11.64084334
-11.90265040
-11.79810962
-11.72167084
-11.77816999
-11.74599414
-11.55156469
-11.68173865
-12.56314078
-11.61451342
-11.80772455
-11.97242951
-10.01819069
-11.04492477
-10.26062242
-10.02204639
-6.20725165
-5.73886466
-10.60243192
-10.57396330
-10.51364159
-10.09270041
-10.62174959
-10.75361175
-10.12489818
-10.87611754
-9.98207828
-10.60216630
-9.80839524
-8.25272383
-9.19110064
-9.84973355
-9.72523295
-10.25500074
-9.68821360
-9.67215812
-9.71457501
-9.65480799
-7.42607102
-8.54398284
-8.84526156
-8.21790565
-8.63957587
-9.92394344
-8.31343860
-8.60604642
-8.22906628
-7.97143851
-9.40579243
-10.53327283
-8.21605994
-10.30313691
-10.38562734
-10.22791108
-10.52611571
-10.22719555
-10.03481256
-10.24143352
-9.46485566
-9.96148934
-10.33315670
-10.28533093
-9.96578344
-10.19919549
-11.03781914
-9.96703457
-9.73873355
-10.30312617
-8.70006699
-9.55279627
-8.98550619
-8.59550265
-9.47917566
-9.32627544
-9.44040807
-7.95518290
-6.37434087
-8.22966619
-8.61968608
-7.83847838
-6.84365050
-7.80049653
-7.58648429
-7.95063181
-8.19131124
-10.07944106
-9.95318308
-11.17919890
-10.07897501
-10.27969692
-10.27250701
-10.76550843
-10.38625930
-10.39958154
-10.90449717
-5.09693532
-5.54192157
-3.93593477
-3.96516120
-7.11583311
-7.64552618
-6.01447987
-10.90305766
-9.87146829
-9.88478143
-9.92693506
-10.04698458
-9.87949238
-10.48973172
-9.95846627
-9.96863789
-10.09528468
-10.00550466
-10.63921845
-10.13520618
-10.22072502
-9.70312232
-11.58530651
-9.97092704
-9.88066525
-10.00976290
-9.90966057
-10.06338741
-10.16248384
-10.43816745
-10.34181631
-10.24001979
-10.27380663
-10.33554251
-10.28911873
-11.70936389
-11.78860436
-9.68213799
-10.29552051
-11.79049159
-9.80439252
-11.75005180
-9.94017465
-10.23195633
-10.63852514
-9.74112397
-10.04831168
-9.54490521
-8.76802776
-9.48859832
-9.61964901
-9.90377653
-8.93419591
-9.97805274
-8.98173132
-9.19482996
-9.99860089
-9.67722795
-9.72011100
-10.19148136
-10.56988509
-10.22747106
-11.52368410
-10.86471252
-10.82961700
-10.85515652
-9.33358049
-10.37805535
-10.68528276
-10.14818233
-11.55526307
-11.00746543
-10.30306233
-10.96719984
-10.39615983
-11.00640850
-10.23659007
-10.41234646
-10.41663743
-11.30545670
-10.09538585
-10.32996894
-11.35998197
-11.28288483
-10.52085740
-11.03480285
-11.83497853
-10.34533547
-11.00722157
-11.82940800
-10.63209433
-11.17529436
-11.02951367
-9.58390867
-10.25167371
-9.44972268
-10.61318389
-8.43359838
-9.15826919
-8.23819213
-8.53682832
-7.95783044
-8.61033155
-8.12352227
-8.63777005
-9.87143112
-8.92656568
-9.76661412
-9.63570473
-10.05639799
-9.58508529
-9.82517046
-9.82640643
-9.25842582
-9.19603642
-9.68148920
-9.94064556
-7.93977893
-10.03839997
-8.93262238
-8.24700346
-9.42292760
-8.64586481
-8.73194569
-8.80866965
-8.67082419
-8.29161548
-7.89087462
-6.60344646
-8.61707091
-8.23231723
-7.83001864
-8.74315177
-7.93368491
-8.85270078
-8.07300857
-9.25598921
-7.09316006
-7.75074627
-8.61408532
-7.76910172
-7.74053630
-8.24235060
-7.80250896
-8.67103459
-7.35067475
-8.92659089
-6.58929947
-6.88318060
-5.97451507
-6.66990801
-6.02298891
-6.71923569
-5.99684899
-4.73194168
-7.58730482
-7.24957226
-9.39415394
-9.37761217
-8.72485616
-9.59549765
-8.26689536
-9.27549522
-8.05531196
-8.15774701
-10.80166487
-9.61409330
-9.09958723
-9.85319341
-10.34373316
-9.71673745
-10.09904705
-9.18527016
-8.83861235
-8.23582944
-9.23708498
-9.85593756
-8.49738199
-9.31054769
-8.17117748
-8.15118745
-7.97033029
-9.81250664
-9.18457186
-8.40596330
-7.37760785
-7.76836676
-8.77286197
-8.36368936
-8.41075027
-8.22526514
-8.76705097
-8.11840163
-9.13182116
-7.67964361
-8.53223103
-7.91901604
-7.00846757
-7.29245027
-8.15072581
-7.60845858
-7.85156047
-7.96962871
-6.52022259
-8.56974814
-7.04055632
-8.79292272
-8.29869101
-9.15982180
-8.66270712
-10.12152363
-8.56641470
-8.34968224
-8.85013339
-8.24235015
-9.24692381
-7.84622186
-12.95578100
-12.53940162
-12.65625475
-14.14263360
-14.87545387
-12.85514969
-13.83679352
-12.46204316
-13.13950370
-14.11708918
-13.08403328
-14.06233575
-13.97756980
-13.53134635
-13.99631335
-13.73997968
-13.47929171
-13.42738584
-14.42850143
-14.09377425
-13.53716545
-14.23554552
-14.12840685
-13.69662050
-14.00887677
-14.74491549
-14.35169312
-14.82991791
-13.94922301
-14.62654003
-14.10910032
-14.80922497
-14.15174252
-13.88069611
-14.84865666
-14.70664131
-14.73948934
-14.13994165
-14.12813190
-14.63082529
-14.06152383
-14.71692651
-14.64578485
-15.13508891
-13.98805132
-14.58630398
-14.70765818
-15.67400188
-14.74014657
-14.57271483
-15.03421248
-15.52771953
-14.45602366
-14.31153781
-12.67937737
-13.07409939
-14.92116314
-13.64726941
-13.42195747
-13.82547482
-13.44682859
-14.40861116
-13.11032907
-12.81983559
-13.56478152
-13.48631252
-12.97465527
-12.57545218
-11.74287735
-14.43968577
-14.96069956
-13.85763014
-14.01158619
-13.66297003
-13.89287141
-14.91162828
-14.41264378
-14.16300474
-13.64669490
-15.38545347
-13.97817884
-15.39761145
-14.84793794
-14.02081239
-13.40565905
-14.80578169
-15.40899406
-14.07976253
-14.57474253
-14.62869892
-14.45005427
-15.55374681
-15.08265460
-14.45156649
-14.74952875
-14.44877273
-15.11517022
-13.65406769
-11.96389289
-13.06869034
-10.62245227
-11.11939911
-11.19130480
-11.27644967
-10.51074821
-10.94956346
-9.75426363
-10.26205884
-10.31172984
-10.71042983
-10.31059662
-10.81171308
-9.39900710
-10.22161724
-11.18893710
-10.67223460
-10.75724320
-10.04682445
-10.81006793
-10.97007145
-11.82878230
-10.68885912
-11.04462714
-10.99164164
-11.81713457
-11.15472847
-11.38672674
-11.14665239
-10.27893246
-11.10821934
-10.97376275
-11.64001691
-11.13443055
-10.92253602
-11.24958826
-11.50803953
-9.92095931
-9.68219772
-11.08945076
-10.50817037
-11.23858259
-10.42384910
-11.00870368
-10.44612731
-9.50722190
-10.04928944
-9.49668932
-11.01206712
-9.83353243
-10.70856802
-11.21981971
-10.31622588
-11.13335917
-11.27628907
-11.45212453
-10.84806464
-9.90364913
-11.06400910
-10.38056416
-10.71209397
-11.14248476
-10.15947451
-10.39632999
-11.79267911
-11.50929395
-11.00904995
-10.94896271
-11.08089048
-11.35294331
-11.36388385
-11.41704989
-11.39032200
-10.59669344
-11.15475136
-11.36135407
-11.29278762
-10.88286127
-10.97752364
-9.52481496
-11.03809475
-11.55744230
-11.16796160
-11.44010365
-10.83293272
-11.39534064
-9.54736320
-10.40491229
-10.62230172
-11.86185630
-11.43854823
-9.61008067
-10.09673690
-10.73448258
-10.06664832
-9.65270689
-10.62701115
-8.65304731
-8.59342400
-10.81319020
-9.76815344
-11.17366740
-10.42654201
-10.54850180
-10.87747767
-10.70792332
-10.44356274
-10.95451572
-10.68737951
-10.34207077
-10.93727048
-9.98355545
-10.94679391
-10.13505815
-11.10243914
-11.28917863
-10.44447136
-10.37675798
-10.16744779
-10.79798301
-9.94853460
-10.55703979
-10.10926728
-10.20430864
-10.82705157
-9.92741736
-10.35905704
-10.43117370
-10.46446183
-11.09376002
-10.12006609
-9.58359253
-10.33318980
-9.88963533
-11.55434992
-10.02069006
-9.72246220
-11.23390795
-9.19831415
-10.38086989
-10.45240041
-10.52806335
-10.44059164
-9.89594849
-10.29618009
-9.59409508
-10.05210524
-10.38319271
-10.26152744
-10.61448719
-10.16835080
-10.36570612
-11.27305528
-10.73262219
-10.44134663
-10.98385893
-10.91618932
-11.05146764
-11.28899230
-10.75938047
-10.66494778
-9.86943131
-9.98114183
-10.46486161
-10.44877729
-9.93310965
-10.74021792
-10.55547608
-10.96545784
-10.21836715
-9.85529863
-10.30295407
-10.72801974
-10.73446096
-11.24090797
-10.45418500
-10.63334837
-10.67264411
-10.36496694
-11.14455350
-10.64624526
-10.21257072
-10.04154099
-10.24651216
-9.94632430
-10.21990313
-9.70066186
-9.97052579
-10.11114089
-10.33821912
-10.61909899
-10.18664781
-10.46341835
-10.40952393
-10.01913890
-10.13378004
-10.27962305
-10.35800371
-10.39152750
-10.50548168
-10.45120943
-8.29063391
-8.77036223
-9.00008447
-8.94900589
-8.35188871
-8.64557837
-6.92393688
-6.82254735
-8.06650085
-8.42668566
-8.47884527
-8.54805806
-8.52023757
-9.53975043
-11.06237549
-10.26897009
-9.31478483
-10.53628588
-10.35492057
-9.85345732
-9.74150755
-9.43826988
-9.95056732
-10.83980708
-9.76412494
-9.38079313
-10.06347560
-10.42656706
-10.31560371
-10.06654284
-9.70717171
-9.96053830
-9.16561253
-10.25872037
-10.69585948
-9.48523744
-10.23031910
-9.34620166
-10.14288033
-10.30047738
-10.54451283
-9.80553842
-9.29036282
-10.15735980
-8.79659313
-10.01836425
-9.62368194
-8.10644722
-9.51892362
-8.49153912
-10.16117805
-9.28088687
-8.06431020
-10.05217992
-8.79618054
-9.72405363
-9.70832393
-9.95001990
-10.00223831
-9.63173409
-10.66869783
-9.69334366
-9.67825550
-9.59991188
-10.43421508
-10.10306086
-10.43094826
-9.97986767
-9.95044110
-10.58419897
-9.33778702
-9.87031725
-9.89953507
-10.52270376
-10.75971579
-9.32272619
-9.98801990
-9.29385903
-9.98878849
-10.66983075
-9.82835116
-9.65685481
-10.38650431
-9.64954611
-9.18208452
-9.87561996
-9.08734401
-10.34433215
-9.65584773
-9.99330670
-9.87993741
-8.35066143
-8.92458943
-8.46313064
-8.85376384
-9.92401300
-9.74079937
-9.54620788
-9.73222784
-9.83298012
-9.97205073
-10.08696559
-9.56856381
-10.00445549
-10.79917308
-10.12743140
-9.65148006
-9.65077552
-10.91950428
-9.54660213
-10.25734676
-10.10454982
-10.12316906
-10.26742130
-10.01690038
-10.20043190
-10.14154751
-9.73493454
-9.95525303
-8.40644287
-9.39833283
-7.34261681
-8.09450523
-8.75305560
-7.26217403
-8.13717935
-8.62917437
-6.94049977
-7.49038832
-9.61620306
-10.35782407
-9.31476890
-9.43187812
-9.64188135
-10.05112066
-9.62236214
-9.61585961
-9.42408939
-9.76374684
-7.23447281
-7.23235313
-10.15481592
-10.75573531
-9.98948858
-9.94039682
-10.26099294
-9.28761362
-10.19514830
-9.74129824
-10.25438720
-10.45716214
-9.46541179
-11.19211936
-9.90896718
-10.03420598
-9.70285914
-9.72251368
-9.61519143
-9.48035950
-9.21369646
-10.08421975
-10.11057502
-9.99760254
-9.82064144
-10.10928171
-8.41508498
-10.07998196
-10.15789513
-9.65074954
-10.19696759
-7.11669460
-7.40826832
-6.65801482
-6.54726216
-6.65977762
-6.20825343
-5.98524758
-6.04102662
-5.16635766
-4.97604643
-7.96090696
-7.48962412
-8.13810957
-9.81017882
-9.31662642
-7.60154988
-8.54142013
-9.58317020
-8.32819554
-9.00201554
-9.55730302
-8.45345634
-8.75375086
-9.56102800
-9.42864053
-10.08560948
-10.74685626
-10.71805895
-9.56600311
-10.71150532
-8.16546036
-7.50956568
-7.58783165
-7.16713677
-7.73200092
-7.55877227
-7.49325684
-7.53791992
-6.16822060
-7.83211201
-7.33297817
-7.36643945
-6.42865195
-5.01807454
-5.08514389
-6.44907590
-6.57131689
-7.93082161
-7.75497924
-7.23828058
-5.71821064
-6.94275836
-8.01640990
-8.50153824
-8.07196079
-8.69747923
-8.52390786
-7.92899501
-7.56496103
-8.19512204
-7.77361590
-7.96214924
-7.44648076
-7.99693897
-6.65478530
-8.49304987
-8.08040046
-8.60501761
-8.28821001
-8.24918603
-8.02825190
-7.99298378
-7.64316373
-8.01169022
-8.03191539
-7.84750215
-8.12419118
-8.05184213
-8.05444908
-6.61587241
-7.75012240
-7.37161428
-8.32978208
-7.86054053
-8.13678787
-8.02604243
-7.41448498
-7.63793903
-7.88504041
-7.79848652
-7.62067124
-6.82630512
-7.56590259
-7.51371841
-5.29826514
-6.81922177
-6.83895679
-5.91950376
-5.75683939
-7.27122986
-7.10629300
-7.00076442
-7.30582300
-8.27083066
-8.23633628
-7.88769549
-7.04429536
-7.32824213
-7.80699624
-7.29231541
-8.52930930
-7.84707848
-8.13158505
-7.86583540
-7.32601954
-8.12934958
-7.28706778
-7.92718766
-7.37116333
-7.47607714
-8.04344715
-7.00888678
-7.68578808
-7.76275504
-7.99825393
-7.99790170
-7.51149464
-7.29773715
-8.60742368
-7.37039171
-6.71231633
-6.65429798
-5.55685954
-6.13707034
-6.50841990
-3.30204600
-6.39159748
-5.01490576
-4.52837976
-4.51165357
-4.51750503
-4.70886411
-4.71055832
-3.53909418
-5.21650206
-5.40236198
-5.05645911
-5.39872651
-5.99225334
-6.07119621
-6.61531979
-7.06307795
-7.12103311
-6.50211214
-7.25357786
-6.15532374
-6.06576875
-3.67269897
-7.17615304
-7.27006363
-5.85262489
-6.54057951
-5.76618078
-6.58261837
-6.12232858
-6.55137641
-7.20399339
-6.63498252
-5.02420015
-4.19509753
-3.85417888
-2.91280915
-2.90007789
-3.69211221
-1.01201941
-3.99154639
-3.87972064
-5.49712200
-4.60530268
-5.48847504
-5.33165033
-5.66670768
-5.92058633
-3.58517381
-5.23462541
-6.00978449
-4.68690258
-5.01116682
-6.98893632
-5.98454185
-5.70285457
-5.91183691
-6.08889156
-6.56320114
-5.80487296
-6.62110803
-6.45982653
-6.12226255
-5.27968495
-5.02686755
-6.39692387
-6.74402936
-5.76160178
-5.51094183
-6.50711355
-5.49475015
-6.70783622
-5.37095665
-3.33332445
-5.80337558
-5.42297202
-5.81516735
-6.43494436
-5.38289487
-5.32385427
-5.08377791
-6.45028957
-5.83389877
-6.43198698
-6.18014908
-6.16222907
-6.68023494
-6.50872755
-6.84838884
-6.60266931
-6.43810135
-6.42491870
-6.62906555
-7.17194723
-6.49609720
-12.61119665
-14.10340043
-11.44533543
-10.81253821
-11.57190663
-10.36961388
-10.46634729
-11.46765597
-11.89967675
-12.23204665
-12.53121860
-11.92145338
-11.99228090
-12.70328411
-12.19397822
-12.79854289
-11.76754625
-12.04574707
-12.00882897
-13.79969168
-13.03279738
-12.00132265
-13.30868615
-13.57799608
-13.30566418
-12.58128880
-12.44320885
-12.70177732
-12.61233342
-14.24988473
-14.28256935
-12.75842652
-11.97893371
-14.01957017
-12.41437299
-13.96912066
-13.16168854
-13.36430696
-14.32834575
-10.95820884
-11.02342330
-11.60518480
-11.50313171
-12.02042754
-11.90850283
-11.63758220
-11.87425158
-14.35846437
-13.62318903
-14.23602386
-12.64431609
-14.24072204
-14.37194236
-14.36462715
-13.58725026
-14.40102814
-13.94343358
-13.70844419
-13.29353029
-14.45791875
-12.21970226
-13.43203640
-12.41786877
-14.41558054
-12.04620990
-11.68878125
-11.94914344
-11.00952151
-12.13211854
-11.77584979
-12.38437883
-11.86942582
-13.03053740
-11.90951573
-12.19868209
-12.23990882
-12.50673347
-12.06803516
-14.43394478
-14.20899684
-13.24713755
-14.16445460
-13.13757006
-12.01333240
-12.70933199
-13.07014984
-12.39702029
-11.82059328
-12.44223375
-14.24119215
-13.12596530
-12.50599620
-12.14850869
-13.18496671
-12.58313775
-12.80643838
-12.83723453
-13.54502952
-12.40293350
-11.75896918
-6.06205393
-5.55215882
-6.07471598
-6.59836403
-5.54836359
-6.75668607
-5.36491761
-5.48579064
-6.20058224
-7.11878903
-5.88150350
-6.25930054
-6.03938206
-6.27772240
-6.62067490
-5.77309301
-5.67864479
-5.96099488
-6.49826017
-6.37443268
-6.78243413
-6.68877627
-5.61176281
-6.57982327
-5.96970402
-6.18393679
-6.07433005
-5.65518461
-5.12100973
-5.55239266
-5.85007694
-4.56024438
-4.85679558
-3.74862132
-4.38017135
-5.61191823
-6.11304351
-4.63203481
-5.59003904
-4.20979620
-5.13852430
-5.36841388
-5.50124568
-5.81231129
-5.26968000
-6.04509337
-6.04332452
-6.11015090
-6.44659955
-6.30364360
-6.32248054
-6.34359836
-6.76185914
-5.31184082
-6.78893737
-6.97191852
-6.77309774
-6.48907811
-4.97936271
-5.95952519
-6.35594537
-5.74005852
-6.24823015
-6.69477957
-5.87369895
-5.76222870
-5.00418122
-6.02906969
-5.75103099
-6.86383849
-6.42349018
-6.50739778
-6.25708877
-6.35234562
-5.38804079
-6.30296760
-6.89205210
-5.48523485
-6.05831183
-6.91247922
-5.76516893
-6.16463153
-5.04537834
-5.76733001
-5.08520902
-6.01748046
-5.78704730
-4.06861984
-6.14703169
-5.83807461
-5.80349915
-4.90031461
-6.63871682
-5.90988100
-5.47072822
-5.93125588
-5.83843564
-6.54395451
-6.96768544
-6.18960032
-8.95669355
-8.59695822
-8.90802532
-9.35204548
-8.76185127
-9.02974882
-7.35507714
-9.04538056
-8.80176658
-8.53971398
-8.01231195
-8.29992686
-8.11141077
-6.77748984
-7.51003494
-7.04820103
-6.35994207
-4.42734051
-7.31835313
-5.97300987
-9.86821165
-9.88073744
-9.43947658
-9.53794023
-7.46783151
-9.67958905
-9.30321067
-9.75279148
-9.71518213
-8.82456169
-9.41371696
-9.06578546
-8.42618626
-9.56203674
-9.59611553
-8.48617130
-8.02989005
-9.22658116
-9.43465454
-9.12522463
-9.92041164
-9.76690079
-9.96113921
-8.64865384
-9.76466952
-9.53691531
-9.46878036
-9.93188567
-9.43632504
-9.34212111
-9.06688405
-9.36555490
-8.62187306
-8.52273846
-8.88066604
-8.47735209
-7.82281886
-9.46523983
-8.93554611
-8.35331727
-8.37566701
-9.08322555
-7.16424294
-7.13113075
-8.57161288
-7.89591127
-8.34293074
-8.21742267
-10.22460331
-7.10093525
-9.74121032
-7.96178686
-9.48113611
-9.73721402
-8.82011777
-8.63802231
-10.33120797
-8.53564937
-9.38626302
-9.44193075
-8.80701280
-8.75720527
-9.19895518
-9.47377841
-8.91183898
-8.75700003
-8.99221914
-9.25925572
-10.71736730
-8.67160437
-10.00132120
-9.71278166
-8.41604129
-10.10536056
-8.06411672
-9.12958879
-9.10976829
-9.17919571
-8.67569095
-9.04164748
-6.97858352
-6.77760620
-7.11019895
-6.97898282
-6.68343135
-6.05801866
-6.32800032
-6.64503189
-5.95160984
-5.95599433
-7.00353006
-6.12472283
-6.29041806
-6.51516370
-6.53159970
-5.89560242
-6.49036209
-6.07643952
-5.21719060
-5.67903186
-5.64689521
-5.69183157
-5.64237940
-5.19658938
-5.47406378
-6.50331052
-6.56755628
-6.95458639
-6.56978015
-6.78900180
-6.85144985
-6.10798550
-6.07251123
-6.30153680
-6.72386543
-6.81296924
-6.38422315
-6.58283641
-6.36983525
-6.70503540
-6.08299508
-6.58456042
-6.85788339
-6.35745159
-6.58123992
-7.39697933
-6.41968893
-6.36477085
-6.36946492
-5.43901235
-5.80454279
-6.67725992
-6.79126345
-5.40960891
-6.41422231
-6.50886232
-6.94052353
-8.27673023
-7.01401671
-6.08905168
-6.14556107
-6.93258249
-6.29737857
-5.58555793
-5.83134598
-6.08462537
-6.10224122
-5.23599965
-6.04145668
-6.39052616
-5.82308959
-6.26447562
-6.06035147
-5.37169150
-5.58283329
-5.96524389
-5.27177458
-4.21284244
-5.06018764
-5.86196213
-5.88378658
-5.23308441
-6.88083615
-6.74661673
-6.49623149
-6.62946600
-7.02619704
-6.20415056
-6.36126449
-6.50840057
-6.66708714
-7.70553905
-6.00755812
-6.15722571
-6.55313473
-6.59891730
-7.08572505
-6.21587657
-6.51573592
-6.31011413
-13.06890541
-12.55299144
-12.87010864
-12.84437749
-11.68843462
-12.38311936
-12.92470388
-13.24599516
-12.78758225
-12.64134002
-11.70285885
-12.12738941
-11.55350968
-11.56308021
-11.83029192
-11.72529372
-13.08449879
-10.77968375
-13.24750171
-11.82919395
-12.52661331
-11.71160741
-11.80514354
-11.51058524
-12.80673324
-12.11069907
-11.78728382
-10.52815704
-11.40803987
-10.29519641
-10.94813422
-11.02513471
-11.65727356
-11.17503307
-11.73092100
-11.07623371
-12.01884354
-11.81295208
-13.04153456
-13.17102591
-12.07318597
-12.92104415
-12.93412543
-13.10717083
-12.24966887
-13.09360570
-12.89851725
-12.56119210
-12.97125144
-12.97038599
-12.60316805
-11.99061586
-12.88243662
-13.17001142
-13.49167558
-12.33557561
-12.69392237
-13.00650031
-12.92542571
-13.50595786
-12.80516835
-13.01887844
-12.44805982
-12.87213384
-11.92177460
-12.21830003
-12.57361064
-13.05213668
-12.98030444
-12.90043006
-12.64298776
-12.54946263
-12.93022977
-12.33406510
-12.64675992
-11.98695380
-11.55994037
-12.99210412
-12.48903377
-11.96227679
-12.12003073
-12.08082903
-11.91419941
-11.88337391
-11.98212681
-11.04002425
-12.44079226
-12.15402193
-10.80238743
-12.33329441
-13.59211248
-12.48469705
-12.37096558
-13.17853371
-12.91148697
-13.76009263
-12.86587890
-12.91237143
-13.04726032
-12.82401935
-14.42161148
-14.43695557
-13.82016695
-14.53056115
-14.66086114
-14.72538093
-13.71451111
-14.39013626
-14.40720884
-13.49042432
-14.16180927
-13.36285525
-13.18916691
-14.40372015
-14.60849343
-13.64429208
-13.76620557
-13.63269129
-13.46983989
-13.45265484
-14.24880534
-14.02511692
-13.64255764
-13.57879436
-13.68891295
-13.53695445
-13.00180617
-13.72632679
-13.89666947
-14.15345896
-10.24104985
-10.86674229
-12.05598465
-12.53539231
-13.16635860
-13.33779397
-12.35676726
-13.54917206
-13.77561147
-13.58473270
-13.04737923
-14.29546938
-13.97300833
-13.67275968
-14.05243673
-13.73554872
-13.42342439
-14.24810638
-13.77139449
-13.72367730
-13.44586892
-13.46612236
-13.84054541
-14.52397813
-14.23534115
-14.03185321
-13.85992991
-13.70291155
-13.80175444
-13.63977538
-14.06545592
-14.06763539
-13.65866718
-13.87721568
-13.65053402
-13.47048435
-13.72917415
-14.46398171
-13.84326075
-14.33083378
-13.86190523
-14.44608675
-14.02466386
-14.23451903
-14.12586578
-13.35024811
-13.66344166
-13.56032928
-13.94239821
-12.40918836
-13.27770914
-13.34766240
-12.93830918
-12.56535050
-12.92717547
-13.43919019
-12.93148399
-13.45160562
-13.09530436
-13.53209023
-13.31742371
-13.56416190
-13.28421591
-13.49743252
-13.56111416
-14.40813590
-13.59356212
-12.82454108
-13.77839239
-13.69892901
-7.52449385
-6.76194503
-7.53515893
-6.96487680
-7.78145866
-7.36533716
-7.03228238
-8.07930344
-7.74456901
-6.53938385
-7.58173519
-6.34957808
-6.44870644
-6.75441902
-5.94283289
-6.21997313
-4.58969018
-6.99725381
-7.38501127
-5.56913564
-4.54336834
-5.12056950
-4.72533314
-5.31378288
-4.37396669
-5.66351869
-6.83552953
-6.32049453
-6.33101843
-5.47520826
-7.86932742
-6.55155150
-7.45205950
-8.14172432
-7.61970864
-7.30514441
-6.36974376
-7.69977472
-6.95545042
-7.82481897
-6.55073446
-6.74064146
-5.93841819
-6.32576601
-5.79680555
-5.43200366
-4.84587228
-6.16919345
-7.65359212
-5.72659924
-6.78568360
-6.36382400
-6.95727830
-6.13761431
-7.22801197
-5.38744694
-7.73391377
-5.76189782
-6.43725626
-7.98160732
-7.64672957
-6.52868727
-6.63543614
-7.10219185
-7.22969941
-7.74367365
-6.96206874
-6.18255116
-6.99385495
-6.79195842
-7.80068281
-7.29131397
-5.62842563
-6.39822616
-6.30132036
-6.45971790
-6.98696141
-5.87004682
-7.87544075
-6.24634491
-4.17980822
-2.69095094
-4.95486315
-3.16277769
-4.57937078
-4.26298723
-4.61233163
-4.86868594
-5.41023765
-7.31523862
-7.74943393
-7.44718009
-7.37459548
-6.90862654
-7.48980106
-6.63737250
-8.18481676
-7.01535074
-6.96404220
-7.13449562
-11.67006249
-10.92811219
-10.80883478
-11.64011767
-11.97308735
-10.13136897
-9.76518527
-10.08898288
-10.94227541
-9.33014654
-12.35406117
-11.39017839
-11.00610929
-10.48224734
-10.81574025
-10.50363598
-12.92841892
-10.87004380
-12.52856972
-11.79510755
-12.07809122
-10.77061786
-11.55588559
-10.77753104
-11.07114894
-11.24694357
-10.85737437
-11.63269594
-10.79259303
-11.50506363
-11.24515593
-11.49368909
-11.64626286
-11.93507836
-11.75414194
-10.44973217
-12.79952502
-11.80695956
-10.99265830
-11.81419689
-11.76555437
-11.28345645
-10.92894132
-11.79985305
-11.89376488
-12.62221373
-11.03354244
-10.92105687
-11.68720480
-11.15654103
-10.93525871
-12.00536445
-12.01489012
-11.29013117
-12.26241399
-11.82387426
-11.32302129
-11.22319103
-9.99108017
-10.04910943
-11.02036958
-10.79725289
-10.67585695
-11.30496870
-10.65658960
-10.49265541
-10.83521022
-11.26234378
-11.33623818
-12.03463745
-12.08090690
-11.16339894
-11.19884385
-12.12185135
-11.21896097
-11.86330923
-12.95503179
-11.64678247
-11.22109986
-11.62504281
-11.09601231
-10.87023045
-11.01015041
-12.01797883
-11.20655066
-11.56233076
-11.31168982
-12.91887823
-11.27667810
-10.53500510
-11.34828078
-10.89722990
-11.93019127
-13.43672465
-10.94273450
-12.81167306
-11.75419502
-12.19436637
-10.76768127
-11.13204348
-10.88905613
-12.54139668
-12.54219650
-11.94397716
-12.37447048
-11.99555314
-12.15542062
-12.21357078
-12.04368342
-11.86073077
-12.50824914
-12.72669567
-12.67587399
-12.80645025
-12.54966724
-12.82774685
-12.43728037
-12.74573225
-12.64362941
-12.46636770
-12.33733724
-12.62365566
-12.61023603
-12.67832651
-12.16784687
-12.61080848
-12.59710466
-12.61941435
-12.58420001
-12.68621864
-12.68294137
-11.07543420
-13.76316540
-12.64459681
-12.59032950
-12.70873992
-12.79465214
-12.71981703
-12.56951823
-12.16118069
-12.69435581
-12.19388212
-12.07359895
-12.19451222
-12.03284026
-11.99290732
-12.46974295
-12.29417165
-12.06467533
-11.96738975
-12.48557689
-12.09984528
-12.68402629
-12.22643005
-12.02623757
-12.26102387
-9.87112169
-10.24927725
-10.43594459
-12.25191220
-12.52551931
-12.54055839
-12.59373220
-12.79352735
-12.56180840
-12.43678798
-12.66184516
-12.72387002
-12.65260003
-12.68488031
-12.71385643
-12.77468993
-12.63157861
-12.55542970
-11.87045754
-12.28559922
-12.47145584
-12.63131549
-12.59909279
-12.79108292
-12.76557250
-12.92524559
-12.74836237
-12.59772045
-12.72021173
-12.51020742
-12.77877684
-12.69674322
-12.70729917
-12.61111223
-12.54097616
-12.59988354
-12.72181961
-12.60107459
-12.60385593
-12.20546831
-11.47895836
-12.62274235
-12.26962585
-12.50619710
