-13.35926885
-13.73023057
-15.11900396
-15.75471636
-15.96152233
-15.43606285
-9.08259218
-8.47086674
-13.16916735
-13.26728814
-13.63677208
-11.23987559
-9.76712414
-9.57945262
-10.37168398
-9.21242734
-9.30984147
-10.36500537
-11.08394658
-10.93616653
-15.12998202
-14.95905811
-14.90302287
-15.55017331
-15.26007118
-15.23102478
-14.69157677
-14.82371333
-14.74761641
-14.96991412
-15.59637617
-14.63210528
-14.79527316
-16.04599087
-14.58056506
-15.63471526
-16.88076139
-15.52056638
-15.52361521
-15.77187596
-14.67721120
-14.21695560
-15.53576526
-15.44564894
-15.40283653
-15.07617405
-10.86691691
-14.56178597
-13.30008147
-13.76455082
-14.15055832
-13.80880127
-14.19917170
-14.83878631
-14.12722158
-13.75965387
-9.07137528
-14.59210817
-10.90966466
-12.33003154
-12.07150071
-12.38441882
-11.84753234
-11.21217740
-11.77465564
-12.84534345
-13.39576146
-14.12162825
-8.39872844
-8.65953518
-7.99779946
-8.27191630
-7.92082479
-14.43612331
-14.61537833
-14.91355175
-15.23930586
-15.29246030
-14.90188619
-15.02171418
-15.58399607
-15.05547346
-15.27907570
-14.18868570
-15.42630272
-15.35336784
-15.97802183
-15.25474418
-15.18615334
-15.18794347
-15.57910559
-16.03982019
-15.86030205
-15.40595202
-15.11072060
-13.89647064
-11.93299432
-15.11821257
-8.33807701
-9.54987066
-11.07435731
-10.17332244
-11.09174659
-11.22656613
-11.06622433
-11.27010719
-11.31035061
-11.53722075
-10.38940783
-10.97516365
-11.22115929
-10.20089183
-11.26719383
-11.34689621
-11.40665868
-10.91150458
-11.00049984
-11.55048670
-11.27968151
-11.22987649
-11.20991070
-11.26621888
-11.00318722
-11.17409946
-11.32209197
-11.57281638
-11.21349126
-9.84862430
-11.24162544
-11.04663150
-11.06552286
-11.55509597
-11.04845073
-10.55090487
-10.67875398
-10.24517494
-10.12235371
-9.91376841
-9.08847193
-11.31851721
-10.41541204
-11.19179123
-11.70560295
-11.33145722
-11.15579178
-11.16077782
-11.38452333
-11.32322971
-11.20181304
-11.38566223
-11.22883380
-11.50113030
-10.73735930
-10.85925481
-11.11072386
-11.20913965
-11.40848333
-11.28278228
-12.03858551
-11.36850310
-11.37027560
-11.26375924
-11.25077775
-11.72008863
-11.48285276
-11.49260943
-10.85020561
-11.81546203
-10.76977204
-11.29458778
-11.50960981
-11.31425110
-11.70571254
-11.45231738
-10.86345303
-11.83316038
-11.63749028
-11.49680620
-11.76461676
-11.68159751
-11.39301923
-11.40596521
-11.81084998
-10.99164337
-11.14193156
-11.24228886
-11.33113636
-10.43207464
-11.46467949
-10.56806309
-11.46576414
-11.29858342
-10.57534383
-10.98124152
-11.14004529
-11.39904057
-11.31974029
-10.89807845
-11.18347396
-11.22194607
-12.95879444
-12.66500810
-13.43660664
-13.17653779
-13.17030650
-13.04315740
-13.20741213
-13.32645178
-13.22879380
-13.58608907
-12.57748748
-12.95796654
-12.86245080
-13.22773623
-12.64076265
-12.97353682
-12.87331713
-12.73293459
-13.11513356
-12.77095234
-12.80550913
-13.08717837
-12.62720776
-12.74099483
-12.79818646
-13.00808983
-12.59554971
-13.11509710
-13.06491190
-12.77885026
-12.46344800
-12.53719529
-12.71946469
-12.68745065
-12.34822287
-12.75149628
-12.13355870
-12.76912565
-11.95973605
-13.75745784
-13.40739198
-13.17917738
-13.18524368
-12.78759323
-13.14173406
-13.18334789
-13.05946281
-13.14511690
-13.15331872
-12.67059784
-13.13574912
-13.30881308
-13.05283114
-12.99279556
-12.91402543
-12.84596588
-12.95943367
-12.24247672
-12.95271810
-13.01328925
-13.18655195
-13.29700785
-13.08914034
-13.11026408
-12.98197595
-13.85311681
-12.86434904
-12.76696030
-12.94866509
-13.20280572
-12.92011589
-12.62757547
-12.58418022
-13.31883714
-12.33836028
-13.50301324
-13.19652967
-12.99606434
-13.06226182
-12.49019355
-12.60191926
-12.90460826
-12.07856495
-12.61437302
-12.66255623
-11.82444819
-11.99405497
-12.91718087
-10.46983720
-11.92051560
-11.76772515
-12.73704591
-12.96872390
-12.56957563
-10.92996841
-11.09875414
-12.27990189
-13.18868691
-13.56508931
-13.56173453
-12.85417571
-13.06134480
-13.24056081
-12.19899740
-13.46923116
-13.16189210
-12.71230570
-12.19264668
-13.03354482
-12.34451613
-11.81994001
-11.53978149
-11.23086313
-13.56789265
-11.40467318
-11.66642385
-11.97026890
-12.62202963
-11.44791279
-11.70698082
-11.89087848
-13.45044924
-13.06289544
-13.46904653
-11.55016328
-12.75120006
-8.33934111
-9.14146943
-6.85795842
-6.29297061
-10.00658718
-9.19477587
-8.89909493
-9.76724062
-11.45030645
-11.23445705
-11.04016910
-10.02083485
-12.39422887
-11.89271511
-10.26241320
-11.06429240
-10.50377559
-11.05558702
-11.23156288
-13.10726348
-11.67359252
-13.58276227
-12.17917650
-9.03068409
-13.58328325
-9.33481735
-10.60380451
-10.82435644
-13.61358514
-13.22184188
-12.27551560
-13.32910170
-13.11632876
-12.10682828
-13.04964506
-13.10567898
-12.00334962
-12.51656762
-13.44874689
-12.16088716
-13.29946480
-12.92654704
-13.75817706
-11.95315899
-13.10151247
-12.36597497
-11.96846958
-13.13211316
-13.31261658
-11.84561006
-13.15677688
-13.42900937
-12.85932760
-13.86125312
-14.41748484
-12.56670040
-12.34606610
-9.80657583
-10.61378857
-7.72967634
-10.34789810
-9.84551155
-10.67930369
-9.59115147
-11.86187316
-11.46538465
-11.53310994
-11.40743767
-11.48054500
-12.83592874
-11.33277710
-13.01777509
-12.05197223
-11.42932858
-10.47939068
-11.24845506
-10.26645799
-10.06337299
-8.96820035
-9.89487509
-10.26037478
-9.93769438
-10.20782843
-10.82028979
-11.03381536
-10.10929248
-10.77809212
-11.25003576
-10.62691377
-11.43649341
-10.75624863
-11.62265687
-10.78083625
-11.15619140
-11.33370530
-11.31149839
-10.25664777
-11.00110501
-11.19807914
-11.70493885
-11.15691248
-12.10713572
-12.85614636
-13.05729614
-11.83275339
-11.89339841
-11.60967798
-12.12141202
-11.79898818
-11.66381991
-11.89187692
-10.60114144
-9.58736657
-9.99967446
-10.48953119
-10.53910302
-11.76104816
-11.02199153
-11.06669182
-11.25653365
-11.74615241
-12.20776768
-12.69734985
-11.95360659
-11.98144146
-12.14735413
-10.91247448
-12.06085948
-12.68587655
-8.05387308
-10.88883340
-10.79403161
-10.12786357
-11.74115647
-11.60715657
-11.67630881
-11.22291319
-10.07292013
-9.92227460
-10.80852327
-9.14519095
-10.48191086
-7.80654010
-10.07703245
-10.05153329
-11.01017495
-11.79369735
-9.86763853
-10.28902427
-10.72478430
-10.91808257
-12.09513539
-12.63618491
-11.33429565
-11.79746558
-11.48348899
-10.90925254
-11.45042529
-11.21264672
-11.81248331
-11.46006489
-11.78075273
-10.07061333
-11.77570832
-11.08499362
-11.87747877
-11.94788589
-11.51581939
-11.60740823
-12.87324469
-12.74918818
-12.00492117
-11.87177698
-10.05374418
-9.14830885
-9.51632998
-10.07995906
-10.05025865
-10.52051956
-8.71332215
-10.21044255
-9.32048781
-10.62779943
-10.05488446
-11.28788211
-10.58814662
-11.04047129
-9.49744454
-11.49219991
-10.36991155
-10.84522938
-10.84517160
-10.85592597
-10.69630295
-9.50402912
-10.54531304
-10.15639316
-9.56579556
-10.07816011
-10.53102680
-7.98042766
-8.71702343
-9.26579657
-10.78912031
-10.47260594
-8.82245142
-10.25688038
-10.32939463
-8.82556656
-9.49635285
-10.40521123
-9.16628362
-9.41748271
-11.01135242
-11.11268614
-9.78924777
-10.60053750
-8.76144235
-8.16343704
-8.63973603
-9.97800581
-10.68208435
-9.49079770
-11.12490981
-11.01674237
-11.19185456
-11.15531600
-9.67011786
-10.06766274
-11.75884753
-11.04466373
-11.17476817
-10.73651607
-10.23187397
-10.27954475
-11.56848127
-10.96273001
-9.50423266
-9.91017094
-10.60524158
-10.67797853
-9.67587053
-9.75464320
-10.33093822
-9.84758955
-9.90142445
-10.07863185
-10.27271918
-10.88694697
-9.80010767
-10.22780146
-10.97642481
-10.33042127
-10.52601343
-10.68083348
-8.94670820
-8.78369914
-8.98235063
-9.70664020
-10.97030130
-8.88010252
-9.03339039
-8.30595092
-7.86973417
-12.08496498
-10.54090882
-10.76298156
-11.49351039
-10.97695319
-11.87771703
-11.02808601
-10.78280228
-10.73669731
-11.25210617
-10.84235108
-11.16007143
-10.58478853
-12.43628102
-12.09691612
-12.19404928
-11.36709230
-11.93602016
-11.85951283
-11.33367500
-10.66002602
-11.96964102
-11.54667813
-12.32093347
-9.63999029
-10.89636181
-9.57761849
-8.09253448
-8.44595398
-7.50898841
-10.36063359
-11.04613086
-10.09567250
-8.64704775
-11.69587078
-10.40077675
-11.05714137
-10.74872878
-10.92869219
-11.48599534
-10.90669491
-11.82405711
-10.94914317
-9.81217701
-11.80377827
-11.29800446
-11.91050033
-11.54486575
-12.59797732
-11.30286738
-10.67333583
-11.86822667
-12.27363582
-11.87909434
-11.23127675
-10.78493966
-12.07207496
-10.88773033
-10.89785951
-10.76868003
-10.89232680
-12.47020657
-12.01126572
-12.12348746
-10.62844718
-11.73662170
-12.01144215
-11.53543083
-11.38087229
-12.22814256
-12.17498370
-11.73342229
-10.96762267
-11.60322058
-12.34056518
-11.09904945
-10.68876287
-10.45071973
-10.97341292
-11.24247157
-10.93023155
-11.48731104
-11.07513097
-10.15289546
-11.00673159
-11.18478724
-11.44125196
-11.74261517
-11.05508579
-9.77049928
-10.46972274
-11.14256988
-11.89127426
-10.78407195
-10.72817560
-10.65413093
-10.96436017
-9.97066913
-10.50467782
-10.41734863
-11.62792555
-11.14461314
-11.64081347
-12.37133153
-11.06343371
-12.16966344
-11.99115728
-11.78060461
-11.58159516
-10.83549478
-15.56060402
-15.98823475
-15.48525090
-16.24125236
-14.82743229
-15.72512800
-15.47997983
-15.54835702
-15.87340044
-14.84143671
-15.74427386
-15.47867159
-15.47799505
-14.98228341
-15.75401647
-15.31900866
-15.49242653
-15.40184894
-15.24124111
-15.13457229
-15.56016744
-15.40655411
-16.02741350
-16.05202338
-16.26104285
-15.25089245
-15.53313559
-15.91811351
-15.68544329
-15.77900881
-15.36338572
-16.12070699
-15.73791414
-16.04353524
-16.27914648
-15.75203930
-15.91934486
-15.59966979
-15.92613414
-16.35828873
-15.72659427
-16.15852588
-16.29488659
-15.60442456
-15.84239240
-16.35154142
-15.59199983
-16.31881484
-15.93769066
-16.27430437
-15.30140155
-15.52134460
-14.82344698
-14.38535426
-15.09381320
-15.19159365
-14.47026599
-13.83178799
-15.18909495
-14.08850591
-15.11495770
-15.71488804
-15.32454234
-15.52557815
-15.22294787
-16.23757220
-15.47479001
-15.63286572
-15.31837249
-15.38526539
-15.53651677
-15.30376276
-15.75067122
-15.68610911
-15.81982492
-15.39973684
-15.73579276
-15.34014423
-15.66427728
-15.80202440
-15.77754459
-15.42060828
-16.48781346
-15.50588613
-15.28707321
-15.44225058
-15.81610558
-15.57044700
-15.07472736
-15.35488143
-15.82851963
-15.97772862
-15.76105128
-15.98443916
-15.59077007
-15.45983311
-16.00668546
-16.09559205
-15.74034491
-15.83690477
-7.51701778
-9.02630315
-7.97902320
-7.50421873
-7.71118740
-7.60604626
-7.39180239
-7.38349661
-7.20474047
-7.47537293
-6.78947174
-7.26236459
-7.24651303
-6.79090828
-7.05841556
-7.23266825
-7.00125340
-7.55670306
-7.68318071
-7.26051463
-8.88052911
-7.64988773
-7.28035197
-7.65737452
-7.70417710
-7.63107699
-7.13160787
-8.20372743
-7.65202002
-7.57163871
-6.33881849
-6.46994789
-6.49733337
-6.24073008
-6.82530629
-5.92283731
-6.27017719
-6.10236308
-6.72126964
-7.16529514
-5.96325931
-6.08970246
-5.53627777
-5.84571250
-7.46216380
-4.31737249
-5.79175624
-5.75389103
-5.78920967
-5.61537155
-7.53353813
-6.21703462
-6.53469014
-7.77845733
-6.73042268
-7.19121915
-6.95473301
-6.83048073
-8.62738880
-7.29413017
-7.03275172
-6.79751983
-7.46675190
-6.91832764
-6.59831424
-7.06454090
-7.25027902
-6.88783906
-6.70784762
-8.41656892
-6.27591678
-6.54025342
-7.54143969
-7.94063599
-7.56786416
-7.01409569
-7.56186765
-7.36430848
-7.93163104
-6.99343280
-7.56066967
-6.59071837
-6.44602171
-7.16858407
-8.42448875
-6.98112988
-6.96539561
-6.61591070
-8.20301825
-7.15931943
-5.87205857
-7.01829225
-6.19508159
-6.22239362
-6.05912239
-5.65267838
-7.37553249
-8.56432497
-6.26229102
-6.43779433
-7.24238069
-8.37173090
-7.96537454
-8.53532774
-8.60182211
-8.00022625
-6.33330088
-7.65600944
-7.76976907
-7.38270136
-7.73040493
-6.57407958
-8.01734265
-7.65259014
-8.28357867
-5.59792968
-6.64750592
-8.42331823
-8.57348490
-6.20225007
-6.91295388
-7.74218806
-8.30098993
-6.87105815
-8.24301662
-8.29812958
-8.23249051
-8.39749742
-4.88281699
-5.11402033
-5.61735922
-5.96906924
-5.55703902
-5.15123181
-4.56811357
-5.80977211
-5.49387578
-5.24700644
-5.79520896
-7.57259747
-7.75131914
-6.72442815
-7.41847038
-6.55835094
-7.14868531
-5.93532266
-7.44528298
-6.13579934
-7.84451817
-7.80496164
-8.26483309
-8.07606436
-7.53873619
-7.59586715
-7.08357841
-7.41770572
-8.31859121
-8.34922412
-6.49000421
-7.76982762
-7.64479916
-7.38025214
-7.90095754
-8.12918944
-8.10582850
-5.34727795
-8.28867894
-7.47690996
-8.45516253
-8.39586219
-8.03550520
-5.15425781
-6.76471436
-6.83514285
-7.79649681
-8.19927466
-5.41690666
-7.48389591
-6.36157889
-8.54376743
-3.16659100
-4.62685395
-4.52418204
-5.12922627
-6.24221017
-5.73335061
-6.19348386
-5.51264746
-4.70633313
-5.34757490
-7.33225790
-7.36015147
-6.35898808
-5.80462242
-6.10029695
-5.43401309
-5.71730998
-4.94412849
-6.86290610
-5.71583527
-10.19951491
-9.49451939
-9.06413161
-8.60200712
-8.85966373
-8.93563351
-8.07892092
-7.60262636
-8.06186911
-6.90492183
-10.10493817
-9.69699749
-10.60437497
-10.62965611
-9.82050467
-9.81514297
-10.76400414
-10.62802909
-11.25114125
-10.91491871
-9.88436304
-10.50077844
-10.92669407
-11.15734863
-10.10645623
-10.73414500
-10.65571219
-10.68631242
-10.86299693
-10.63594658
-11.45179221
-11.29826863
-11.86054153
-10.90214122
-10.50432670
-11.62245874
-9.94103233
-11.54538112
-11.69584315
-11.44500489
-10.82260788
-11.74065501
-11.63453710
-11.10481203
-10.45014935
-11.62874476
-11.72561502
-10.24058427
-10.39570091
-6.94651335
-9.04733891
-10.08420127
-9.85066153
-8.35902593
-10.19848411
-10.40836021
-10.70156535
-10.05752044
-10.46508270
-10.15105167
-9.95049124
-10.67216794
-10.51655569
-10.75951087
-11.04747988
-11.37830959
-10.60624484
-11.43422717
-10.69123266
-10.32766385
-12.05823459
-11.06370794
-9.27865255
-9.33154381
-11.51325774
-10.83529857
-11.44298366
-11.46012897
-11.47761228
-11.39078779
-11.60455560
-10.99241056
-11.65463971
-10.54571897
-9.76414212
-9.42276838
-11.89851944
-11.76511142
-11.72921066
-11.03490561
-11.22041077
-11.10382325
-11.38328755
-11.55795391
-11.68421454
-11.04172072
-9.20763739
-9.06364714
-10.70352813
-8.87800698
-6.01379903
-6.02224189
-6.56972866
-5.65142692
-5.72134704
-6.60073366
-6.34564752
-5.23510503
-6.11237400
-7.81745203
-7.39688541
-7.54395954
-7.43288384
-7.33973739
-7.57792048
-7.19416514
-7.89841448
-7.74121056
-6.91202375
-7.70157142
-6.91154146
-6.88197154
-7.46292881
-7.15227846
-7.51513666
-7.10378942
-7.39796628
-7.44609406
-8.02745020
-7.56637001
-8.05760591
-8.48916399
-8.34041314
-8.16868222
-8.22365177
-8.37182379
-8.56252468
-8.42514926
-8.62083025
-8.13116944
-8.08345567
-8.36221822
-7.92041756
-7.68345362
-7.81547906
-8.78837031
-8.74545358
-8.04101866
-8.51331824
-8.17981136
-8.53052858
-8.00685007
-8.34580088
-9.46708227
-8.17185084
-8.12148842
-8.46551482
-8.65232669
-7.52975460
-6.53202954
-6.33464444
-6.55800244
-6.96534042
-6.34939626
-7.13291730
-6.80863970
-6.89390770
-7.79113376
-6.35131007
-6.94076063
-7.65768542
-8.33470376
-8.83022896
-8.23516466
-8.05809970
-8.36381859
-9.03484031
-8.33388377
-8.34283328
-7.50734252
-7.40939153
-7.47238586
-7.94398185
-8.07935886
-8.48803798
-7.42448407
-7.54943315
-8.39707391
-8.62989960
-8.52587266
-8.37749988
-9.12993372
-8.62821108
-8.62856429
-9.17679293
-8.75498416
-8.19291543
-8.32865768
-8.42062502
-8.56025441
-9.45998051
-9.07427742
-8.74271171
-9.72372072
-8.84864834
-8.88304780
-10.56763340
-8.86491797
-9.15655166
-9.65171007
-8.89090906
-9.25261319
-9.92731697
-10.24023316
-8.97343844
-8.92284314
-9.00134768
-8.74804086
-8.04558729
-10.07532430
-8.75541640
-8.50561278
-8.86146658
-8.71400580
-8.74548013
-8.25306896
-9.69714602
-8.90679339
-7.63378344
-7.60317334
-7.02040153
-7.15534797
-7.45452998
-7.38935321
-4.87707089
-7.51546079
-7.35744178
-8.76491353
-10.22652089
-9.00057518
-8.93536802
-8.96184468
-9.39463012
-9.37445020
-10.10976166
-8.97480038
-8.70257914
-9.16481128
-9.42488817
-8.63327263
-8.30496023
-8.71085242
-10.23872216
-8.49756889
-9.16326961
-9.95799992
-8.65293004
-9.12948830
-8.79809140
-9.54541234
-8.95803546
-8.71069613
-8.33782811
-8.74757054
-8.27991118
-8.89199617
-9.33704155
-9.94005056
-8.80189823
-8.50834562
-8.87456767
-8.65324728
-8.76452391
-8.81838247
-8.82163423
-9.00497061
-9.12532644
-8.70607597
-8.69015914
-8.74115570
-8.33781692
-8.97724170
-8.61823273
-7.72027086
-7.94729839
-8.41815312
-8.56342497
-9.04941004
-9.49071626
-9.72069061
-10.17276128
-8.81396436
-8.99662521
-8.78381374
-9.89165767
-10.17891546
-9.92192328
-8.46123659
-8.87544859
-8.10293283
-9.65892807
-10.04095465
-9.64569174
-10.16992857
-10.28750883
-9.46068950
-9.83907997
-9.16394210
-9.40407389
-10.12615396
-9.62459038
-9.96097819
-10.21042784
-10.27276471
-10.07429770
-10.12441261
-10.52851367
-8.27980001
-9.57239930
-9.80965767
-9.29457620
-10.08203046
-9.48810660
-9.97082773
-10.78365428
-9.99807827
-9.30915771
-9.56452278
-9.22611697
-9.63160308
-10.00645105
-9.46047326
-10.22160566
-10.22878621
-10.03271770
-9.79062560
-9.11664862
-9.98183138
-9.33347095
-9.37073192
-9.50513055
-9.99621574
-8.97329011
-9.99083286
-9.85532450
-8.41348416
-9.73605634
-9.20160369
-9.27175050
-9.13082324
-9.37733952
-10.07176830
-9.29532375
-9.38342832
-9.53704855
-10.15192344
-10.04907833
-10.12855550
-9.61502339
-10.23529981
-9.98975776
-10.39499500
-10.05697190
-9.98166203
-9.66810734
-10.09181821
-9.51891987
-9.41180204
-9.96730122
-9.35980528
-10.12441868
-10.14790619
-10.28960452
-10.09807009
-10.05018997
-10.19944434
-9.42341226
-10.20893004
-10.06048320
-10.20021191
-10.23085975
-10.06121813
-10.17615452
-9.38421333
-9.41392337
-9.36153298
-8.60178459
-9.92882967
-9.41147867
-9.94803315
-10.30916971
-9.17366932
-10.04429505
-9.32480704
-8.83682096
-9.19249535
-9.41023950
-8.97459076
-9.64190499
-9.79439523
0.24595951
-1.79997057
0.52381578
-0.27332266
-1.60413192
0.76249916
2.87916173
-1.99710990
-1.39852637
0.12946211
0.73383360
0.57809967
1.05736452
1.21157227
0.97374793
0.68750457
0.67570808
1.31545655
1.92699960
3.24000759
0.37527278
0.64724313
1.50136442
1.41514731
1.65278442
1.38438210
0.42899970
0.73960656
2.22597376
0.54525288
3.74672945
1.21889257
1.10219657
0.25326316
-0.31010195
3.54648616
2.44867533
-0.27822924
1.91624217
0.64148127
0.71048636
0.78892791
3.28657799
1.65521118
1.20916278
0.96145916
0.99499921
1.64079408
1.27628757
0.77816507
1.54385640
0.56906231
1.71041056
1.07446020
1.27777327
0.79323551
0.89518626
0.09308878
-1.14981997
-0.03738855
1.67999514
3.44230840
0.79918459
1.91864808
2.29315033
-0.27189084
-0.19518145
1.34342297
0.93954821
0.20041277
0.23131362
0.34935715
1.79382103
0.27884886
2.20868312
3.29191030
1.33921475
-0.88431317
3.21691298
0.75188054
2.64036848
0.60217775
0.89706518
0.59566033
0.33391955
0.94074552
1.15949894
2.92528153
3.08427608
0.07167883
2.80421436
1.24137393
4.09834451
1.99910332
1.88943017
2.65389249
2.01855737
2.73619346
2.29118174
5.15141451
-12.03762796
-11.11636333
-12.22084153
-10.58310199
-11.44889842
-11.54387748
-11.95243147
-10.65776452
-12.22755180
-11.40628127
-12.35430867
-12.28224750
-11.12635071
-10.53274670
-11.01025128
-11.94684825
-11.74241300
-11.89227984
-12.20858169
-12.63720529
-11.35034980
-11.28019792
-11.44098495
-12.73707320
-12.55021856
-9.29404973
-11.78355895
-10.87511636
-10.41705648
-11.82148741
-11.44910944
-12.33664889
-11.14697010
-12.48215678
-11.41760820
-11.44491828
-11.50857504
-11.62090728
-11.44703584
-12.52434746
-12.52389475
-11.69278311
-10.99908475
-10.54343222
-11.67414533
-12.16179181
-12.57086429
-11.65914105
-12.12847672
-11.28129801
-11.69492562
-12.45584309
-12.50260707
-11.33111153
-11.45076086
-11.29382507
-12.09154550
-11.86675676
-12.03007741
-11.55770459
-12.31659053
-11.46037998
-12.12533504
-12.39321261
-11.16195999
-11.39805020
-11.49639695
-12.52485468
-10.51628129
-12.54257535
-11.13141276
-12.23537221
-11.02878932
-11.40591942
-11.67971477
-12.38674119
-11.42938216
-11.79471614
-12.35623815
-11.10130340
-11.45904432
-12.06086002
-11.23943122
-11.13448395
-11.21041783
-11.21690023
-10.25771209
-11.80485006
-11.26660782
-11.60481074
-11.68075151
-11.46985250
-12.37026611
-11.37918654
-10.50745246
-11.96875686
-10.76569371
-8.48825404
-11.45276887
-11.40681703
-15.89048728
-15.42312732
-15.21051207
-14.58904190
-14.58609430
-14.62568112
-14.36655358
-16.52650528
-15.40129677
-15.77576285
-15.84977206
-15.28478028
-15.52101772
-15.23674723
-15.23253273
-15.40575531
-15.58764517
-15.33985556
-14.96780633
-14.98851054
-14.99185330
-15.02876381
-15.40852864
-15.40084053
-15.11606505
-15.13596712
-15.36283765
-15.52742388
-15.39331673
-15.44457670
-14.94807773
-15.50553967
-15.39814533
-15.15389777
-15.06076412
-14.60234037
-15.26489657
-15.53574462
-15.55673681
-15.25228503
-15.48235633
-15.61160971
-15.17197120
-15.61140011
-15.29536614
-15.17151888
-15.32615022
-15.32169310
-16.03809231
-15.57506377
-15.39796996
-15.26284077
-15.61166057
-15.97800244
-15.43359115
-14.98575372
-15.61577821
-15.32966712
-15.88242444
-15.12670038
-15.48696750
-15.33548852
-15.16940862
-14.31196960
-14.99515303
-14.61662187
-15.36879350
-14.75853290
-15.54881969
-14.95699831
-14.87511463
-15.16368502
-15.40516634
-15.58985802
-15.59023103
-15.39211945
-15.53513804
-15.45534717
-15.62034969
-15.14758450
-15.15696912
-15.86851358
-15.00921268
-15.56643090
-15.23183488
-14.86974974
-15.33914507
-15.45404239
-14.98464045
-14.97048247
-15.28648268
-15.25992885
-15.51655986
-15.04869381
-16.03894762
-15.31450758
-15.05519275
-15.35985836
-15.20836668
-15.33902990
-8.47045155
-7.02267551
-8.23606270
-7.36621366
-7.97859586
-7.86323498
-7.77880569
-7.31275532
-7.40279953
-7.41214155
-8.35470098
-7.09426215
-8.63647433
-7.16457745
-6.19384091
-7.10497858
-7.90424793
-7.75069743
-6.55655730
-7.21532139
-6.75947226
-7.57726180
-7.19661639
-9.11735833
-6.91771748
-7.71036217
-8.26401591
-6.61881813
-7.31583336
-6.86590808
-6.52935750
-6.90215299
-6.67384481
-6.72088770
-7.84300698
-6.70704554
-7.43431434
-8.27079739
-7.63546990
-8.89899968
-5.62921985
-5.30278136
-7.34782474
-7.13159781
-7.17457203
-5.65924274
-7.17100030
-7.17743829
-6.52784819
-7.11936503
-7.81896805
-8.23935137
-7.98245748
-7.98660053
-7.36898435
-7.39628201
-7.42074969
-9.28125892
-7.63438074
-8.43878488
-7.17613318
-6.89945223
-9.01773168
-7.83081056
-7.29617250
-7.67896093
-7.38472003
-7.80687194
-8.83655352
-7.52382025
-6.96132690
-7.60456240
-6.96718277
-6.90295007
-7.40079596
-8.32545440
-7.36781535
-8.03509089
-6.67087568
-7.63948582
-7.81416787
-7.93026051
-7.51960793
-6.81168770
-7.72037206
-7.04903266
-7.03319568
-7.27941997
-7.81432554
-7.30825408
-7.01804220
-7.98881157
-7.27752494
-7.12837277
-6.36924408
-6.95046343
-7.18637971
-6.83419209
-7.01420483
-7.07742402
-12.58532008
-12.29193059
-12.81587068
-12.17223063
-11.92774458
-11.86224222
-11.75147785
-11.55726601
-11.87256550
-11.78542868
-13.83235671
-13.09136368
-12.33268581
-12.76088677
-13.38396133
-13.63638018
-12.92367139
-13.35433967
-12.57688290
-11.93226659
-12.92528033
-13.16848661
-11.76066403
-12.43506450
-12.74878566
-12.41079786
-12.91614206
-13.13528859
-11.94065985
-12.96609916
-12.26453911
-11.66935224
-11.49825956
-13.09521336
-12.96223685
-12.44305674
-12.37537039
-12.14352840
-12.91699617
-12.23242742
-12.77536953
-12.18304886
-13.03020234
-12.73680680
-11.95046418
-11.88352493
-12.19716067
-11.69151261
-12.63870305
-11.26176248
-12.24201871
-11.71888326
-11.48931555
-12.76031641
-12.66246663
-12.70710954
-13.45425455
-13.35288563
-12.75557782
-12.71427676
-12.75585824
-13.32855759
-12.76927300
-12.96115571
-12.59477773
-12.85376556
-12.49120600
-12.45768357
-13.29607240
-13.22689266
-13.33828857
-13.41013573
-12.58030798
-12.75768503
-11.78468797
-13.06492731
-12.46748791
-12.00690976
-12.50362097
-11.79074983
-13.00711976
-11.92122279
-12.95017848
-11.90543715
-12.05499702
-12.42284838
-12.19377277
-12.94641885
-12.89220794
-12.57239164
-12.11312779
-13.05204929
-11.74307480
-12.14325073
-12.85817736
-12.12680286
-11.89369150
-11.87413850
-13.12008164
-12.25427382
-6.27488702
-7.22513971
-6.87072325
-6.12462764
-6.55891328
-6.42445376
-5.74688958
-6.26326597
-7.34821885
-6.10550622
-7.39018621
-5.87066119
-7.03639434
-7.12126587
-7.42251645
-7.02081439
-5.85151371
-5.12781151
-6.77487784
-6.50982094
-7.09759212
-3.70397644
-3.55137819
-5.99826138
-7.10094655
-7.09907512
-7.09529079
-7.05365691
-7.05604161
-7.10779321
-6.61848941
-6.21919166
-6.08994136
-7.13007497
-5.47663159
-7.33264340
-5.56370203
-6.93870885
-6.86466253
-6.64663327
-5.16344689
-6.56019104
-6.30587069
-6.36847486
-7.03589961
-6.47852680
-7.06433874
-6.85709559
-6.68441849
-6.19607129
-6.69507929
-7.11609540
-7.44425606
-5.70399004
-6.35671777
-6.74619087
-6.94638501
-6.92430847
-5.32844856
-5.00479955
-3.68419211
-5.46945756
-5.13777159
-5.99460092
-5.94546351
-6.02634545
-6.49480158
-7.61065261
-4.12041728
-5.51450372
-6.83380547
-6.06268613
-6.21036946
-3.74963105
-5.78462221
-6.78212009
-3.93236006
-6.42618488
-5.90756848
-5.46222471
-5.82968445
-6.18827824
-3.32055626
-5.04940210
-5.98442015
-5.61977050
-6.34536665
-5.58367335
-5.14573205
-5.63116055
-6.99055284
-5.85228375
-7.30119278
-6.54146723
-7.49815730
-7.31393249
-6.10856736
-7.40290099
-5.96868602
-6.98393285
