-7.57264354
-6.10483195
-6.02930316
-7.12529652
-7.26641427
-6.85092339
-6.58267750
-7.34628050
-6.10834151
-4.76726661
-4.45933782
-5.73753310
-5.73747057
-5.35552314
-4.24500313
-7.05843260
-7.18446487
-6.28920267
-6.66072997
-7.06228946
-7.16417576
-6.74636510
-5.71952806
-4.64226582
-5.61781005
-5.71456868
-5.57407448
-6.24235375
-5.70996334
-5.95733093
-5.67722700
-5.48427142
-6.00437863
-7.28151986
-2.89535782
-6.88565101
-6.87048444
-7.35806583
-6.96179673
-7.00992328
-6.35410641
-6.76824487
-5.60752586
-6.74720710
-6.83899634
-6.79332387
-7.63629479
-7.38100282
-6.44526347
-7.18046615
-6.85697840
-7.00946062
-7.52603348
-6.64410922
-7.03071308
-7.15111773
-7.30397218
-7.67403198
-6.33556148
-6.72217179
-7.11747296
-7.19496514
-6.89142209
-5.98481079
-4.86275186
-6.57611579
-5.90005246
-5.77015973
-6.11934257
-5.70581554
-7.53000998
-6.68515651
-5.44326708
-5.83577463
-6.07650757
-7.29189323
-6.88805794
-6.96909460
-7.14669766
-5.57058342
-6.34794777
-6.76929836
-6.24509426
-7.52943746
-6.99497528
-7.06089032
-7.07673366
-7.56240011
-7.23629147
-5.46918793
-7.83484248
-6.30924918
-5.77993069
-5.79050454
-5.80423375
-6.54980477
-6.64586672
-6.88773721
-6.21840987
-5.82561057
-1.46111795
-1.09342640
-1.28450209
-0.64615387
-2.25502638
-1.56138556
-1.58870102
-0.80782000
-1.19757826
-2.58655216
-1.83795748
-0.47674927
-1.64758515
-0.83191361
-0.96231133
-0.06089549
-1.23400312
-0.26701369
-0.34307110
-0.40707764
-2.96624469
-1.24579124
-3.20540296
-0.32850650
-2.36685983
-1.11246529
-2.79166192
0.08831607
-3.15257637
-2.77224699
-0.94613449
-0.12983038
-1.48380715
-1.68976303
-0.26919695
-1.88818393
-2.40608733
-2.79655314
0.07042156
-0.79289166
-2.78026681
-2.52583656
-2.44681077
-0.75346569
-2.55059078
-2.15459610
-3.28294289
-3.26889821
-3.61986287
-1.26537830
-1.98295511
-2.97257214
-0.59818553
-2.40183296
-0.79025020
-0.87596693
-1.58362601
0.76686431
-0.07520371
-0.58970647
-0.71398924
-1.37546029
-1.29091509
-0.49534970
0.98384570
-0.26452555
0.86124214
1.13297999
-0.69929353
-0.06704645
0.23013006
-0.28485094
-0.93580373
-1.31368079
-0.70404152
-1.59979796
-0.73156906
-1.96566668
-2.16263498
-1.96204461
-2.36301723
-2.13977740
-1.15264613
-1.99137282
-0.93092692
-0.64549862
-2.62589866
-1.57282928
-0.91609125
-1.33669882
-1.52225035
-1.04636510
-1.92745942
-1.81415889
0.61768962
-1.41702386
-1.47974522
-1.20794636
-2.03824963
0.19884462
-4.23967370
-4.33334961
-4.35384751
-4.95614678
-4.05357664
-4.36817177
-4.35689968
-4.77804317
-5.38977840
-5.58900840
-4.97824482
-4.60494132
-4.96160723
-5.21948172
-5.58937681
-5.12148648
-4.98257281
-5.06588766
-4.90898061
-5.16247070
-4.32981869
-5.48826093
-5.10323686
-4.74337879
-3.73467971
-4.29743441
-5.20973123
-4.90357397
-4.89951780
-4.60627362
-4.97634658
-4.42528850
-4.02075607
-4.64731894
-4.26265056
-4.45189439
-5.28239004
-3.84727488
-3.52768798
-4.34505030
-4.02500302
-5.10026553
-4.17121732
-5.00330147
-5.20376838
-3.65102173
-4.77745599
-3.82468251
-4.97593899
-4.55036933
-4.41873526
-4.81142068
-4.66253568
-4.75357532
-3.93504035
-3.20443019
-3.99569690
-3.56637453
-4.34511206
-3.94045690
-4.81979158
-4.91849060
-4.47671981
-5.03924519
-4.41639967
-4.52639460
-5.23459061
-4.51985252
-3.86717428
-3.25671173
-5.03235486
-5.28119083
-4.65233929
-5.11142616
-2.78161340
-3.10945197
-2.86471846
-3.77604626
-3.43770860
-4.72318215
-4.42160840
-4.98491742
-4.14054092
-5.08615648
-4.35138189
-5.12132105
-4.56733110
-3.62071351
-3.55052336
-4.51058543
-4.44751312
-4.02599534
-4.48020743
-4.02813801
-5.60317695
-4.23669554
-4.97904818
-4.93154583
-4.88905906
-4.65065575
-5.13543478
-5.38470716
-6.02837461
-5.74064007
-5.41697088
-6.43971770
-5.74595280
-6.19780684
-5.00060699
-6.26195432
-3.82065360
-7.53310558
-5.83367577
-7.09859364
-6.76523155
-5.21940751
-5.72882829
-6.70661976
-6.21435140
-6.64686313
-5.37405868
-5.05265936
-6.61665529
-5.70477238
-5.83426961
-4.84102580
-4.64850234
-5.26847762
-6.32176002
-5.42578223
-4.23982402
-4.16878501
-3.94372796
-4.84278707
-6.10135475
-5.19411648
-4.66521885
-5.48101573
-4.86271042
-5.35956246
-5.07955179
-5.29836363
-5.22799181
-7.40331078
-7.05244460
-5.71439945
-5.48227720
-6.32329471
-6.53066265
-5.70571889
-5.26355334
-6.18537629
-7.25752970
-5.97211032
-6.18367512
-5.73921232
-5.58001507
-5.66840736
-6.67626203
-5.77539121
-4.87040604
-5.95322631
-6.30799206
-5.69841545
-2.67535142
-4.09187186
-7.37134258
-6.20538120
-6.18315724
-5.41492403
-7.52414154
-5.76441969
-5.71633120
-5.73381513
-5.70715418
-5.12843195
-4.98799543
-5.01526314
-6.00070024
-4.69805162
-5.08346931
-4.87000498
-4.42820897
-4.56649839
-4.61094320
-2.74431607
-3.75452473
-4.82870445
-6.10201291
-6.16066577
-6.12764715
-6.30004187
-6.82205993
-5.03528603
-6.96394159
-5.72664327
-5.62790129
-6.54445113
-5.92861474
-5.62287183
-6.38093632
-6.66869724
-6.51308808
-5.54222111
-6.62906128
-6.14690808
-5.80299012
-5.98769920
-6.04599911
-6.09358865
-5.86203784
-5.85632528
-5.54942727
-4.83945074
-5.34459520
-5.66454054
-6.29835792
-5.34708194
-5.03961986
-5.79336286
-5.47723151
-6.54334676
-5.61058272
-6.60782637
-6.13689384
-6.25280005
-6.03741329
-5.80567841
-6.33986711
-6.49616318
-6.36408253
-6.59161170
-6.08146179
-5.93796537
-6.21218116
-5.52032368
-6.54101736
-5.87959354
-6.35577926
-6.39635221
-5.85118152
-5.65780786
-5.89649488
-6.07365627
-6.09164140
-6.26940968
-6.50984148
-6.56563569
-6.95010230
-6.53870841
-6.48027848
-6.14910894
-6.22386834
-6.12732266
-6.29571658
-6.48318442
-5.75288323
-6.08072758
-6.32096924
-6.63276331
-5.80712155
-5.80211177
-5.16978504
-5.60388219
-5.15894491
-5.74659084
-4.94106419
-6.15828158
-6.19037430
-5.48732566
-6.67074838
-5.94336270
-6.14231033
-6.03754694
-6.54940596
-6.59459065
-6.67385082
-6.55338339
-6.21675924
-6.34847355
-6.55369391
-6.46220402
-5.58899581
-6.13819503
-6.21227254
-6.32138046
-6.55677091
-6.29580672
-6.57828913
-6.38784436
-6.47207350
-6.49809816
-6.41351145
-6.55310806
-6.57593107
-6.42627395
-6.32555765
-6.48560868
-6.57574172
-6.18933913
-7.17302478
-6.56852638
-6.23577816
-7.17517267
-6.81195670
-6.74600056
-6.63801137
-6.73223719
-7.01157728
-7.20646162
-7.11413229
-7.00166954
-7.11176629
-7.28080948
-7.43475019
-7.41088690
-6.91588122
-7.31959626
-7.46636156
-7.46642862
-7.61047409
-7.65010064
-7.46080076
-7.23264417
-6.74832181
-7.45727200
-7.02929198
-7.24784852
-7.56284683
-7.08738881
-7.19977119
-7.48275249
-7.15192915
-7.20894540
-7.53664104
-7.65435515
-7.26239908
-7.12733229
-7.24755892
-7.02350092
-7.24596288
-7.57657782
-7.42257565
-7.38848466
-7.22936217
-7.51998293
-7.75973682
-6.32781220
-7.48551322
-7.60622085
-6.65357811
-6.81871321
-6.56543600
-6.77998183
-6.78852231
-6.79269296
-5.27972961
-6.25751967
-6.02198384
-6.32303113
-7.05306232
-7.41459682
-6.95849496
-6.68424675
-7.07257443
-6.67852268
-6.99046530
-7.39680803
-7.25733101
-7.45759569
-6.78067711
-7.19263210
-7.05921474
-7.40721736
-7.51669805
-6.89931804
-7.10140754
-6.65942186
-7.13746161
-6.67218520
-7.19010667
-7.03936233
-7.09635639
-7.26421625
-7.26226698
-7.05059056
-6.89524625
-7.28371724
-6.96918106
-6.72495646
-7.09952278
-7.51459925
-6.95408391
-7.92660696
-8.17099186
-7.37397651
-8.14812948
-7.18040735
-7.27414777
-6.74338978
-10.40457560
-10.51073383
-10.55942590
-10.51494542
-10.50564197
-9.71827185
-10.59979639
-10.31715111
-10.54960736
-10.05260212
-10.32611979
-10.14203736
-10.42196000
-9.01460671
-10.54586723
-10.19251420
-10.51974921
-10.19908527
-9.75906522
-9.80396016
-9.77439038
-10.10810076
-10.21796253
-9.95235832
-10.30108981
-10.23629186
-10.80199811
-10.27140049
-10.03005678
-9.95376860
-9.29587365
-9.77349821
-9.25573162
-9.81589232
-9.96983066
-9.84927893
-9.63212052
-8.97665506
-9.96292046
-10.13806172
-9.47271164
-9.48891697
-9.87978258
-9.33184937
-9.62250227
-9.87419550
-9.71670685
-8.82606564
-9.43982797
-9.71370131
-10.39432419
-9.80355879
-10.41298696
-10.35521635
-10.43886220
-9.93104032
-10.45906345
-10.21723757
-10.24566203
-10.42297727
-10.55910900
-9.44686383
-9.64388727
-9.22865639
-10.45323158
-10.29842100
-9.88558561
-10.33392819
-10.25709600
-10.17745425
-10.19644232
-9.84282574
-10.49516480
-9.53403042
-9.98117439
-9.82714843
-9.61131838
-9.98759753
-9.33950744
-9.58480404
-9.43633239
-9.16470958
-9.93047978
-9.56807798
-9.60754883
-9.34665403
-9.25696492
-9.57345126
-9.00615507
-9.35133000
-8.87502631
-7.74748300
-8.86723175
-8.88824206
-8.36057268
-9.54633520
-9.32715842
-9.29974347
-9.61501555
-9.56113580
-7.61511879
-6.41333746
-7.56319413
-8.48872051
-8.09449627
-7.23862703
-7.99655781
-9.03229658
-7.85802281
-8.13666810
-8.96005829
-7.59291839
-8.12642993
-7.77975261
-7.12061803
-8.41087676
-8.31617917
-8.07416632
-8.01194892
-8.20364680
-7.85463743
-8.09033411
-7.76810282
-8.64717360
-8.94090643
-8.05109021
-8.15031860
-7.78721961
-7.43804418
-7.79771702
-8.18655691
-8.30703814
-7.71565475
-7.55170821
-7.75058392
-7.19108677
-8.30452823
-7.74639620
-7.04686792
-7.60120236
-7.38497904
-8.03163279
-7.18068335
-7.61140175
-7.85010952
-6.52464319
-7.49303383
-7.96261052
-8.20696741
-6.38824876
-7.65837079
-7.45986022
-7.52203229
-7.39487703
-7.78994886
-8.47534139
-7.82719557
-7.70051531
-8.97967880
-8.05973884
-8.26758997
-8.11729403
-7.88563977
-8.25706226
-8.27207917
-7.04880673
-7.50439282
-6.54105417
-7.57460476
-7.81022939
-8.07053825
-7.78768199
-8.27187382
-8.14264521
-8.16889961
-8.01650772
-7.18357675
-7.72811175
-8.07684221
-7.73763859
-8.55900812
-7.86106996
-8.82463944
-7.25444136
-8.05579950
-8.02451528
-7.95090674
-7.78230320
-6.71000507
-7.85598449
-5.79397343
-7.44214459
-7.62241703
-7.70666999
-7.86745574
-7.70342934
-8.30971524
-8.17937840
-7.26546163
-7.35250725
-8.94037557
-8.03603105
-8.91738840
-8.81777078
-9.20950198
-9.02173360
-9.42616716
-8.91623725
-8.76317280
-8.79312780
-8.57708517
-9.75653277
-8.72253196
-8.97616087
-8.53226606
-8.49162638
-8.70367623
-8.73136479
-8.77887952
-8.90856886
-9.27700452
-8.81514895
-8.69991030
-9.10837605
-10.15859348
-9.58891497
-8.47190193
-9.08136617
-9.02419611
-7.42329838
-8.88070920
-8.27593100
-8.26934227
-7.87712825
-8.72516369
-8.32308674
-8.34841503
-8.15528506
-8.29984229
-8.91926109
-8.35451561
-8.70866799
-8.58903741
-8.80735739
-10.01738425
-8.66397930
-9.02084156
-9.47129227
-7.77908126
-9.87507352
-9.95226355
-8.51867807
-8.67064588
-8.60720001
-8.76556553
-9.35506696
-8.84641073
-9.17640152
-9.63646522
-8.90682405
-9.12073365
-8.90190683
-9.39449348
-8.87747547
-8.75750768
-9.22975718
-9.47257464
-8.72638219
-8.93453965
-9.00763743
-8.85895276
-8.79847573
-9.06830125
-8.62731165
-9.79407152
-8.92979472
-9.77296795
-9.03075735
-8.75049852
-8.01039772
-9.09593201
-8.87659839
-8.67722178
-7.35302506
-8.71955422
-8.05943875
-9.11619264
-8.46490966
-9.34906265
-8.02214193
-8.86814738
-8.58232667
-8.60840749
-8.53198852
-8.61972648
-9.22370380
-8.58153502
-8.54696827
-9.90527775
-8.23363491
-0.09774406
0.75422326
1.50312975
1.11865088
0.12624351
1.31015072
2.30809418
1.60959643
1.12402485
0.99391211
0.62890059
1.89579955
-0.41233850
2.16881468
1.89764099
2.55504879
0.37490869
2.95880004
0.73214142
0.79705851
1.83531713
1.49842635
1.18642875
0.25614192
0.21220871
2.00055272
2.24030641
1.82787257
1.26395217
2.30485462
2.38900404
1.56915517
2.68361349
1.52473485
1.65492646
1.82774067
0.47629126
2.35209862
2.02934285
2.94975354
3.52061280
2.27005854
2.00167656
2.36705902
0.78791562
2.65606904
2.21226952
1.39216732
3.22012720
2.21100896
2.94265563
3.76442992
5.71139490
2.33075880
2.61418450
2.43358191
2.57366687
2.02874141
2.05380434
1.07910572
1.60871688
1.79399552
1.11748338
1.08130505
1.28950450
0.98063814
2.20802500
1.80971929
2.26611294
1.22448359
1.65448270
1.59223790
1.46065650
1.76605577
1.55267698
0.12961624
0.73823992
1.77469142
1.49571771
1.14989262
1.05537417
1.31631930
3.55010596
1.55853164
2.93181350
1.72675785
1.64794143
5.55044746
0.19607331
1.66326496
1.19713416
3.20672798
2.86282285
2.64510675
2.07883904
2.75423334
0.65670075
2.39127081
3.31324503
2.73330478
0.27069197
0.82057287
-0.73284724
0.72561933
-0.04436229
-0.11551544
0.08940136
0.64036657
-0.41339894
1.22582332
-0.56596195
-0.06237190
2.02627199
2.91715503
0.47620481
0.65974119
-0.30316172
-0.13321283
0.36911553
1.31428258
-0.60336910
-0.84508292
0.50077053
0.84262803
-0.18775572
-1.46765453
-0.61260355
0.95732085
0.37536805
-0.60155841
0.68246719
-1.13329264
-0.22013571
-0.74602651
-0.74814906
0.04113980
-0.80862721
-1.11615169
0.36987322
-0.22248532
-0.58275824
-1.11687908
-0.71843579
0.99577302
0.61820051
-0.38079191
0.31745126
-0.26804646
1.09603345
-0.02608448
0.76682708
0.40710248
1.68708971
0.63394867
1.30891425
0.65311874
0.93078295
0.00442353
-0.88628602
0.86944625
0.30964385
-0.05373594
0.22078863
-0.24552553
0.23823833
1.02929686
1.42872219
-0.19019229
0.18703874
0.68552930
0.74745332
0.34629070
-0.56100768
0.17390320
-0.73963740
-0.79142988
-0.35150009
-0.34025245
-0.97731159
-0.27004715
-0.50742530
-0.57207571
-0.61059743
-0.45817818
0.59890010
-0.16398690
0.44618144
0.30152537
0.45616030
0.91922167
-0.54952603
-0.70882879
-0.50470175
-0.66377623
-0.22558079
-0.27955687
0.47120439
-0.56148541
-0.08158999
-0.59755019
-0.44033760
-1.79666816
-1.08973286
-0.59046344
-2.07891392
-1.94961281
-1.24737291
-0.93700821
-1.85664527
-1.81137927
-1.76375468
-0.82614216
-1.86156840
-0.57988117
-1.60570394
-1.69748162
-1.46444571
-1.04291472
-0.26505037
-0.24012013
-1.14206463
-2.34420792
0.14727484
-2.32646623
-2.10220588
-1.09448487
-1.95692790
-1.50751359
-1.51602958
-0.62693687
-0.75255770
-2.65991678
-1.85062218
-2.19044865
-0.66116294
-1.16325384
-1.82987932
-1.40014686
0.31007323
-0.85349107
-2.38717073
-1.39796639
-1.17620667
-1.76807886
-2.31744537
-2.30090115
-1.47754307
-2.70915823
-2.54915253
-1.75480342
-1.38200998
-1.73644215
-1.40540117
-1.03773918
-0.22613643
-1.12264165
-1.31223173
-1.70562244
-1.58440317
-1.76578342
-1.11246641
-2.42411789
-1.15565004
-0.91288772
-1.39351490
-0.88338558
-1.12136700
-1.34078852
-2.56314685
-1.74104028
-1.77480390
-0.64650485
0.11056483
-1.80667176
0.78214776
-1.84737544
-1.20479942
-1.72237785
-1.58004809
-2.24582097
-2.53868607
-1.62190962
-1.65826224
-1.04812018
-1.36608834
-2.71315370
-2.40157509
-2.13470743
-1.67336177
-1.96133985
-1.30617439
-2.92258893
-1.36702409
-1.95468491
-2.40397036
-0.86704142
-1.86075459
-1.92986181
-1.22615444
-0.93735560
-7.16994469
-6.76461031
-7.58884632
-7.57396068
-7.29105448
-7.84038783
-6.54355641
-7.35481086
-7.19898444
-7.88234974
-6.69524678
-7.07114490
-8.07729389
-7.71968445
-7.46498242
-7.42500334
-7.55669215
-7.46484356
-7.74851710
-7.31291609
-6.06962307
-6.39621423
-5.04893604
-5.77645499
-5.06702983
-6.77213282
-6.14690095
-6.18742970
-7.35352310
-5.95796656
-7.58553636
-7.15912692
-7.29129953
-7.16592228
-7.70898784
-6.94690959
-5.90579286
-6.98664301
-7.45932103
-6.88380696
-7.14750904
-7.87681202
-7.31305117
-6.15330271
-7.18390028
-7.03191673
-7.62428750
-6.56452256
-7.15308250
-7.15002064
-7.94505467
-7.24286040
-6.95329543
-7.56162980
-7.60232838
-7.04088085
-7.01375858
-7.84047518
-7.61423549
-8.09256086
-7.49307340
-7.44308192
-8.00226848
-6.92721544
-7.54665205
-8.30853269
-7.60288326
-7.33002542
-7.99923570
-6.62445645
-7.38388979
-6.49386217
-7.12208796
-6.06338073
-7.14606281
-7.83429102
-7.36242814
-7.33793940
-6.87122364
-6.16340373
-7.09587887
-7.18147961
-6.36312111
-7.07598307
-7.24635585
-7.16942720
-7.59713661
-7.75302042
-7.35918734
-7.74089121
-7.89069899
-7.78346346
-7.31172241
-8.10860386
-7.92733601
-7.60522953
-7.96547638
-7.59057949
-7.68562788
-8.03977829
-8.12032537
-8.14327955
-7.39917989
-7.55394760
-7.65083390
-7.30673729
-8.06995910
-7.72161503
-7.13992897
-8.11583411
-7.01102519
-7.04995818
-7.19920555
-6.69325047
-6.79527442
-8.39500773
-8.05941510
-6.83434506
-7.54289048
-7.82196383
-7.28946728
-6.96910397
-7.47177397
-7.49733387
-6.66434440
-7.39086774
-7.38640873
-7.29937558
-7.38201714
-7.26548057
-6.71106492
-7.24779044
-6.56179693
-7.13875285
-7.37105124
-7.00249527
-6.73975894
-7.03024615
-7.13280749
-7.32804685
-7.27077937
-7.91730719
-7.85290635
-6.32866686
-7.86578323
-8.14034911
-7.68426685
-8.24056923
-7.84030048
-7.12467642
-7.73984038
-7.84670005
-7.58940147
-7.86201264
-7.31615389
-7.17768380
-7.37067387
-7.64384876
-7.28856063
-8.09142062
-6.95513746
-7.05730851
-7.41781724
-6.56512091
-7.23182099
-7.52749034
-6.27369269
-6.67740954
-7.59637597
-7.36855337
-3.91743967
-6.86792753
-6.86787971
-6.23249249
-6.83752773
-6.80509029
-6.82722516
-7.30494374
-6.78403257
-6.50937739
-6.88556131
-6.19922163
-4.60853740
-5.26151083
-5.26151083
-5.69146009
-5.99885141
-6.68679242
-6.14036752
-7.21666246
-7.61576269
-7.91806960
-7.53941595
-7.82323903
-8.22153421
-7.37030429
-7.11246732
-8.04914613
-7.97343563
-8.31152897
-6.43865745
-6.48968485
-6.28300992
-6.36150164
-7.25888254
-6.31824160
-7.05428189
-6.27124427
-5.88079877
-6.40269047
-5.64930108
-6.07394558
-6.41460382
-7.32369595
-5.51160693
-6.91574206
-7.07681700
-7.08197292
-7.20963501
-7.22397876
-6.19069622
-7.04568958
-6.92971531
-6.27407204
-6.24221021
-6.59319038
-6.02116602
-7.14821580
-6.20162441
-6.65925096
-7.08216415
-6.16759807
-7.81131029
-5.35162579
-6.10202811
-6.04363708
-5.69672741
-5.48789674
-6.89688472
-6.69521220
-7.02665991
-6.73848005
-6.42615571
-6.55488459
-6.25939961
-7.43212810
-6.62158029
-6.36289402
-7.22022264
-6.70551892
-6.24893215
-6.04626573
-7.68460815
-6.44352020
-6.45789124
-7.41810358
-7.47366249
-7.07565269
-6.42561806
-7.05378930
-6.43506174
-6.97240297
-5.67883853
-5.91006280
-6.34119210
-6.27059291
-6.76587833
-6.01829885
-5.58607194
-6.82490056
-6.51275590
-5.78538035
-6.11464183
-5.98931762
-6.57932671
-5.03604448
-6.15990785
-5.41100501
-5.26757889
-5.38588183
-5.16901695
-5.90644560
-6.27783360
-5.16795416
-4.82488900
-6.32598065
-5.73832675
-7.56671630
-7.46560955
-7.58630890
-6.41008710
-7.57712316
-6.23326229
-7.61685902
-6.51350760
-7.47884329
-6.39616197
-6.65521599
-6.27595932
-6.17723465
-0.72440566
-0.67122781
-0.74048482
-0.10392483
-0.81185987
-0.87784090
-0.26721657
-1.39693557
-1.17627839
-0.69977295
-2.09017214
-2.43704191
-1.00940225
-0.40547705
-2.17181707
-1.40342397
-2.41807413
-1.59508544
-1.80030619
-0.87726520
-1.25492248
-1.28168532
-2.15311907
-2.42288193
-2.48268245
-2.60560613
-0.81199158
-1.02715113
-0.10569718
-1.19710585
-2.86408380
-1.03062598
-2.16403009
-0.55211731
-0.82529275
-1.41417667
-0.62652714
-1.06746895
-1.78326721
-0.82675034
-1.43161592
-0.51074362
-0.33147532
-0.31460444
-0.60917275
-1.00204603
-1.97403722
-0.58768816
-1.02340943
-2.08004469
-1.08369110
-0.96038672
-2.47618527
-1.11929126
-0.70576751
-0.72080052
-1.62917744
-2.36350833
-1.49580722
-1.38892887
-1.22320027
0.18803928
-1.09570170
-2.17161314
-0.79021546
-1.20527633
-1.98452481
-0.80997189
-0.66882141
-0.90318657
-1.82395262
-0.63011998
-2.56185462
-1.24833359
-1.54206277
-2.58107933
-1.48724253
-1.30965312
-1.55085689
-1.26522805
-0.84057823
-1.68202539
-1.27332023
-1.31373173
-2.19952989
-2.51188591
-1.28456845
-0.96557003
-1.08058704
-0.79684889
-2.51373750
-1.01888684
-1.11443955
-1.32791368
-1.24001745
-1.22802901
-1.07381422
-2.11678512
-0.75836668
-1.17487438
1.52677800
1.50442185
2.05807246
0.76853459
1.35109870
1.65549337
1.24447270
1.87671929
1.88196018
2.36086150
2.56631203
1.50507422
1.83957895
1.64722043
1.15342904
0.50370657
2.32609355
1.99097689
1.25495665
2.14411564
1.71248401
2.31419789
2.44800729
1.81523189
1.21162256
2.24760283
3.02014006
1.85014227
1.64622798
3.22982271
1.92920003
2.80744657
4.11570190
1.02189545
2.20554169
4.95257922
3.27463320
2.48485009
0.63761424
0.92058188
2.51521842
1.89925890
2.76463158
1.59961702
3.17213018
2.56824460
2.30190480
3.26627970
3.66579300
2.63000095
2.52007483
1.77079058
1.77100454
2.93359156
1.13237588
0.45950011
2.69661458
0.76884034
2.38161110
1.36782464
3.26975650
2.06754351
1.65989582
1.92900189
1.19999652
1.21615418
1.03153936
0.90505918
2.27031602
2.49285376
1.73535708
1.61895194
1.43516151
2.44969033
1.53471649
3.16179886
3.13857451
2.09619504
1.94468606
1.22301263
1.12425900
1.18737918
0.90237469
2.26113174
0.68108122
2.39189489
1.99057007
2.42120029
2.14653085
3.04229652
1.61219041
3.17999760
2.24990947
2.93633457
2.23717579
2.35000879
1.82890696
2.27404138
2.85585575
2.00574186
-6.41365729
-6.83973895
-6.80297783
-6.87885425
-6.09839250
-6.26100109
-6.35911531
-6.92393434
-6.11067926
-6.60360779
-6.98572248
-6.73579928
-7.02207063
-6.24581688
-5.93365606
-6.91015718
-6.45666547
-6.42458885
-6.62872866
-6.03097186
-4.52256207
-3.69956226
-5.08718593
-4.78550878
-5.24630347
-5.11295936
-4.26241920
-5.22775031
-5.90381188
-5.86868095
-5.80894250
-7.17255103
-7.48804249
-7.00595647
-6.43312456
-7.48893550
-6.57725333
-6.78486102
-5.63028040
-7.30449947
-7.50493885
-6.28250629
-7.10220727
-6.72941966
-6.25044288
-7.12010489
-6.56685089
-6.17706068
-6.50032505
-6.91257117
-6.23529559
-6.45461681
-7.29138637
-6.54854798
-7.22221493
-6.64184920
-7.21081924
-7.04143131
-7.67034402
-7.04627925
-7.57451452
-6.36923430
-6.81995294
-6.26190762
-6.11517940
-5.75968403
-5.41880978
-6.25308947
-6.30764965
-6.30752967
-5.65737352
-5.97781367
-5.84920809
-6.80354509
-6.28901475
-6.03953718
-5.49461597
-5.40759938
-5.98045073
-6.27723839
-6.78994414
-6.71138094
-7.00160820
-6.84471241
-6.80483611
-7.07201623
-6.89382213
-7.17542077
-6.61011267
-7.41803703
-6.99229756
-6.94797196
-7.13187722
-6.78467927
-6.95322181
-6.26651326
-6.46202349
-6.52788744
-6.37529086
-5.99168943
-5.82292709
-6.08218688
-5.58694482
-5.95190199
-6.10854831
-5.59579727
-5.77251616
-6.05282918
-5.74281174
-5.37567918
-5.70217607
-5.54042228
-5.73534851
-5.36140205
-5.34487349
-5.53542787
-5.97525269
-5.75978087
-6.19796110
-6.56303425
-5.07143467
-5.25042403
-5.42489681
-5.32231893
-5.60832851
-5.32565096
-5.42529967
-5.46968371
-4.61321486
-4.91073293
-4.14632115
-4.60318348
-4.14928247
-4.24313039
-5.82662979
-5.87960136
-6.15285198
-4.58859092
-5.30835238
-6.14025909
-5.33287517
-5.38049402
-5.44965714
-6.26520348
-5.23403999
-5.25468468
-5.61798030
-5.53581254
-5.85879595
-4.50378684
-4.83784440
-4.61787866
-5.69885021
-5.11861126
-6.44272318
-6.33866410
-6.65423012
-5.27020783
-4.64374458
-5.90213098
-6.49771019
-5.71578061
-5.88805861
-6.10420510
-4.48437676
-4.93967687
-6.37624305
-4.74051479
-6.02468682
-5.41285548
-5.09777696
-5.46950940
-6.29348230
-5.88689804
-5.48894913
-5.50083654
-5.50827216
-5.35710411
-5.35046824
-5.70572361
-5.22840014
-4.97017221
-6.07434426
-5.00968860
-4.98992597
-5.24312620
-5.01062233
-5.04229012
-4.87573493
-5.12580360
-5.29819996
-5.24765588
-5.38809557
-5.39776921
-5.30988639
-5.52910993
-5.40157625
-5.30082333
-5.98145582
-5.05301592
-9.99266110
-9.68038805
-9.24407536
-9.59785541
-9.53186892
-10.14411986
-9.41313627
-9.28043320
-9.30952020
-9.83240156
-9.68435754
-10.08191031
-9.36164359
-9.86878793
-9.12856826
-9.08120712
-9.34797417
-10.38041087
-9.90803038
-10.34985674
-9.97327394
-10.20231338
-9.59375234
-10.32506772
-9.80679132
-9.91071060
-10.38576665
-9.93549794
-9.88405628
-10.43538783
-10.03677708
-10.43995587
-10.44664852
-9.91602676
-9.44100624
-9.83355074
-10.42277130
-10.43719309
-8.87400283
-9.87777375
-8.71994513
-9.99050197
-9.08494879
-9.67071836
-9.98435624
-9.00342262
-8.82257683
-9.90438123
-10.12122683
-10.10690019
-10.01188812
-9.69119401
-10.20931474
-9.69814352
-9.82366080
-10.26407139
-9.83435728
-9.65926492
-10.23544045
-9.91057003
-9.87728385
-10.54447317
-9.98798419
-9.72416983
-9.75425951
-9.38967967
-9.73516924
-10.31160890
-10.32092141
-10.10460330
-9.83906101
-9.27216832
-9.51093275
-9.64456940
-9.46639865
-9.56086182
-9.65206506
-8.84380493
-10.43806552
-10.02521040
-9.91491205
-10.42911425
-9.87678615
-9.84680516
-9.35535100
-10.40986269
-9.83521124
-10.38471678
-10.18352053
-9.47911034
-10.15841614
-9.60926990
-10.10168666
-10.06827776
-9.76974638
-10.10568607
-10.01882817
-10.02424268
-9.23587572
-9.08189604
