-7.46580089
-6.80283276
-7.48533560
-7.14911495
-7.71718780
-8.10655789
-5.31312590
-7.24770749
-7.62973558
-3.36906034
-6.43839875
-5.40575935
-5.91482817
-4.91647355
-5.28031630
-5.32060240
-5.47125428
-3.99242526
-6.25873719
-5.94717896
-6.78628975
-5.89429829
-6.26244848
-5.78092062
-7.32708466
-5.55500417
-7.76085735
-6.63015324
-6.55771057
-7.49997495
-8.06151773
-7.14228572
-7.65537918
-6.89542843
-7.27671063
-6.83085266
-6.68655483
-7.26526360
-6.52876315
-7.24477571
-7.22594653
-7.75481972
-7.50801361
-7.37398414
-6.72917683
-6.65223550
-7.28565520
-7.35290014
-7.19298719
-6.87023193
-8.36521025
-7.55069019
-7.00548362
-8.72428503
-6.28561393
-5.92308221
-5.44814681
-5.70610132
-4.86269954
-5.52339796
-7.17795662
-8.07051679
-7.65599725
-7.33509870
-8.28030979
-7.15445396
-6.65182502
-6.42814140
-6.75714832
-7.06148824
-6.11289963
-6.33243572
-5.59916788
-6.83734650
-5.01158064
-6.55812974
-6.99665864
-6.04988116
-6.80242438
-6.34082554
-6.30947847
-6.43440784
-5.64450759
-7.06843997
-7.20895789
-7.69993095
-7.48392117
-7.18804338
-7.51105037
-7.18535364
-6.98638858
-7.38647505
-6.66519848
-6.13120121
-7.38873916
-6.88352880
-8.56970915
-6.83459050
-7.77120535
-7.68988095
-7.72541276
-8.53778079
-8.26657466
-8.84243037
-8.95290483
-8.61096252
-9.51842726
-8.38965654
-8.32946827
-7.62616632
-8.71196584
-8.20142825
-9.00473101
-8.74588855
-8.55091099
-8.99644293
-8.66276734
-7.99648377
-7.90455806
-8.87287455
-8.61989766
-7.14682830
-8.41493616
-8.68881511
-8.23712652
-9.15760902
-8.33813473
-7.91929915
-7.40846149
-9.34985670
-9.34985670
-9.18014694
-8.30341848
-7.91869049
-8.51632952
-7.26281692
-7.63810713
-6.29896964
-8.01777663
-6.14353868
-6.34205798
-6.80460393
-7.83147545
-6.62711767
-7.58005252
-6.79578217
-7.71108444
-7.50531969
-8.22635417
-7.82113076
-7.40054923
-8.09243434
-8.01775694
-8.94074372
-9.07081400
-8.91411882
-7.05726980
-7.59473383
-7.74476390
-7.50065287
-6.79491434
-7.95718627
-6.77869588
-6.80924749
-7.29806011
-7.07711617
-7.05965924
-8.64466915
-8.45196920
-7.15369085
-7.58136143
-8.46846994
-8.61062002
-8.39784024
-8.13534017
-8.22080445
-9.30986882
-9.31003204
-8.41718705
-8.93769380
-9.30987353
-8.34729166
-5.90425702
-6.91387211
-6.14325030
-6.02760055
-4.19234168
-5.25470623
-7.14391967
-7.81683342
-7.07350281
-6.06848668
-9.00145645
-8.24583970
-7.50371449
-7.65244575
-8.49496367
-8.69131860
-7.21403218
-8.11604948
-9.84396292
-9.42712765
-9.58313523
-10.08854024
-9.66909762
-9.82256170
-9.27743395
-9.04162416
-9.83586438
-9.34816658
-10.06226777
-8.50970993
-9.28718601
-8.64394679
-8.97784220
-8.75399188
-8.97872080
-8.59704773
-9.25985835
-8.59365307
-8.47143297
-7.36247218
-7.77133993
-8.97137473
-8.61471307
-7.80331520
-8.90140284
-9.40914553
-9.58313537
-9.57286921
-9.21578300
-9.63443132
-9.68417453
-9.21812517
-9.28512233
-9.18331288
-9.61467459
-9.74246046
-9.60913842
-9.67197833
-9.57050689
-9.87857607
-9.36129241
-7.93507230
-8.40086266
-9.20756255
-9.34181336
-9.77971696
-9.16981893
-9.90747723
-9.56099483
-9.35644418
-9.74860403
-8.96515938
-9.87989210
-9.88151089
-9.57298089
-9.91507146
-9.81962742
-9.77735043
-9.77924620
-9.65180736
-9.24313989
-9.54847307
-10.18782928
-9.04499444
-9.26707427
-9.58266809
-9.20670670
-8.68795955
-9.94644599
-9.38888120
-9.85199681
-9.44382631
-9.75516049
-8.39819365
-9.66889729
-8.51598747
-9.19683553
-9.16154681
-8.75980262
-9.84678983
-9.78469912
-9.60681324
-9.38913283
-8.86808035
-9.27334519
-9.73270209
-9.66274726
-9.89618896
-9.65964544
-9.50877457
-9.18960311
-9.12684443
-9.84551885
-9.29449256
-9.71545589
-9.81807810
-9.84233992
-9.91015929
-6.56283362
-6.39049515
-6.97807892
-6.88584589
-5.24333800
-7.33340389
-6.07149525
-6.12869954
-6.97147490
-8.12353584
-5.78589747
-6.25115956
-5.24945734
-5.86654233
-5.51569051
-6.14441983
-5.55107662
-5.47762926
-5.51124024
-5.66256905
-6.61269527
-6.10516780
-7.10645850
-5.56761009
-5.74442698
-6.69762774
-6.41848167
-5.26762177
-5.83150623
-5.87613062
-6.55441574
-7.09306287
-5.62949737
-6.65626377
-6.51948030
-5.45391502
-7.00875746
-6.29651318
-6.61257592
-6.29762750
-5.96187543
-6.64044624
-5.76931692
-6.79300712
-6.89470286
-5.94758718
-7.67729651
-6.53295094
-6.70937319
-7.37538699
-6.47779531
-6.62429695
-5.99393411
-6.95163161
-7.38674305
-7.14220009
-7.42630636
-6.87769531
-7.33131293
-6.77920741
-5.23661937
-5.70811208
-5.31854364
-5.46049912
-5.56439321
-5.39177895
-5.65057502
-5.83800048
-6.88234673
-5.23628364
-5.27726911
-7.43937796
-7.20188070
-6.35321813
-6.63270155
-5.96136332
-5.77113329
-7.73815394
-6.99247987
-6.84474123
-6.89999236
-7.27479795
-7.50442122
-6.74596411
-6.99075111
-6.88246750
-6.52940967
-7.14936669
-7.47195014
-6.20979430
-6.77567618
-6.58175518
-6.59173413
-7.10328113
-6.52307061
-6.62682061
-6.80704857
-6.95076455
-7.53597309
-6.64565919
-8.38284301
-9.72123470
-9.08496238
-8.84191535
-9.65288796
-9.72263045
-9.55869948
-9.35276004
-9.33578970
-9.79659877
-9.63993726
-10.07961949
-9.75726537
-8.09641766
-9.78162469
-8.22825604
-9.81277224
-9.95485322
-9.77731635
-9.53538129
-9.24764525
-8.36999111
-8.39740357
-8.62928710
-8.61876284
-8.35872755
-7.75653618
-8.44414618
-8.23636601
-8.90030350
-9.01750498
-9.22961842
-9.24135663
-9.38017807
-9.18452680
-8.99181168
-8.45110093
-9.59042088
-9.20917527
-9.42699346
-9.44086876
-8.81337545
-9.93784229
-9.80545018
-9.97667602
-9.90080247
-9.65806649
-9.33899500
-9.80070980
-9.11374476
-9.52840753
-9.98222969
-9.66970702
-9.57756798
-9.64848732
-8.97645207
-10.13846152
-8.78798530
-9.32774183
-9.26018958
-9.82968656
-9.91500935
-9.86853814
-9.50997381
-9.41010856
-8.36772066
-8.89951052
-9.00195120
-8.76948629
-8.57111656
-6.93582177
-7.94966344
-8.07705248
-8.01541915
-8.37405501
-7.95374071
-8.52685458
-8.34407807
-9.33852435
-8.93070441
-8.48470161
-8.29480682
-8.90955332
-8.75163085
-8.62928390
-8.63177759
-9.29014306
-9.03242356
-9.71192957
-8.82001491
-8.82706158
-9.79196333
-9.94518244
-9.67447016
-9.81848337
-9.02398585
-9.69247836
-9.87402875
-9.88307916
-9.01311135
-6.07417736
-8.16908935
-8.00014631
-5.76597136
-7.79351833
-7.94641589
-7.95445842
-6.00746996
-7.31563145
-5.93244152
-6.82011832
-8.82312596
-7.62124904
-8.68266883
-6.63501299
-6.83178192
-6.69245958
-7.26238378
-7.57915574
-8.99143039
-9.17849955
-8.93434885
-8.06076773
-7.67383471
-8.03208032
-9.41930109
-9.47559557
-9.20428768
-7.41785704
-8.21215763
-8.35395573
-6.41016060
-9.23216173
-8.26386475
-9.24601183
-9.35536234
-7.12770203
-5.52242335
-7.09974871
-8.05537875
-7.61373102
-6.42354131
-6.67536157
-6.16852319
-7.90895341
-6.89151521
-6.58349105
-7.75211992
-8.10831360
-7.47060822
-7.35005144
-7.57151540
-7.21390870
-8.07934634
-8.47229687
-7.94988578
-7.64349539
-9.07860951
-8.95543528
-8.07127327
-6.91504153
-8.01465781
-9.18791871
-8.03276104
-7.82179577
-7.08210624
-7.64537905
-7.80052421
-4.94002064
-6.52664774
-4.23981437
-3.33295208
-7.03691045
-6.39460406
-7.65310111
-5.13732373
-4.73788874
-7.68320821
-7.93147170
-7.67843574
-8.47440927
-7.42104947
-8.78313157
-7.77836455
-7.76622311
-9.07295168
-7.65408178
-7.23043703
-8.42410835
-8.00625370
-7.44854150
-7.64125509
-7.85336805
-7.52157469
-8.98293842
-7.92505077
-9.04766062
-9.02737477
-7.91152413
-7.14998967
-10.27593982
-10.22069473
-10.18904361
-10.07190963
-10.13836179
-10.15433791
-10.13293414
-10.08520730
-10.13517949
-10.20882985
-8.10897367
-10.05185486
-9.10691602
-9.78520612
-8.64003050
-9.56197544
-9.42927762
-9.05505877
-8.86780211
-9.25368258
-9.78060375
-8.52517800
-9.71042753
-8.68325313
-10.09686208
-9.06855503
-9.30102389
-9.99031035
-9.91369284
-9.39606417
-9.73058245
-9.10491666
-9.03547349
-9.97659769
-9.83390535
-9.95134440
-9.97760214
-9.84676513
-9.28963505
-10.04003107
-8.84765300
-10.04902656
-9.62287454
-10.04394812
-9.75566323
-10.13398569
-9.27287662
-10.21013434
-10.15321750
-8.81173493
-10.12324543
-9.42264947
-9.42962951
-10.00932496
-9.92361532
-9.99830981
-10.07796014
-8.41936938
-9.78001495
-10.01439782
-9.43175274
-8.70124973
-9.58024902
-10.13309812
-9.74058000
-10.00963197
-10.19543653
-9.75945980
-10.01266512
-9.38283871
-9.19112785
-10.24323237
-9.26053622
-7.57319382
-9.41354699
-8.19659584
-8.68725996
-9.15838232
-8.67094575
-8.99496765
-9.21761783
-9.41706363
-8.18467246
-9.37896830
-9.21202231
-8.98003833
-9.93896168
-10.20817475
-9.44236918
-10.19115361
-9.19980229
-9.33530173
-10.10238771
-10.18857419
-9.01688482
-9.11546507
-9.40788088
-9.46912639
-10.11184642
-9.98823174
-10.92019808
-10.55938557
-10.42131924
-10.02451001
-10.43964363
-10.67027090
-10.88447610
-9.97975515
-9.67499616
-10.11304691
-10.13001334
-9.73537862
-10.36459592
-10.03703198
-10.48624214
-9.87082042
-10.81823580
-9.87633918
-10.36996568
-9.97964441
-9.96478961
-10.63723075
-9.94885627
-10.71650925
-9.76409265
-10.12530930
-10.22522849
-10.70638686
-9.79029649
-10.52650140
-10.80348323
-10.22406940
-10.93707240
-10.89470419
-10.18462684
-10.07665978
-10.49592422
-10.03619053
-10.37570584
-10.53969551
-9.87465400
-9.93788303
-10.52228092
-10.84585796
-9.92552330
-10.49210166
-10.61429434
-10.22836809
-10.24903531
-10.60348651
-10.42137162
-10.50692443
-10.48067374
-10.62068161
-9.96763008
-10.94890213
-10.83035086
-10.64465669
-10.42208913
-10.15964039
-9.89058033
-10.47502859
-10.85599681
-10.35596938
-10.05263626
-10.83286291
-10.21363113
-10.38121750
-10.11012764
-9.90602879
-10.00306997
-10.10470256
-9.66672512
-11.19792156
-10.72243487
-10.48884872
-10.48183639
-10.69567316
-10.25092141
-9.93344007
-11.27673891
-10.13556145
-11.25099565
-10.38349679
-10.23658090
-10.70454481
-10.26308537
-10.07177155
-10.55814678
-9.90463487
-10.30076260
-10.16573920
-10.34241658
-10.53038810
-10.44590027
-9.42481274
-10.63507269
-10.23415279
-10.35367992
-10.19795653
-2.88947913
-4.13270170
-3.84411350
-3.08378226
-3.34963181
-2.56097378
-4.10183529
-2.85479216
-2.75749111
-3.71866503
-2.93609381
-3.57669288
-3.22351230
-4.39369975
-3.56334605
-2.88747532
-3.40181418
-2.95393850
-4.43484289
-2.07195257
-4.05236505
-2.61556527
-2.78928586
-2.69056851
-2.63795649
-2.64851352
-2.31979611
-2.62774021
-4.21430171
-4.77956197
-4.74985492
-4.30231292
-3.88617807
-4.30504428
-4.32016189
-6.41771873
-4.57395999
-3.83210986
-6.17567633
-5.12967766
-5.21426869
-6.05861965
-6.31854129
-3.45375014
-3.49042354
-3.53731192
-4.06221997
-3.61627713
-3.59003721
-4.18155056
-3.58625585
-3.07297415
-2.52530221
-4.17912008
-4.12105420
-4.31878907
-4.27500677
-4.88834118
-4.29379730
-5.51842553
-6.47939884
-6.18157301
-5.24434186
-5.16262319
-5.66769755
-3.49107056
-3.41692600
-3.28215021
-3.94691534
-2.27298407
-4.51393142
-6.62333540
-3.56302845
-3.41306342
-2.72686216
-3.07726603
-3.39043140
-3.38137935
-4.20536271
-2.70855497
-3.04204061
-2.91934526
-4.46994278
-4.39077650
-4.30773853
-5.07689140
-5.72059262
-4.62759545
-5.27183990
-4.90813924
-4.54880757
-4.84977304
-3.06232099
-4.17648060
-4.54717457
-5.48102754
-3.67649387
-4.41083101
-2.85193012
-4.11236447
-6.28471523
-5.56246282
-5.51548871
-5.62199765
-5.55760147
-5.60172407
-5.23552020
-4.97031651
-5.42343969
-5.61203079
-5.49069628
-5.47593771
-5.25086497
-5.66450353
-3.11547901
-3.49412742
-4.91894026
-4.77132140
-5.79518220
-5.12208521
-5.50422686
-5.39503267
-6.11714410
-4.72910897
-6.20655909
-5.55743432
-5.06218272
-5.80874440
-5.86070408
-5.82767292
-6.53883858
-5.83400863
-5.55937762
-5.62358043
-6.21333196
-5.81379322
-4.65147647
-6.10405393
-6.77969164
-5.38732953
-5.28010349
-5.96248076
-6.78882839
-5.00500237
-5.27390794
-6.37997207
-5.29773425
-5.71273619
-5.66919225
-7.03829790
-6.57915117
-5.36920193
-5.42391024
-6.00602214
-5.60224438
-4.41416423
-4.75357577
-4.35914761
-4.36420449
-5.16589653
-6.32640920
-5.73451342
-6.62004624
-5.20455005
-6.61765106
-5.34270845
-4.78420467
-2.41547827
-2.48139887
-1.41122930
-2.53287508
-2.61792274
-4.60579024
-1.77813019
0.16898253
-5.98775985
-5.69536152
-6.02672051
-5.05355578
-5.94301752
-6.23381276
-5.75680210
-4.94896269
-5.33194881
-5.74485289
-5.61028630
-5.70871540
-5.39056781
-5.32584604
-5.46172239
-5.64526710
-6.80302141
-6.99247213
-6.61784912
-5.99916590
-5.23881847
-5.00145946
-5.51630350
-5.31986453
-5.48083714
-2.19487261
-3.65324666
-4.71409407
-4.07211005
-5.10250362
-4.07511717
-5.61837703
-4.61800332
-5.29535342
-3.88352139
-5.19451141
-4.29960775
-3.65903861
-4.89618260
-3.76240601
-3.85315382
-3.98210357
-3.82195699
-3.44118945
-3.69026895
-2.91328757
-2.80779706
-3.84189303
-4.23568901
-4.21445833
-3.88283215
-4.16520864
-4.07656456
-3.93373013
-3.83094251
-5.34358468
-3.65266370
-1.83705296
-2.36070488
-3.04307852
-3.04307852
-3.04310445
-2.63229481
-2.02255288
-2.34360580
-2.34368091
-1.70337482
-3.79525751
-2.84746666
-3.40736569
-3.44113441
-3.21093655
-3.49103731
-3.00204379
-3.71998881
-2.64154528
-3.18720215
-4.08850501
-5.65942602
-4.15908994
-5.60261230
-4.56314132
-4.47468705
-4.13254357
-4.91836423
-3.54498487
-4.48014360
-4.63399817
-3.01388705
-3.00486944
-3.75494553
-3.74737082
-3.24906972
-3.37032039
-3.36049128
-3.40947816
-3.63973319
-4.23240078
-2.67174603
-4.22354660
-4.95965711
-3.73628013
-3.58125200
-3.77026349
-3.43673211
-4.03204667
-2.41599376
-0.16048282
0.75417341
-1.31208428
-1.26959063
-0.63536659
-1.18239882
-1.65018627
-3.24247148
-3.21444048
-2.55218820
-2.13389089
-2.93834799
-2.99582153
-4.84738742
-1.53497638
-2.73709061
-2.61787609
-2.69565064
-4.59665491
-4.04714512
-3.34998668
-3.74068703
-4.71544985
-3.64112435
-5.09853471
-4.20143508
-4.13235135
-4.02105455
-3.23186438
-2.06079704
-3.47220350
-4.07149350
-4.27065220
-3.88333186
-4.33111243
-3.56886900
-2.52838419
-3.29003548
-2.88904435
-4.54653882
-3.74280281
-5.07302441
-4.56728542
-3.63496504
-3.28612108
-2.71122605
-2.86369219
-3.33814931
-2.86403381
-3.80083806
-5.46570110
-3.18145865
-3.36226383
-4.33422048
-4.47746423
-4.35676727
-4.28581462
-3.48915789
-4.42378287
-4.59335850
-5.25125530
-4.71153135
-4.58660435
-3.80273885
-4.33548528
-3.51122393
-3.92405315
-3.73385562
-4.57569943
-4.46830546
-3.97804365
-4.82377186
-3.19486756
-3.64682750
-4.85701641
-3.58780054
-3.59683216
-4.29503952
-3.69181651
-4.11480011
-2.82710582
-3.55925776
-2.81015942
-3.35434045
-4.10023716
-4.12281902
-5.00886990
-4.38820356
-4.21120723
-2.18841973
-0.77521607
-2.64681445
-2.78942236
-3.36583964
-3.62154717
-1.75235217
-1.94700075
-4.71170775
-4.62284824
-4.36481634
-4.60395281
-3.56551397
-4.67327755
-3.45776231
-3.41546125
-3.19692458
-4.78300962
-3.21974134
-4.65403164
-4.14895881
-3.05618254
-4.24787015
-4.85852114
-4.55008305
-4.62303283
-4.58664727
-4.47504486
-3.57272523
-5.76585594
-6.37321434
-6.72690815
-6.54175609
-6.10568466
-6.60809143
-6.25623913
-6.55588632
-6.82562768
-6.87609367
-6.33746995
-6.38589209
-6.43319251
-6.09924214
-6.63525641
-6.12671903
-6.92889652
-6.80063626
-6.14544933
-6.46287668
-6.40788548
-6.54064396
-5.28387044
-5.73854294
-6.59062710
-6.07747711
-5.64945939
-6.38089657
-6.72511982
-5.19757963
-5.18549966
-5.62805272
-5.21546157
-5.10341009
-3.29467485
-3.99725983
-4.71599700
-4.74242810
-5.76801311
-5.96854741
-6.55935943
-7.04951276
-6.33874149
-6.33486470
-6.56932218
-5.94020318
-6.06568024
-7.06762780
-6.34504745
-6.60602744
-6.16576099
-6.89572288
-6.59840974
-7.01821708
-6.59512712
-6.25194738
-6.43380199
-5.84663898
-6.72884800
-6.24102686
-6.07617198
-6.72626853
-6.70733006
-6.06617265
-6.72659999
-6.35587826
-6.72824231
-5.95639819
-6.49261848
-6.54043909
-4.10372141
-6.94159677
-6.38121290
-6.40807970
-6.37750005
-6.94702806
-6.41283757
-5.28843178
-6.21343037
-6.01030922
-5.88758937
-5.00135981
-5.36956016
-5.67183365
-6.12816966
-4.99319907
-6.39098552
-6.19415571
-6.04192206
-6.76882250
-6.44456444
-5.93912436
-6.41759632
-6.93321279
-6.17761534
-6.74188784
-6.00549596
-6.72884800
-6.72947171
-6.63601564
-9.93658466
-9.47870822
-9.28756704
-8.55905094
-9.25146009
-8.96342194
-9.09983522
-8.85460081
-9.41784389
-8.16699654
-8.71872425
-6.96462772
-5.64881913
-8.41235411
-4.93756727
-5.65884706
-6.85445885
-7.33040186
-6.30429646
-7.18510548
-9.27884604
-7.90289663
-7.26721731
-9.43838038
-9.95653184
-9.06013056
-8.88677430
-9.77030934
-8.35697829
-9.31953774
-9.79494132
-9.70307300
-9.94022120
-6.37939865
-9.39424005
-9.05647070
-9.54470163
-9.55830421
-9.13234048
-9.68730717
-9.32319632
-9.82636079
-8.12829705
-8.68074224
-9.25007406
-8.31127232
-7.44119196
-9.16204405
-9.40480037
-9.55352556
-8.30387382
-8.99683316
-10.09515614
-7.56980542
-9.08227798
-8.35117448
-9.54057989
-7.30360689
-7.94602743
-8.84845068
-7.19807821
-9.06502009
-9.21865273
-8.99104572
-6.93919064
-8.85220417
-8.00555956
-9.60906465
-8.74171263
-9.36788784
-9.74265011
-10.21259774
-9.24868630
-9.48531295
-9.46190039
-6.82457176
-7.58428150
-9.36676262
-8.65794261
-8.67814814
-9.74861385
-9.96263835
-9.57401039
-9.03812400
-10.10562836
-9.80629444
-7.73954392
-9.21642679
-8.93112038
-7.98063446
-8.15813569
-9.95217052
-9.68935573
-10.97370556
-9.85078930
-9.09781940
-9.93454360
-9.26251508
-9.62398882
-8.59845275
-10.76015078
-10.89384720
-10.98861190
-10.91060906
-8.25608177
-8.05357515
-6.42866630
-8.30092895
-8.91927731
-9.30790395
-9.54260898
-12.13955068
-10.98807917
-10.91100197
-9.99019063
-11.06463826
-10.57842818
-10.22454479
-11.27649551
-9.95122040
-10.56559574
-10.11881434
-11.35160708
-12.13279046
-8.47271388
-11.80974809
-9.43212943
-10.22149290
-10.45714474
-10.92214063
-9.66947153
-11.81006707
-10.69457871
-12.39352801
-11.24354207
-10.55774803
-11.36418690
-11.33439473
-11.13458140
-10.50143661
-10.74974933
-12.10530331
-11.06582196
-10.21379512
-11.46751316
-11.72214962
-11.50185739
-10.90794510
-10.95014092
-11.46125930
-11.54696029
-11.22157711
-11.35878708
-10.71690156
-11.12882640
-10.76885012
-11.04420972
-7.62790848
-9.15973849
-8.21203174
-9.52414566
-9.13363701
-10.18214740
-8.14740392
-8.70987648
-9.60864205
-10.24730422
-10.43799269
-10.31781699
-8.84441369
-11.66962014
-10.82706355
-10.85000452
-10.77666160
-9.47571053
-10.45835069
-10.64864907
-9.67617228
-10.63582632
-10.96813039
-11.22919025
-9.93313838
-11.73699515
-11.77356771
-12.23526353
-12.05380754
-10.12678738
-12.24119231
-10.61439155
-11.27176522
-10.07471219
-10.29966245
-11.56797506
-11.82312642
-9.67710945
-10.61402062
-10.78441210
-10.36166728
-10.78615997
-10.39782069
-10.94089822
-10.65563357
-10.38667525
-10.57146149
-10.35615159
-10.58665261
-10.67880017
-11.25772490
-10.30403544
-10.61393221
-11.16178799
-7.64214537
-7.68551341
-7.24048734
-8.18084145
-8.74983665
-8.80971669
-8.98326186
-10.44157753
-10.32548730
-10.95931566
-10.34833075
-9.97439355
-10.14345370
-10.21532110
-10.75472127
-11.12039218
-10.59167806
-10.44041855
-10.49693951
-10.59594480
-10.44270771
-10.45487308
-10.83775679
-10.61940820
-10.28090722
-7.66348230
-7.99250019
-8.60966216
-10.12727824
-10.61051065
-10.58676426
-10.99586368
-11.70820694
-10.69991408
-11.04877717
-10.60303063
-11.22429655
-11.07474558
-10.45445633
-10.49638411
-11.26049065
-10.46233961
-10.32501007
-10.62324236
-10.53480223
-10.49669168
-10.39186193
-10.69836076
-9.96356307
-10.26243792
-9.59516967
-10.38656755
-10.11168718
-10.47526665
-10.20288656
-10.38021990
-10.86904699
-10.56199979
-10.39311029
-10.47518134
-9.87360543
-9.41181193
-9.98200186
-10.82107626
-11.02249850
-9.71742440
-10.45806414
-10.50107650
-10.77894978
-10.41504955
-10.79073634
-10.58571766
-10.41206625
-10.38031211
-10.27577618
-11.07387505
-10.47438361
-10.71877693
-10.60783763
-10.23655647
-10.76525782
-10.53546357
-10.83434613
-10.46152545
-10.99668023
-10.26019120
-10.22357105
-10.17731385
-10.15636894
-8.98336177
-8.34426003
-8.83849276
-9.22762129
-8.60309004
-9.19993415
-9.32206072
-7.96949200
-9.26671541
-8.84755522
-9.33698952
-8.81855684
-8.23910014
-8.67122711
-9.11495936
-9.34226065
-8.75032866
-8.71952753
-9.12452466
-8.85666435
-8.52561630
-8.13445983
-9.18141572
-8.29992509
-8.00999773
-9.36739842
-9.04847282
-8.32991810
-8.35209880
-8.81372185
-8.28542840
-7.90378038
-9.08013856
-7.84058504
-8.23448487
-7.79548862
-8.27569010
-8.20046810
-8.38153575
-9.13652847
-8.23854090
-7.40032247
-8.23096119
-8.29702091
-8.26210929
-8.32776284
-8.24128891
-8.37002430
-8.25099911
-8.24683553
-8.10930093
-9.05308046
-8.50506057
-8.50416702
-7.58329963
-7.95161241
-9.17318343
-8.89531783
-7.86115887
-8.16260512
-8.59882213
-7.91646696
-8.47354903
-8.69916215
-8.61587589
-9.04042807
-7.45002804
-9.02684762
-8.60073169
-8.57068876
-8.87486713
-7.85964106
-9.14321859
-9.33195532
-8.47342282
-9.08581449
-8.93775462
-8.38752592
-9.04354712
-9.32252035
-8.53604005
-8.19835720
-8.44141385
-8.28813568
-8.71397718
-9.32221943
-8.17700209
-7.89597566
-8.20235303
-9.13821214
-8.21552064
-8.92049390
-8.18898387
-9.05391774
-8.81489820
-9.21912705
-9.15763008
-8.39763698
-9.18828502
-8.56989413
-4.30927590
-4.86183243
-4.31355849
-4.84695470
-4.77053061
-4.69308580
-4.35775171
-3.75979022
-4.94828416
-4.86496708
-4.89431550
-4.23980147
-6.23361067
-4.92015175
-4.27616903
-5.57285024
-4.89191757
-4.55109845
-5.15635694
-3.70487433
-4.36180510
-4.84975684
-4.26998941
-4.56930097
-4.94254924
-5.35911753
-4.23928111
-5.18757664
-4.94419129
-4.65709063
-3.85990567
-5.35602624
-4.98232062
-4.66144768
-4.79365948
-4.84717532
-4.75259616
-4.53182860
-3.44516690
-4.50143691
-4.80388021
-4.96357120
-4.80979036
-4.60684548
-5.06154122
-4.96113232
-5.43190422
-4.94830262
-4.11701396
-4.09414200
-4.80117366
-4.80779676
-3.91853460
-6.17974118
-4.82311713
-4.83007196
-5.16141571
-4.75833312
-4.30756094
-4.80880014
-3.83006596
-3.71190153
-4.57172708
-4.59577778
-4.49289442
-5.00499482
-4.36559300
-4.42520700
-4.66204394
-5.44123625
-4.48738957
-4.86070205
-3.53938690
-5.21780559
-4.67463088
-4.38943704
-4.28007865
-4.93056755
-3.83425062
-3.55398052
-4.60100368
-4.76645804
-3.73819214
-4.08679058
-4.38679941
-3.47510640
-4.68112663
-4.79973249
-3.14888871
-4.52360269
-4.73796700
-5.02601491
-4.29950725
-5.49519576
-4.78990549
-4.83811871
-4.86562361
-4.94085749
-4.93019921
-4.96057144
-9.03760377
-9.36085544
-9.55151497
-9.58407746
-9.37633843
-9.10187118
-9.81458270
-10.02880792
-9.90747122
-9.69499327
-9.16868277
-9.38071894
-9.92437088
-9.11353204
-9.51800101
-9.59371014
-9.20251138
-10.34772384
-9.82026999
-9.83630251
-10.05500910
-9.23085850
-9.38403930
-9.66469284
-9.11389478
-9.32640683
-9.03737794
-9.23780245
-8.41762833
-9.97839970
-9.50977348
-8.95249571
-9.27819525
-9.26646366
-9.11110803
-9.51381585
-8.64406339
-9.23940441
-9.37835898
-9.01762368
-9.01834033
-8.58061284
-8.82294107
-9.51284199
-9.20078634
-8.48253188
-9.17189804
-8.96166042
-9.32079667
-9.45254111
-9.09811630
-9.39016264
-9.00731281
-8.97790469
-8.87210543
-9.13443356
-9.07167509
-8.80097142
-9.90190917
-8.73591289
-9.79913283
-9.09686244
-9.14270563
-8.52692729
-9.21803076
-8.13105846
-9.59712466
-9.04207489
-9.08463763
-9.16212917
-8.94335736
-8.84702650
-9.53202804
-8.77332835
-9.27450016
-9.00039132
-9.53890737
-8.54167888
-8.64833150
-9.29937633
-8.22031475
-9.04364238
-10.05266335
-8.85412000
-8.25429480
-8.67919717
-8.43913812
-7.57390678
-8.01433019
-8.96313631
-7.95767822
-7.41409098
-8.38130375
-9.02211031
-8.93161784
-9.77625781
-9.25961010
-9.38706690
-9.10185066
-9.24243156
-9.84841827
-10.04771915
-10.04455276
-9.60805917
-9.62678091
-9.84216813
-10.46686595
-10.68166060
-10.03555704
-9.17412060
-9.05987639
-8.48959575
-10.22072600
-10.19511900
-10.05288209
-9.68753696
-8.67596661
-10.02795658
-10.87172992
-9.20020119
-10.09608241
-9.97847316
-10.58555629
-8.61548016
-8.33769367
-10.06899691
-9.44746504
-9.30245688
-9.51659586
-7.57966171
-10.04270428
-9.78916438
-8.39571485
-9.47025084
-9.93759765
-9.90394809
-9.76292204
-9.94115141
-10.87395582
-10.29889678
-9.31977012
-9.93110382
-10.75604887
-9.73779744
-10.68217390
-9.04598709
-9.63255170
-9.32848173
-10.29591111
-9.23784632
-10.56612836
-9.99098080
-9.98159383
-9.47765237
-10.54466841
-10.05991082
-9.68012392
-9.61779860
-10.11085882
-10.50742172
-9.69044318
-9.66219044
-9.97460368
-9.76476201
-10.85922634
-9.55914736
-11.00792227
-9.84524688
-11.47988342
-9.51550284
-10.24634004
-9.59697608
-7.96740020
-10.18367193
-10.21973640
-10.05459296
-8.90332281
-10.12729564
-10.64989609
-10.99534821
-9.84937387
-11.22065982
-9.76064899
-10.18477582
-9.62006609
-10.38448310
-10.69792595
-9.86071396
-10.24254427
-9.67885051
-10.22900807
-10.11476779
-9.99071133
-10.35208015
-9.10624704
-10.56384993
-9.27129909
-9.81854280
-9.64296607
-10.06114271
