-6.78125158
-6.54752444
-6.30577010
-6.49142989
-6.03602316
-6.23984877
-5.85194606
-6.83016264
-6.67045419
-5.85576990
-5.93054343
-6.48903565
-6.62424559
-6.09480885
-6.72722034
-6.55450475
-6.08526972
-6.48824861
-6.31953873
-6.52528423
-6.08143488
-6.76527350
-7.06092065
-5.94566991
-6.53595054
-6.72878481
-6.91527257
-7.22312366
-6.02373626
-6.17155012
-6.65990339
-6.86444102
-6.16290052
-6.78408182
-6.82386260
-6.83750387
-5.06998214
-5.95438781
-6.96223871
-6.35655216
-6.54020463
-6.42801638
-6.28458969
-6.55760158
-6.35604556
-6.10398885
-6.64522428
-6.89555324
-7.14261640
-6.81260735
-5.99895003
-6.53274094
-6.79038919
-6.52313825
-6.58890702
-6.03441719
-6.58720084
-6.39608193
-6.05625092
-6.15974599
-6.21907098
-6.18966041
-6.61564766
-6.72410651
-6.61706676
-7.74425100
-6.94492415
-7.32051403
-7.24210600
-6.14062578
-6.63348690
-6.62703215
-6.45208486
-6.70593129
-6.78278994
-6.27130722
-6.81337617
-6.62178819
-6.76653272
-6.69128418
-6.55402961
-6.93894835
-6.30528617
-6.71125116
-1.40004632
-5.66288302
-5.60958790
-5.63925637
-6.38483366
-5.80323429
-6.62391068
-6.00336766
-6.94110107
-6.77606175
-7.14119285
-6.45510462
-6.68396933
-6.96111267
-6.20137143
-7.11901391
-2.22912638
-4.09752198
-4.53566249
-3.56944802
-3.92839383
-4.22277619
-3.35138910
-4.27426260
-3.06627098
-4.27387316
-2.24667728
-2.35533234
-1.45368845
-1.03201372
-1.86360020
-3.63036202
0.45021181
-4.34435486
-4.07150999
-3.98954739
-3.97430290
-3.57266558
-2.37014950
-3.97829235
-3.97278709
-4.28997900
-3.93396580
-3.50342475
-3.78448690
-4.14512050
-4.08325719
-4.51719861
-3.67568650
-3.80422817
-4.88782654
-3.89999632
-2.94448617
-2.73877800
-4.62345989
-4.47718256
-4.01344873
-4.29271135
-2.49814083
-3.83202119
-3.81865257
-3.34984846
-3.35262713
-3.58151944
-1.01862435
-3.03011960
-2.67309869
-2.07958914
-4.22531290
-3.55838638
-4.16854019
-4.28722109
-3.90577339
-4.28868328
-4.49507960
-3.97922760
-2.53430632
-3.74806516
-4.16831937
-4.14359097
-4.10108295
-3.40941692
-3.59505658
-3.94165867
-1.00273275
-3.41938851
-3.99161903
-3.73252555
-3.61592662
-3.97545203
-3.94431839
-2.80009482
-4.14410492
-3.98292393
-4.34858364
-3.72383456
-3.41623889
-2.77789637
-3.40116924
-2.66575502
-3.78459073
-4.32861001
-3.92351707
-4.20995432
-4.38778237
-4.30386795
-4.04315853
-4.51519089
-4.91259913
-4.55734609
-3.95834279
-3.55125250
-3.40770606
-2.22064569
-4.33776940
-3.78123142
-5.06410120
-4.96896152
-5.98723436
-5.93266348
-6.08901231
-5.27791246
-6.81265069
-5.94991776
-4.84129699
-5.87971535
-5.79622724
-5.17950327
-4.73558347
-5.90329164
-5.87599428
-6.00904025
-5.26886789
-5.92892183
-5.58141936
-4.86680687
-6.72983334
-5.26463069
-7.46000699
-6.53494152
-6.35902533
-5.66198655
-6.32713347
-5.81712650
-7.54759268
-6.90169551
-5.96919757
-6.82691409
-6.80209860
-5.54855795
-7.45328125
-7.09680154
-5.37065394
-6.26174483
-6.11022006
-4.80681974
-4.91064610
-6.36006218
-5.65346550
-6.07606634
-5.61200250
-7.45038022
-5.52514814
-5.32469439
-7.19811242
-7.87324137
-6.34472750
-6.76061174
-5.91595698
-7.06684384
-6.61030836
-4.63395638
-4.06631449
-7.12668744
-4.76059657
-5.48454184
-5.60025537
-5.53690770
-5.71935572
-5.59241325
-7.15565152
-5.55702775
-5.80061081
-6.30060643
-5.67896323
-6.02799796
-5.55836405
-4.97945409
-5.26125188
-3.59920170
-4.74284706
-4.44428068
-5.64883652
-5.93697447
-6.13334657
-5.16518487
-6.41495891
-7.08963860
-7.28922307
-7.25662516
-5.58186086
-6.83126326
-6.12939158
-7.14767441
-5.46855327
-6.18325710
-6.92199632
-4.62457016
-5.76025146
-5.74085027
-4.86431792
-4.68060683
-0.53413315
-6.42033424
-5.22353047
-5.09219274
-5.55659601
-5.20173731
-5.10311613
-5.14079420
-5.08058092
-5.69469131
-5.41860290
-5.12728321
-4.94680344
-4.64099742
-5.16931686
-5.28343573
-5.38225582
-4.64229018
-4.63240012
-4.98326242
-4.29188647
-4.99727139
-4.25807109
-4.57037609
-4.84852399
-5.70162183
-4.20363531
-3.47500268
-2.63551723
-3.91436901
-4.88387403
-3.78093807
-2.90726912
-5.11310000
-4.37094656
-5.18880365
-4.90806795
-4.42885232
-5.00710867
-5.36886841
-4.52974743
-4.89912664
-5.09997341
-5.38073301
-5.05660815
-3.98561074
-4.25617859
-4.00108940
-4.07020484
-4.46852601
-4.94304412
-4.74532400
-4.94444482
-4.94668542
-5.15527735
-5.10989175
-4.55369000
-5.40298083
-5.64993216
-5.41838642
-5.51119282
-4.93945574
-5.26411654
-4.55268194
-5.19727173
-5.15588010
-5.39344740
-5.31891588
-4.46531165
-5.30335311
-4.65628473
-5.34759142
-5.07262332
-4.05825206
-5.10862905
-5.74832237
-3.63129694
-3.15858187
-0.01983075
-4.19258616
-4.21014193
-3.73961401
-4.08157388
-3.22003440
-3.80731310
-4.12645728
-3.51875885
-4.18201426
-4.00977920
-4.56328885
-4.94775099
-4.23574470
-4.91523390
-5.05002337
-5.53079782
-5.44828913
-5.46180619
-5.38079577
-4.60441539
-5.17496378
-5.27153508
-4.97157661
-5.47829692
-5.19509442
-1.53181330
-1.54369645
-1.45430563
-0.80557093
-1.37549948
-0.79338522
-1.26229053
-0.02109790
-0.27958837
-0.41894196
-0.40493586
-0.52171478
-0.78803153
-0.11252914
-0.09983228
-0.09924842
-0.79058475
0.10280624
-1.85626252
-1.78540731
-1.37932937
-1.54414697
-1.17770117
-1.31275963
-1.25076345
-1.92549431
-1.69438512
-1.87518716
-1.69356818
-1.63443219
-1.30166802
-2.31461652
-2.16827763
-1.35800508
-0.80161957
-1.07665236
-1.76803281
-1.63040728
-1.81912912
-0.22004361
-2.42890852
-1.80735436
-1.98894787
-1.47369917
-1.94127591
-1.68061132
-0.65679654
-1.02237616
-0.59106840
-1.49212991
-1.18720892
-2.72296059
-1.50785260
-1.73285775
-0.59939975
-0.77177377
-1.47914913
-0.88802088
-1.74373769
-1.36340379
-1.36811828
-2.13283947
0.91465708
-1.05124210
-1.12660736
0.17111663
-0.95094929
-0.07262369
-1.23796830
-1.74062239
-1.94785803
-1.04687170
-1.32786916
-1.94054014
-2.29465384
-1.06968527
-1.39704290
-1.23797684
-1.41378042
-1.89242093
-1.06810459
-0.59267315
-1.56793007
-2.18722410
-0.61145691
-1.41787959
-1.26580472
-1.33405264
-1.22596023
-0.30514690
-0.16684578
-1.38835957
-1.18071627
-1.03202575
-0.50198219
-0.55061112
-0.93963818
-0.39847101
1.29330217
1.68624889
-2.30132642
-2.69518010
-1.34975412
-1.95188196
-1.38603623
-1.60090870
-1.41128359
-2.24401020
-1.75237719
-1.41042435
-1.89970614
0.26794126
-2.97006025
-2.02156016
-1.86135688
-1.49948687
-2.20639532
-3.00049490
-1.91218332
-2.27642643
-2.55920375
-2.01126094
-2.43692060
-1.62799285
-1.76936751
-2.99850160
-2.82498881
-1.41596011
-2.57131854
-2.84088291
-1.61175946
-2.31076589
-2.47792323
-3.20483844
-3.25815955
-2.08630994
-1.77505095
-1.72879583
-2.21647895
-2.03600804
-2.23164069
-2.38725021
-1.93070185
-2.09469998
-1.84821755
-1.51436758
-1.76522556
-2.08908265
-2.09159481
-1.46124586
-1.76204155
-1.94566354
-1.29260984
-1.33220090
-1.25218598
-0.64096936
-1.19132121
-0.02944681
-0.39156546
-1.51171368
-1.52939848
-0.75311168
-1.72059953
-1.40236800
-2.30752517
-2.90148769
-2.93898628
-2.93396872
-1.88970099
-2.66229873
-2.90359891
-2.45003471
-1.86361324
-2.42141017
-2.85408986
-1.79740900
-2.86901035
-2.66713841
-1.83417866
-3.23933630
-2.22658654
-1.85570050
-1.71084178
-2.86359876
-1.66467129
-2.22370235
-1.67093253
-2.78476530
-2.40557052
-2.36004256
-1.93993046
-2.35779954
-2.71010466
-1.92159913
-2.41598483
-2.36773400
-2.26868811
-2.23646201
-2.57565339
-2.93297669
-9.10269098
-10.23026964
-9.55137167
-9.37962145
-8.43445298
-8.94989526
-7.94058350
-7.72089212
-7.46876353
-9.82579419
-7.98367895
-6.76653132
-7.62914698
-8.84141648
-8.36151838
-7.74670158
-7.17723366
-6.65481890
-7.53059103
-6.73032515
-7.08595273
-7.62476933
-9.20649977
-8.54343123
-9.06673113
-9.47494875
-8.90703288
-8.27067702
-9.25846649
-8.12739627
-8.03228078
-8.30713005
-8.57903304
-7.65418289
-7.88198251
-8.05340757
-7.72305727
-8.91093686
-7.93992229
-8.26875532
-8.05377786
-8.86456844
-7.96852385
-8.78886224
-8.05102844
-7.98925350
-8.21626443
-8.98807165
-8.35244348
-8.27520971
-8.71665192
-9.60322339
-8.96684523
-9.12122009
-8.65559464
-9.59994325
-9.24705028
-7.86803970
-8.80930252
-8.74086062
-7.99283933
-7.90493986
-9.05370876
-8.81414700
-7.21135445
-6.76513349
-7.44406184
-6.99946332
-9.01000779
-8.33608755
-8.18092825
-8.52619827
-7.32818382
-7.49543158
-7.68062027
-8.42339454
-7.43857545
-8.71750052
-7.89695087
-9.76390783
-8.19470841
-8.36927867
-9.78765482
-8.45569423
-8.65952883
-9.49935758
-9.29698576
-8.99608194
-7.84685741
-9.19360759
-9.17902814
-8.18973926
-9.98133599
-8.60110118
-9.23716013
-8.51110868
-8.97360831
-9.09411735
-9.16564982
-7.93683015
-7.62284347
-8.04281786
-7.87836752
-9.18548597
-8.99493035
-7.44215695
-7.45676866
-8.82776574
-8.89000687
-8.74385716
-8.92817246
-8.74842936
-8.52053418
-10.24971358
-9.14667867
-9.04746425
-8.84010554
-9.03670213
-9.28426734
-8.57806548
-9.22279393
-9.25266569
-10.55555127
-9.08964248
-9.04448397
-9.06350717
-9.05961204
-8.97948983
-9.17953270
-9.72512455
-9.10967329
-9.04538945
-9.04248292
-9.04982618
-9.10475659
-8.86453390
-8.99414483
-8.24050868
-9.12697043
-9.04674246
-9.05998410
-9.12638736
-9.06758985
-9.10682362
-9.48359316
-9.14902735
-9.08605240
-9.34386361
-8.81916826
-8.75520781
-9.05434275
-8.64558308
-8.64367861
-9.25726317
-9.12801925
-9.01939385
-9.96736972
-8.39741058
-9.14624424
-10.45565534
-8.91852119
-9.63019490
-9.36476617
-9.07820740
-8.95495610
-9.27635542
-9.09324293
-9.15430275
-9.03164571
-9.03344460
-9.11372075
-9.03598826
-8.99855124
-9.04016218
-8.92986414
-9.02847556
-9.59971195
-9.23954595
-8.97039735
-9.29392237
-8.76814097
-9.16480590
-10.35573217
-8.96420532
-9.21117093
-9.58386695
-9.33155052
-9.17911221
-8.86667749
-9.13493211
-9.13415067
-9.00399385
-9.64487644
-8.92929757
-9.05627009
-8.93864420
-8.73625790
-8.84296281
-9.14301155
-8.97265209
-3.43266401
-2.61350927
-3.66131853
-2.30015114
-2.26369211
-2.80408970
-3.03164368
-1.65381086
-3.73135372
-2.41697765
-1.75846537
-2.92790325
-3.13933866
-1.87435172
-2.18528247
-2.85486237
-2.08666734
-1.58855991
-1.40103485
-2.38911007
-3.66132493
-1.51527453
-3.00135428
-2.20200997
-2.62096949
-2.74175733
-2.48728071
-1.92550473
-2.71741660
-2.67227059
-0.69143973
0.10442374
-0.29535969
1.57983267
-0.87851527
-0.14804226
-0.50268759
-2.38327061
-1.74012980
-1.17354801
-1.28831272
-2.23151498
-1.23070240
-2.50506961
-1.14348456
-2.45229705
-1.42144684
-1.41326699
-2.35170940
-1.19323608
-3.10594016
-0.75615585
-1.69199604
-3.47058088
-2.18332762
-2.32631730
-2.47581928
-2.04669755
-2.42578406
-2.61276834
-2.30446214
-2.60852777
-2.58000159
-2.87015888
-2.56189758
-2.37417198
-0.66741932
-2.69883725
-2.11415050
-2.28394613
-2.80808221
-2.92062121
-2.14776770
-2.69077687
-3.54421255
-2.09597312
-2.43272473
-2.38679836
-2.98441980
-2.18291654
-2.22288648
-2.98586721
-1.49556466
-0.96387913
-1.14385254
-0.83471912
-1.13551363
-1.07912840
-1.67515720
-2.28802606
-1.73839411
-2.22123077
-3.31831421
-2.16881155
-2.40628521
-1.18619467
-1.68639457
-1.03869111
-2.18218896
-1.23604310
-5.35425560
-6.15661189
-5.77440742
-5.61670891
-5.51442756
-5.40699299
-5.43457855
-5.68421011
-5.53252009
-5.31750760
-5.90543751
-5.79531453
-5.65054448
-5.23211289
-5.21764053
-5.36269974
-5.68198698
-5.25222712
-5.19389169
-5.16061629
-5.58233221
-5.78748883
-5.57891466
-0.78230648
-3.95105435
-4.45337770
-4.37174132
-4.29272270
-4.72562467
-3.48465394
-5.55886893
-4.54243760
-5.32738998
-5.22184369
-5.92588910
-5.47347614
-5.57695261
-5.83558758
-5.92731302
-5.31600638
-5.32024054
-5.58839051
-5.75363731
-4.99977621
-5.66060175
-5.68302564
-5.81951596
-5.78627003
-5.76088060
-5.86406239
-6.58052099
-4.99833509
-5.32706966
-5.82084830
-5.70696450
-5.77922907
-6.00806591
-5.92885392
-5.74966276
-5.43235287
-5.93467827
-5.84600531
-6.08211828
-5.66612175
-5.61027723
-5.90559581
-5.35445783
-4.95215081
-4.64333431
-4.54635921
-4.75529012
-4.92171829
-5.12261727
-4.57827702
-4.58577251
-5.05885159
-5.01487283
-5.80856334
-5.28709673
-5.66744049
-5.26268308
-5.31933210
-5.73265213
-5.89244029
-5.55650183
-5.66813065
-5.68047469
-5.61003759
-5.38587468
-5.51823438
-5.56012783
-5.28436801
-5.33688186
-4.98164066
-5.85874772
-5.88083993
-5.15905619
-5.02541589
-5.56333198
-5.09860075
0.50117757
-0.61740061
0.25143971
0.46634821
1.17756643
0.16190209
0.96742220
0.89648885
0.18287372
-1.06137106
0.17878575
0.73575220
-0.04361896
1.20171990
-1.13025910
0.38656994
0.41299030
-0.03729824
-1.14244892
-0.15153369
0.45707994
0.08952805
0.61559946
0.20303074
0.44026309
0.87331447
0.88932029
0.63708643
0.73621143
1.21976911
0.03578882
0.20407203
0.53632336
0.48519700
0.03655563
0.16126007
0.95814834
0.60754441
-0.06399607
-0.51425609
0.41151642
-1.07120062
0.96334597
0.38024507
0.37221405
-0.16804908
1.14559417
1.24738022
0.58576756
0.23503463
0.96151782
0.90181212
-0.31597565
0.47562622
-0.85307696
-0.29196694
0.71183120
0.21275847
1.02276782
1.07631774
0.05724529
1.08172476
-0.27516080
-0.49959113
-0.24373462
-1.44173594
0.52324831
-0.63056743
-1.27499943
-0.31588189
0.47206323
0.86549800
3.10030261
0.62084131
1.66169151
0.41738731
0.93472035
0.37457273
-0.58626779
0.12167996
0.16413590
-0.09794620
-1.28587191
0.01661850
-0.71760267
0.21280681
1.11427667
0.09462014
-0.82641040
0.96461920
-0.66766514
0.84286158
1.94472947
0.77579462
0.99197380
0.19540099
0.86437072
1.62927225
0.18254145
0.88425037
-4.46861163
-4.45426771
-4.45616870
-3.43255504
-4.58382603
-4.94107112
-4.46798025
-4.70392641
-4.46879281
-4.98259392
-5.64465945
-4.80173228
-4.75047144
-4.61358720
-4.96148485
-4.97872206
-4.66652363
-5.07107192
-4.92692982
-5.59163293
-4.40135837
-4.04752727
-4.06570916
-4.45282787
-4.36937001
-3.87979080
-5.82548586
-4.92286651
-5.12772697
-5.88018753
-4.53629479
-5.08155293
-4.95168925
-5.66665134
-5.67674672
-5.62167001
-4.88691151
-5.66167675
-5.40771369
-4.49270742
-4.72514797
-4.71866021
-4.12807361
-5.12619161
-5.37397223
-4.75348604
-4.89118964
-4.28166911
-5.07517803
-3.42189629
-4.97360167
-5.82156474
-4.95453403
-5.65075127
-5.26301847
-4.69266378
-4.52586175
-5.06010662
-5.84846214
-5.25584604
-4.38435143
-5.16472340
-4.98079087
-5.08726923
-5.12972660
-4.59224622
-4.03358017
-5.42233537
-5.27809752
-4.93150050
-4.76131071
-5.25115704
-5.16034898
-4.05776686
-4.78601971
-4.54548663
-4.76453251
-4.78636151
-6.57989726
-4.90220568
-5.63363095
-4.25020458
-4.91851060
-5.80320136
-5.48394599
-4.36075083
-5.04626175
-5.40939707
-4.82321922
-5.38995550
-5.63464920
-5.53266533
-5.37285311
-5.59523956
-4.89229607
-5.02795468
-4.36988242
-5.01058296
-4.79514786
-5.50975002
-2.23511147
-2.12137377
-2.33494353
-1.76818915
-2.28575570
-2.38400898
-2.19287262
-2.31972974
-0.88624591
-2.37256970
-1.96724856
-1.68387038
-0.82554924
-1.67321587
-2.25205856
-1.73651992
-2.31476377
-1.26848180
-2.23724649
-2.29151399
-2.06375054
-1.67461386
-1.80564351
-1.01351281
-1.82758617
-1.88641570
-2.29595093
-1.99978111
-1.80172458
-2.30065613
-2.13296628
-2.77231181
-1.27255875
-2.24542292
-1.66742027
-2.27953624
-2.12693910
-1.99666036
-1.95783292
-1.59283544
-2.21807331
-2.05852637
-1.36275627
-0.88521560
-2.17321520
-0.66573602
-2.18923384
-0.67726622
-2.00439043
-2.17867816
-0.76668775
-1.01662995
-1.43746877
-1.43561309
-0.94963117
-0.09005083
-0.91121525
-0.80779642
2.15483292
-0.82800668
0.88418579
-1.08724952
0.04418223
-0.45630051
-0.85265907
-1.73274647
-2.56498177
-2.23075899
-1.56832117
-1.92976665
-2.64775760
-1.53353585
-2.11519349
-1.80575329
-2.19842432
-1.11269556
-2.27739178
-2.26561101
-0.36477246
-1.04146296
-2.06941373
-1.47696844
-1.52599867
-1.08108790
-0.72823453
-0.31442248
-0.47419526
-1.39997034
-2.05120558
-1.42185208
-2.13914464
-2.28641255
-1.93097756
-0.44482885
-1.27296209
-1.74218662
-1.36891642
-0.81674404
0.76564804
-0.75280169
-0.29880657
-0.47199463
-3.12815387
-2.67025665
-3.09503301
-2.62188908
-2.39441331
-2.60248406
-3.24680255
-3.06926682
-2.53722803
-2.89369314
-2.88159952
-3.18127270
-3.04291184
-2.55815685
-2.95410965
-2.83462782
-3.10269357
-2.75536954
-2.96312247
-2.66226830
-0.19149948
-0.06225726
0.00246774
-0.38180788
-0.43197923
1.87710477
-1.41019902
-3.20350623
-2.58493709
-2.59320922
-3.29354562
-3.12193204
-1.84695764
-2.88144283
-3.23096342
-3.33234411
-3.08837297
-2.95841325
-3.51452778
-4.32941011
-4.26835004
-5.28515345
-1.41206620
-2.90316736
-4.74028727
-2.68624138
-2.94803501
2.13255381
1.15925344
1.64280199
1.57900128
1.75451614
0.64868635
-0.44268582
-2.07486511
0.50452998
-3.16499402
-2.45736929
-4.24466804
-2.44760871
-1.54970877
-2.93000989
-2.78141761
-3.34039754
-3.06018625
-3.85082401
-3.09706575
-2.95578531
-3.19449834
-3.27506237
-3.33247855
-4.68213441
-3.17999112
-3.23953816
-2.77355261
-3.09680677
-2.93874473
-2.87789319
-2.96312269
-3.09540221
-3.14006094
-3.00753401
-3.94895148
-3.42206405
-2.76958210
-3.34671676
-3.19256024
-2.81698922
-3.08881429
-3.04663953
-3.11403847
-3.35708221
-3.32445126
-3.32914678
-4.39401914
-3.53607412
-5.34290530
2.47812728
-3.30981388
-3.49805855
-4.09881309
-3.52406732
-3.04057480
-3.11102587
-1.41716195
2.03758205
-1.87380171
-0.91290062
-1.87127559
-1.10759197
-2.56291504
-1.49470582
-5.04086339
-4.17347871
-5.26296806
-4.04816159
-4.71989024
-5.15416787
-4.84831593
-5.19368440
-5.11545852
-3.99475394
-5.00253280
-4.57720465
-4.90871610
-5.07441359
-3.79011981
-4.21639503
-5.01322347
-4.12397114
-4.37830180
-3.80666074
-4.47214321
-4.13864345
-3.76883303
-3.84664749
-4.02005090
-3.91382357
-3.84401854
-4.51015548
-4.00358783
-4.97825973
-3.83521449
-4.58315794
-5.31849162
-4.86907368
-3.49710499
-3.49106222
-3.74106121
-3.51239657
-2.56811906
-5.06225402
-4.20128827
-4.80856546
-3.66005307
-3.42724893
-3.45152649
-4.89458399
-3.56855146
-3.80027611
-3.90454701
-4.03369849
-4.53408232
-3.91211451
-3.97534851
-4.00419727
-5.22941041
-4.97930629
-3.71549860
-5.10056709
-4.80926778
-5.01328692
-4.98611297
-4.95052073
-4.14592012
-4.21789202
-4.55502754
-4.83671119
-4.21294989
-3.61534546
-3.57101397
-3.87142271
-5.44300725
-3.56826415
-4.66643378
-3.54985383
-3.81430522
-5.14111595
-3.66122142
-3.59409603
-3.55072371
-3.13361069
-4.42412398
-3.78558503
-3.71100547
-3.12341892
-3.37603569
-5.02573560
-2.76400047
-2.42586452
-0.34160873
-2.57579300
-1.62365035
-2.04894499
-2.68108593
-1.81303776
-2.38121183
-1.51497220
-2.72961054
-2.42158555
-3.03269863
-3.32344971
-3.00679716
-2.29215692
-2.24299626
-1.68719422
-1.87263303
-2.51149385
-2.87227637
-2.89486380
-2.22087109
-0.68875368
-0.27654220
-1.36197155
-0.46031294
1.68836773
0.34376363
-1.46932883
-0.89401366
-1.34434807
-1.78080523
-0.34010134
-1.37933188
-1.82295025
-1.40483695
-1.29205339
-1.54298175
-4.41011813
-3.22557923
-2.65276412
-1.94767345
-2.39223903
-3.36533901
-2.69669958
-2.39789635
-3.13799570
-3.40074404
-2.85193644
-3.10172486
-3.53774349
-1.74273537
-3.28997934
-3.85565877
-3.59681639
-3.82300303
-3.07709323
-2.24288209
-3.39430196
-1.68998787
-1.84727034
-1.51246603
-2.45118566
-1.13591241
-1.72649549
-1.50081202
-1.73549149
-1.89312316
-2.10405856
-2.20225265
-2.19684253
-2.76292044
-2.57221834
-4.93131892
-2.07308053
-1.10194077
-2.09691226
-1.96052255
-1.43860241
-2.29514516
-1.17852864
-0.85740041
-0.53951472
-0.00105639
-0.47650380
-0.63765458
0.36569285
-2.05518498
-2.65898620
-2.40422763
-2.78955346
-1.62852348
-2.02384133
-2.72692145
-3.15796762
-2.37402466
-3.21186622
-3.65216223
-1.98688253
1.81351535
1.62875192
2.95648668
1.79332881
1.36112569
1.72679511
1.32803458
2.21557728
1.95907000
2.09294893
2.03975750
2.06669292
1.62604634
1.08699636
3.02465953
1.79775511
1.73342684
1.65897614
2.15720581
1.00312437
1.57043045
1.53329197
1.02842202
2.66110201
3.69606049
1.35794750
1.52396422
1.35804630
2.74182153
1.13599781
1.67978245
1.84293864
1.64019512
2.92417961
2.16169179
1.91681699
2.62204290
2.41828857
2.95132224
4.09369996
2.54932193
2.06013836
1.58570003
2.46892390
2.21179727
2.40415262
2.69774895
1.32063855
1.36629241
1.61440781
2.63349166
1.69994677
1.58932934
1.59642243
1.57463662
0.96468354
1.32684426
0.71694785
1.71908688
2.79980632
1.57126375
1.57794368
1.54866963
2.70849835
1.90450116
1.81973288
2.23778112
2.93641933
2.39220821
2.42336461
2.84804152
2.16116839
2.96831781
3.82583855
3.66837406
3.59756897
4.73504322
2.82377624
2.71815534
1.53181930
1.93752420
1.28801367
2.09770779
2.01313739
1.84067041
1.59452848
1.79291162
1.67136969
1.64508813
2.22363846
1.86578520
1.86651467
1.13486455
1.35979258
1.58528525
1.80259283
1.85154907
2.12137337
1.68516978
1.56304836
-11.58638480
-11.04475841
-12.26822463
-10.50512306
-11.57389191
-10.29799115
-11.46934779
-10.58135386
-11.10934869
-10.88803897
-9.92336658
-11.40637012
-12.04425743
-11.22738037
-10.06891636
-11.01411291
-10.78206874
-9.85009861
-10.82636043
-10.41731530
-8.20287359
-10.89425476
-11.07294947
-10.77603459
-10.69976886
-11.39724375
-9.81747901
-9.91444848
-10.54877138
-10.69353528
-10.87786205
-10.00646593
-11.55571225
-10.80765241
-9.88956652
-7.39271187
-10.26416881
-9.85008594
-9.76282507
-9.86770776
-9.79322938
-10.35193650
-9.83697619
-11.26064456
-7.53766381
-7.32312901
-7.57450596
-7.72716170
-5.71782217
-6.28420329
-0.32261164
-10.89212972
-11.72792552
-10.31891608
-10.89989117
-11.38658789
-10.55411890
-11.56990286
-11.00344608
-10.74728595
-11.30438367
-10.36630633
-9.97793150
-11.02458062
-11.24222613
-11.48026825
-10.13978557
-11.29115972
-10.36790969
-10.80877477
-11.83460165
-11.37878825
-10.45452509
-9.80685366
-10.89216676
-10.75209365
-11.15848177
-11.04806371
-9.68460004
-11.50134122
-10.94703827
-9.88777706
-11.24601149
-10.19303306
-11.27652580
-10.91435408
-10.84366808
-9.46944660
-10.63044185
-9.74343766
-7.90435797
-4.87075920
-10.63761942
-7.76982352
-9.86950977
-9.35481914
-8.13994849
-11.44713875
-10.69326626
-9.96821944
0.14349134
0.08095578
0.07369225
-1.87686634
-0.26631747
-0.98116999
-0.63789378
-1.33757587
0.17659162
0.15448699
0.25944504
0.27638005
-0.17925620
0.11212686
-0.00261085
1.76998972
-1.64803507
-0.65651867
-0.63407298
-0.83823726
1.16206726
0.87030998
-0.79744366
-0.79094704
-0.72113744
-0.75079928
-0.77010788
0.26881699
-0.07366642
0.20881089
0.01541538
-0.07819061
-0.98941693
0.60451181
-0.76725498
0.06730648
0.12360264
-0.00633123
0.28605538
0.16789898
0.48507922
-0.03137654
0.14738863
-0.38285935
0.20184564
-1.03624352
0.42094944
-0.04268485
0.43165331
0.00917838
1.40862381
0.08217757
0.32716864
0.27441394
-0.31232799
0.18153570
0.39447824
0.14068345
0.14132738
1.36179322
-1.40000228
-1.25898843
0.32022416
-0.11822937
0.19593434
0.17025585
0.42531114
-0.01972219
0.03535980
-0.17192894
-0.15070341
0.21361648
-0.12359946
0.10409628
0.47852424
0.12146701
0.09984118
0.23591947
0.21870124
0.18998677
-0.07202421
-0.01893818
0.41815304
4.84809528
2.33936768
2.01975408
1.05482943
1.52815984
1.28072926
0.40909739
0.33954399
-1.15551249
0.03930430
0.17994688
0.12285498
-1.11883241
0.27115601
-1.78829501
0.23938137
-0.06123258
-2.40833585
-2.15767256
-5.94154952
-5.09466954
-4.66247011
-5.98795883
-5.90680080
-4.89129193
-5.83592045
-5.63800579
-5.00323395
-4.89759346
-6.43537555
-5.97132393
-5.10953121
-5.68147896
-3.94441687
-6.29907688
-6.06968790
-5.40421330
-4.47366444
-5.87160814
-6.19579813
-6.37007378
-4.15417965
-6.14530957
-6.12016724
-6.04155239
-5.74389481
-6.57284292
-4.39806472
-2.82623525
-2.84830554
-3.47329428
-5.31594983
-6.01058718
-5.62285450
-5.81789496
-5.78102643
-5.80672584
-4.30891365
-6.57024809
-5.79185632
-5.84189566
-6.14136396
-6.01548246
-6.12021416
-5.91626921
-5.94724974
-5.90741525
-5.17669094
-5.15318388
-4.50506766
-4.17824159
-5.46650866
-5.60698528
-5.84211253
-5.77232951
-5.82573408
-5.74067702
-5.93261915
-5.78818254
-5.85101236
-5.35284750
-6.59358281
-4.37529174
-5.06231101
-5.03309751
-5.54313995
-5.96754544
-5.75328729
-4.28242591
-5.34876611
-6.82575613
-6.02848593
-5.79604862
-4.28944818
-3.19803250
-6.08978756
-5.97811199
-5.75402512
-5.72490843
-4.80107575
-4.54373303
-5.94110569
-5.76095164
-6.01463168
-5.83738327
-5.04991257
-5.89876686
-5.60341977
-4.27183815
-5.56487139
-4.91584946
-5.02137763
-6.41771171
-5.97953328
-6.25138422
-6.70143336
-6.10626608
-5.10024480
-6.05897487
-3.75337722
-3.68077497
-3.89656277
-5.00046056
-3.59436120
-3.79436227
-4.66413834
-3.79564439
-5.68276107
-4.59153246
-5.13860885
-4.87281875
-3.83084837
-3.85193918
-2.30691720
-0.27951177
-2.65928317
-2.10064859
-3.33177688
-3.46294174
-3.63449083
-5.01887465
-5.85447118
-3.11658123
-4.44312671
-4.04912473
-5.16520210
-3.64435387
-4.40623210
-4.78516490
-4.44115742
-4.58044695
-4.55200331
-4.14041651
-4.63313142
-4.59149749
-4.71737636
-5.41924763
-4.34174163
-5.12312550
-5.06119729
-5.16580440
-3.78094222
-5.18826822
-3.84263703
-4.89013400
-3.98420833
-4.02243165
-5.10767047
-5.44383789
-4.01943747
-5.06778593
-3.88274705
-4.15073937
-4.60878947
-1.57293641
-3.81237566
-3.31941762
-3.49759573
-4.42357054
-3.47057476
-5.08166548
-3.73045324
-4.78198957
-3.88047909
-4.31384517
-4.00301648
-4.20026008
-3.96321804
-4.75495251
-4.76458057
-4.68568448
-3.79367268
-3.55455285
-4.11994177
-3.48624641
-3.66872284
-3.91790242
-5.34320682
-3.71000575
-3.69477939
-5.34753915
-5.14100879
-4.66888959
-5.26795771
-3.33882781
-4.05433738
-4.90159468
-4.34228623
-4.07665391
-4.77496724
-5.47841698
-5.16236487
-4.08158546
-4.06296859
-4.58614606
-3.87266202
-4.67821746
-3.19159710
-3.58574896
-3.18629544
-3.28232657
-2.99128285
-3.30619052
-3.20678574
-3.97620330
-3.02475581
-3.05219117
-2.23584931
-2.63800731
-3.36077959
-3.66450535
-3.57701911
-3.06201785
-3.43763279
-3.55358897
-2.63645668
-3.39349179
-3.60413977
-3.13414590
-2.96940223
-3.16358485
-3.71370183
-3.50802271
-2.74622286
-0.88533180
-2.66787582
-2.88904694
-2.64721878
-3.10700484
-3.45833080
-1.89534706
-3.11638152
-2.61673802
-2.99001540
-3.45142560
-2.72332663
-3.27538189
-2.37509212
-2.84199435
-3.84680924
-3.17220080
-3.34116082
-2.38737588
-2.55719535
-3.50340241
-3.50884578
-2.72555601
-3.68082549
-2.77333076
-2.66752158
-3.38643485
-3.04602276
-2.81529857
-2.45844028
-3.26862094
-3.11266110
-3.08464259
-3.36058468
-3.72471323
-3.27317513
-3.45289017
-2.73427028
-2.11813843
-2.97316179
-3.08550289
-3.40350608
-2.29528403
-2.40321571
-2.32026566
-3.35211996
-3.19963066
-3.61029422
-2.72961260
-2.31348563
-2.32933444
-1.75108271
-2.85184715
-2.71989392
-1.12164130
-2.75161498
-3.28255274
-2.48783172
-1.88541102
-3.13709443
-2.86217467
-2.29777580
-3.22289166
-3.12828417
-2.22526163
-3.36519748
-2.88236610
-2.73267411
-3.06674542
-2.11959610
-2.34289396
-3.09927332
-3.59590208
-0.75308736
-0.93324311
-0.96931380
-0.63012596
-0.35898023
-0.86431805
-1.14118848
-0.51439794
-1.32156068
0.41863606
0.25939319
-0.63143466
-0.41633146
0.08879317
-1.23892462
0.28304849
-0.43306730
-0.67249418
-1.27734509
0.32129500
0.42491250
1.38444595
0.69886718
0.81286075
0.00697071
0.66227348
-1.13497125
0.23660464
0.05898430
-1.25301193
-1.03144796
-0.22291627
-0.38286572
-0.79884195
-0.44042609
-0.88096527
-0.43127844
-0.27105273
-0.73376528
-1.38480468
-1.21684227
0.85894738
0.39352049
0.23743182
-0.03171106
-1.91487212
-0.58110174
-0.06497567
-0.33833191
-0.20647009
-0.16220931
-1.12075616
-1.29400056
-0.55096656
-0.54121263
-0.93167760
0.37539690
-1.36239362
-0.04335109
-1.43202103
-0.79023587
-1.92181878
-1.91934504
-1.38328884
-0.33674705
-1.36720783
-1.59042042
-0.32350291
0.51897409
-0.11682797
0.34029078
0.57604398
0.03983529
0.16753365
-0.76196139
-0.36900358
-1.75645166
-0.71950773
-1.30690198
0.07240522
-0.09964382
-1.27873170
-1.29318840
-1.29540919
0.18047273
-0.52030805
-1.08622906
-0.18198768
-0.33027462
-1.37562036
-1.63359141
-2.02861667
-2.33313371
-1.01407429
-0.32674966
-1.81162622
-1.00119084
-0.24349660
-1.66444321
-0.73057383
-6.60323395
-6.71555409
-7.09255078
-7.67048509
-7.91722021
-8.15368829
-7.81545617
-5.87205644
-7.08583180
-6.39084839
-7.23221357
-7.23692661
-6.95765451
-6.94420258
-5.87066714
-7.17370462
-6.49626691
-6.32376777
-8.23184118
-7.03685317
-7.52615804
-7.45566971
-7.02562727
-6.45676145
-6.15867535
-7.10921395
-8.10158036
-6.74851605
-8.12045002
-6.81079862
-6.65358484
-6.01317138
-6.85205326
-7.46130065
-6.39163665
-8.13484856
-7.19531957
-8.15167176
-7.01003077
-7.70743601
-7.13144321
-6.52196555
-6.40486038
-6.73788798
-7.06455283
-7.24757366
-7.06484903
-7.58605891
-6.39151114
-6.76133351
-6.34055594
-6.68576375
-7.18374962
-8.32435108
-7.58540069
-6.25890924
-7.14018516
-6.32404828
-7.44758116
-7.22295608
-8.45445411
-6.44066085
-6.34677990
-7.68916933
-7.24807217
-7.08647632
-7.25641397
-7.38443769
-8.27439097
-7.07067114
-7.64681519
-6.28933934
-7.30669651
-5.80976664
-8.06825203
-7.94338030
-6.84101752
-6.05419941
-5.85732422
-6.10276457
-6.55801395
-6.22068244
-8.09158910
-8.26484552
-8.01063634
-7.19344757
-7.26450359
-6.23206977
-7.43521401
-6.57074104
-6.18887189
-7.42018175
-5.97693742
-8.21016964
-7.08237860
-8.15075784
-7.31561950
-6.81111031
-6.60534436
-8.29262030
-3.78780392
-3.63109036
-3.47357275
-3.70502181
-3.71942120
-4.39056739
-4.68324525
-3.71756358
-4.05536783
-3.43078743
-3.15174372
-4.53704058
-3.71896500
-3.46741581
-4.29266717
-3.53011439
-2.52306610
-2.79437329
-2.81888601
-2.65427031
-2.61007962
-4.35585791
-2.44781307
-2.63301658
-3.88356918
-2.13449798
-3.77125594
-3.66809836
-5.09784844
-2.06502514
-3.47996886
-3.07067316
-1.89143635
-1.87799572
-1.67677803
-2.15841752
-2.07756153
-3.92688901
-2.21832036
-3.65585386
-3.74034451
-2.37031968
-3.51604998
-3.56080222
-3.95166122
-4.05433408
-2.60500497
-4.11861117
-3.51111815
-3.51542441
-3.55503580
-3.70445735
-3.86097328
-3.54178406
-3.31997669
-4.16559481
-2.93887714
-4.27545852
-2.70828354
-2.95020292
-2.96107913
-2.32856085
-2.63870349
-2.56355412
-2.73305808
-3.62073899
-2.49576582
-2.47344662
-2.52022315
-3.40436513
-3.97237148
-2.17691491
-2.16613533
-2.14098268
-1.89735431
-3.79440981
-3.19977188
-2.17002760
-3.12947820
-0.97246495
-1.44819598
-0.99504918
-1.29440500
-2.84060255
-2.89706827
-1.62468505
-2.35330551
-0.48688853
-1.43080208
-3.48409872
-3.76812998
-4.13914721
-3.52205223
-3.37136999
-3.58184902
-3.53396668
-3.83933699
-2.68005567
-3.39193577
-3.63842470
-1.77019911
-2.13573324
-2.54024359
-2.41063932
-1.93413159
-2.11883472
-2.01942581
-2.38788616
-2.00741936
-2.23329629
-2.42225934
-2.40947363
-2.29091720
-2.76549142
-2.56654565
-1.75947547
-3.01504308
-2.39094713
-2.49935451
-2.52750804
-2.81448680
-2.09148514
-1.38576571
-1.91062655
-1.62676600
-1.40279113
-1.75067397
-2.15228060
-1.62789868
-1.33763839
-1.63661379
-2.58887786
-2.48046449
-2.61464101
-2.93283337
-2.55687686
-2.09322640
-2.62792735
-1.96654650
-2.26724199
-2.90654127
-0.79377272
-1.84640767
-1.44528428
-3.75490081
-2.88903145
-2.42425422
-3.12504944
-2.62109153
-2.69696377
-2.20883497
-3.93444807
-3.33150310
-2.28881054
0.84864962
-2.09031207
-1.69130247
-2.36881189
-2.72200013
-2.06856279
-2.04468216
-2.29350516
-1.85822176
-1.95121112
-2.51723401
-3.36461032
-2.60171944
-2.37435708
-2.74079695
-2.34176552
-2.12864775
-2.79766294
-2.93570168
-0.94605152
-1.97257765
-0.99787740
-1.19512125
-2.05524586
-2.79296436
-1.15583833
-1.88262791
-2.09780689
-1.71165126
-2.53849800
-2.58865814
-1.62702519
-2.63695971
-2.52610239
-2.64781326
-1.96552698
-2.60442972
-2.45935929
-2.10655607
-2.59448617
-2.66837326
-2.59680869
-3.29033923
-2.70400268
-2.71246210
-2.94380113
