-6.37037011
-5.67859995
-6.00842959
-4.28502681
-5.17613761
-3.28043150
-0.06884611
-6.33846585
-4.47785024
-6.20930119
-5.96284009
-6.38497860
-6.22389490
-3.63444939
-5.28089947
-6.40188135
-5.86813140
-6.57958374
-6.53636863
-6.13208933
-5.91434969
-5.92893720
-6.86008165
-6.87393213
-7.26782102
-6.52646983
-6.65675743
-7.34582305
-7.23524099
-6.30572075
-5.68632056
-6.74258382
-4.88787638
-5.11710257
-6.19670615
-5.01620011
-5.00936782
-7.54451844
-6.90812696
-5.95681987
-6.45983704
-7.76466578
-6.56934604
-6.06995662
-5.34250900
-6.46246903
-6.61939126
-7.48462280
-7.64698112
-7.14603251
-7.54789295
-6.73310270
-6.56465543
-6.77619304
-6.38285144
-6.81439998
-4.76350058
-5.19902455
-6.52618834
-5.91928434
-6.40460438
-6.12808077
-7.77739346
-5.61299489
-7.50258332
-5.47690946
-5.66270118
-6.75498995
-6.79214506
-4.39124378
-6.66544905
-5.79197401
-6.51074500
-5.34780840
-7.81883303
-6.18820983
-6.50196582
-6.83249674
-6.39887531
-6.59007113
-5.70182824
-6.31021163
-7.85041628
-5.81763240
-7.57929162
-7.44144159
-6.56711666
-6.41404103
-5.59740026
-6.87645728
-7.90966681
-6.44193430
-7.34580411
-6.54353181
-3.36090474
-8.03880185
-6.81088883
-6.63922190
-6.71192725
-7.09962705
-11.20607565
-11.73483115
-11.71986452
-9.71383068
-10.47066171
-11.08414315
-10.83495134
-10.79639662
-11.34668488
-11.38649782
-9.74550015
-10.17116136
-9.83172795
-10.17089404
-9.56575148
-9.66780648
-10.35311100
-10.42908958
-10.39532408
-9.74831437
-10.69975891
-10.73842709
-10.68078763
-10.52422862
-7.75532412
-10.21786480
-10.18969363
-8.39948165
-9.94416072
-9.55801069
-9.53810480
-8.54541563
-10.08607450
-8.51780609
-9.51757976
-9.83032656
-9.39348426
-10.56073961
-11.43973866
-11.60026872
-11.37634324
-11.77578751
-10.71050208
-11.77680479
-11.62603007
-11.69185043
-11.74168870
-11.77893121
-11.30382205
-10.22405779
-10.38438856
-10.59235529
-10.55964276
-10.67332638
-11.56181280
-10.05773054
-9.65965445
-10.34386519
-9.98458969
-9.06217204
-9.49384591
-10.14869174
-10.03556906
-10.27846020
-9.60432696
-8.80012071
-9.76099097
-9.90755713
-10.15638184
-10.36367311
-11.83343642
-10.88007457
-6.05185996
-3.45174388
-8.70782841
-6.99862330
-9.52773453
-8.96356949
-7.69033976
-6.10117201
-8.22294779
-9.73777919
-9.04578508
-7.68760420
-9.06562014
-10.38380560
-11.78719641
-11.42256826
-11.66961459
-11.59505757
-11.65813627
-11.50395768
-10.79314863
-10.32772242
-9.58262269
-9.84785789
-10.53249832
-10.75011589
-10.44182518
-10.16897393
-8.58826517
-8.33342576
-7.61957220
-8.14305674
-8.17989411
-8.07710138
-8.68634106
-8.22624883
-8.49994368
-8.18756589
-8.02653678
-7.81885762
-7.82019856
-8.00322915
-8.14071158
-8.45134454
-7.84934921
-7.53136020
-7.77483492
-7.18743052
-8.22081241
-8.24915077
-7.66453866
-7.92429925
-7.57060422
-8.08898025
-7.57522608
-7.79627233
-7.78453764
-7.41218797
-7.37523902
-7.51596078
-7.76979643
-7.11903567
-7.45392859
-8.02187451
-7.82586669
-7.55991324
-7.73471324
-7.84143068
-7.36691451
-7.54621157
-6.70488497
-7.55171643
-7.60549616
-7.06623528
-7.57751442
-8.52342948
-8.22348755
-8.14089517
-7.90500081
-7.86759764
-7.81764280
-8.10192018
-8.08437772
-7.89096496
-8.04442364
-7.59846564
-8.30541844
-7.52528166
-8.02684362
-7.89841482
-8.11004886
-8.05293613
-8.04889195
-8.08669561
-8.27379196
-7.70425635
-7.95928464
-9.20985199
-8.00674455
-7.23633848
-7.01419523
-7.50253174
-7.93353838
-8.22706437
-7.90240543
-8.04999250
-7.66121983
-8.94829190
-7.68000208
-6.98188563
-8.14262641
-7.56522086
-7.05701819
-7.80609889
-7.57371598
-7.54043420
-7.91023783
-7.62615615
-6.80613517
-7.80778891
-7.82812907
-3.39655711
-2.98795422
-3.14182148
-3.40672216
-3.18653296
-4.63889263
-7.25317740
-3.97202068
-3.71689902
-4.16098212
-4.15298418
-4.20679212
-4.13163080
-4.34475317
-4.26129750
-3.95605356
-3.54175625
-4.17931794
-4.07375265
-4.00143693
-4.55487629
-3.37888875
-4.22337578
-3.94302839
-4.08724912
-3.29648256
-4.09469670
-4.00843485
-3.77616455
-4.30249931
-3.56656033
-3.57892927
-3.21072575
-3.56427806
-3.92189909
-3.80838084
-3.91557733
-4.10988742
-4.55600127
-3.84828147
-3.67170686
-4.02026387
-3.85895840
-4.40008922
-4.29268699
-3.77461108
-3.85216966
-3.57780682
-3.91054778
-3.68352200
-4.06596467
-3.82841619
-4.03885605
-4.43467049
-3.96831091
-4.22984852
-3.96490802
-4.07585198
-4.32214816
-3.90553336
-2.68504752
-3.88354794
-3.59633803
-3.79074489
-3.03419192
-4.03750842
-3.36675601
-3.60197441
-3.41924461
-4.40326636
-3.79834180
-3.89159643
-2.84127037
-3.75641011
-3.77074768
-4.06223293
-4.19193543
-2.93344477
-4.63517056
-3.61411637
-3.67044896
-3.09502282
-3.84384026
-4.31903847
-4.19169633
-4.45773429
-4.23379658
-4.37274579
-4.04313265
-4.33538940
-4.09859424
-4.03374535
-4.35306796
-3.67716267
-3.49972750
-3.73811585
-3.72831283
-4.13003372
-3.91235391
-4.47529477
-3.78759006
-4.07556159
-3.34192417
-3.43018048
-3.82360274
-4.05789212
-3.56368086
-6.33059128
-6.80492609
-7.82667741
-7.79374796
-6.42690590
-5.71890662
-6.35914646
-5.95107020
-8.03415120
-7.56195898
-5.70610887
-5.59698744
-5.99350570
-5.78138766
-4.80056238
-2.39474972
-5.99726542
-7.21891205
-4.63332927
-5.29845204
-5.93580299
-7.20303570
-7.11957711
-7.33840310
-6.98088019
-6.26476117
-4.97585490
-7.78237704
-6.42021736
-6.29487191
-7.73030215
-7.84205671
-7.55052903
-6.44035900
-4.60849409
-5.99235345
-5.95730001
-5.00263029
-6.28621037
-6.15438431
-6.55689363
-7.92248019
-8.14706236
-7.35988695
-7.89016950
-6.34028352
-7.77911843
-6.59771210
-6.87166685
-6.20026212
-6.43701600
-6.64197744
-6.20695869
-5.21699739
-5.17961153
-7.65127055
-7.30834816
-5.75319897
-4.67529422
-5.80814494
-3.70636906
-3.80112507
-4.35466157
-6.71536739
-5.70034540
-5.28227698
-6.20258557
-4.79236940
-5.18351080
-4.94984784
-6.20073636
-6.82251036
-5.46838753
-6.12177917
-6.32634036
-7.21089252
-7.39791105
-6.06026074
-6.38544431
-5.83504454
-6.59374072
-6.73987946
-6.58102740
-7.65293793
-5.89439103
-7.40685826
-6.24688798
-6.28645620
-7.69543610
-6.54504826
-7.56128655
-7.12566288
-7.96526139
-6.33449879
-5.64756763
-7.78864041
-7.74997147
-7.83013784
-8.21323394
-7.87841233
-5.98954432
-5.38618756
-4.62045522
-4.21245394
-4.19859929
-3.86692787
-5.13861600
-6.24953809
-6.02177324
-5.31508096
-6.16680679
-6.28102438
-7.38073501
-5.48857492
-5.70960099
-5.64869551
-5.89818725
-5.70653280
-6.43884714
-5.84506237
-6.27021967
-6.46432252
-6.23669685
-6.50514123
-6.49197283
-6.76544209
-6.20448680
-6.59660706
-4.59610458
-6.02745061
-6.03899094
-6.39283850
-6.12637778
-5.90626190
-5.77546051
-5.92513365
-6.79454183
-6.33821726
-5.62658116
-6.66416532
-6.84018042
-6.19517254
-6.14347339
-6.51108218
-5.04527361
-5.42457573
-6.32188352
-6.93015263
-6.89030435
-6.12811632
-5.78481163
-6.24198776
-6.58719159
-6.29392723
-5.90621803
-5.21151900
-5.94394130
-6.11404674
-5.27229268
-6.92679516
-5.20310952
-5.68803320
-5.14384040
-6.53112456
-6.18542638
-6.87284119
-6.76977564
-6.33276883
-6.48178887
-6.18539165
-4.19070954
-5.07671811
-5.19239344
-5.65907206
-5.62927796
-5.79814294
-5.78227642
-6.34513713
-5.77588359
-5.91798971
-6.04030684
-6.09786765
-6.01032624
-6.30238120
-6.31390960
-6.28459375
-6.42545190
-6.62187566
-5.57220006
-5.81480325
-6.06711696
-6.50623254
-5.68215290
-5.77404226
-6.16454809
-6.93744945
-6.17546487
-6.24562220
-5.96374531
-5.75773236
-7.32561097
-7.68670994
-8.06444208
-8.59148186
-8.02312604
-8.04746503
-8.56782558
-8.14883525
-7.33359306
-7.84986554
-6.95560184
-6.72751493
-6.63409997
-6.93168390
-7.02197622
-7.42029184
-7.44192495
-6.95785390
-6.79925895
-7.23300313
-7.15124291
-7.41623065
-7.30174584
-6.57304731
-6.53388931
-6.62252247
-6.89678174
-7.64815191
-7.37287862
-6.56723440
-8.45968871
-7.05373575
-8.09717778
-7.83557105
-8.82605942
-8.02315231
-7.92349720
-8.06928998
-7.63148947
-7.41950778
-8.14449611
-7.26132976
-8.62491583
-7.82075033
-9.05288752
-7.61583670
-8.98421994
-8.71445194
-8.94900023
-7.49305255
-7.89764032
-7.58668418
-7.74160246
-7.86790292
-6.62395738
-8.16319485
-7.52740585
-6.89330123
-7.67824473
-7.40282035
-7.98378504
-7.80946479
-7.21058634
-7.67066936
-7.64595918
-7.23075402
-8.10852482
-7.82733340
-7.43000019
-7.13980621
-6.72111064
-7.46602803
-6.70259269
-6.75670994
-7.76326991
-6.53016306
-7.42393020
-7.06626474
-6.84394752
-6.98643710
-8.50454524
-6.16106679
-6.26769955
-6.32274533
-6.21266748
-6.08311164
-7.27447396
-7.99540492
-7.63481158
-8.02024989
-7.79724089
-6.82758088
-7.27265045
-7.71858348
-7.73467677
-7.72053106
-7.59114831
-8.08550780
-9.57561214
-6.66031624
-7.64808737
-4.77201989
-6.98536250
-7.72235101
-6.73598738
-7.36126469
-7.48620570
-7.51524238
-7.82048347
-7.56725327
-7.81838874
-8.35504315
-7.90139337
-8.67879370
-8.05960847
-8.46798105
-9.23709615
-7.38822153
-8.10712836
-7.74698005
-7.47229631
-7.52905386
-8.05632218
-7.02640204
-8.77553649
-7.92041456
-6.59993381
-8.01748719
-7.12329982
-7.26506573
-7.40639217
-7.62788324
-8.26158128
-8.08606166
-8.93865332
-8.40038211
-8.77299740
-7.76304763
-7.99135458
-8.10264761
-8.48282676
-7.16556423
-6.98735972
-7.94343710
-7.82660488
-7.27887275
-7.97418525
-7.64093572
-7.52687293
-7.44263079
-8.65886429
-8.15296782
-7.38173436
-8.91480988
-7.03947382
-7.77559971
-8.21894426
-9.14836756
-9.09531547
-8.81046477
-8.35794909
-8.63446963
-8.77369987
-8.09666235
-8.37983956
-8.69942836
-6.49339170
-7.56987995
-8.17064074
-8.66877999
-9.13628945
-8.40651498
-8.37815397
-8.56221112
-7.14451840
-8.25376109
-7.87996040
-7.78487863
-8.06571999
-8.43900935
-8.16082911
-7.80730505
-8.30088886
-8.02273056
-8.49282116
-8.38333606
-8.11710234
-7.73970856
-7.29662835
-8.24812897
-8.59876828
-9.17179529
-7.35376236
-8.71610136
-7.31845127
-8.37243482
-7.70720828
-8.28516485
-9.33378153
-7.53235827
-5.97246492
-5.99300060
-4.86528564
-4.52459453
-6.21120910
-4.91359461
-5.27219176
-5.75458945
-6.12306605
-5.90110014
-5.34850597
-5.95395841
-5.76548300
-6.02387221
-4.99374130
-5.73309579
-6.55997087
-5.38003934
-5.92127132
-4.66681747
-5.34386186
-3.48532433
-4.04332992
-2.20935376
-3.44555370
-4.46029009
-6.30992010
-4.01291410
-5.84168846
-6.66540512
-7.32916655
-4.35333178
-4.67879270
-5.22944082
-5.25741980
-5.07653606
-5.18781412
-5.15626423
-6.02992576
-5.49257493
-3.79676333
-5.02945049
-4.93593760
-4.96444857
-5.75627060
-4.99711433
-5.01795424
-5.03871988
-4.99131212
-6.42221029
-6.19360287
-4.28479944
-5.51228207
-6.66311372
-2.01068274
-2.88182397
-1.92891417
-6.50010174
-6.58958028
-5.45072675
-5.99945946
-6.38236903
-5.91474160
-6.35100062
-5.57321635
-6.56497013
-6.12420730
-6.34573855
-6.14206124
-6.11393238
-5.12483548
-5.86567794
-3.85000503
-5.48278757
-4.83588711
-4.83710871
-5.02223476
-4.70063962
-4.73242501
-5.35425942
-4.72641796
-5.10550405
-5.18115779
0.32796037
-4.23466727
-3.00174800
-4.01322370
-3.75456508
-3.62342706
-4.20705374
-6.09728195
-5.65344365
-5.47286621
-5.05026101
-5.51241318
-5.08025376
-4.57648782
-7.08806497
-6.90725435
-5.09849817
-6.23513073
-5.19866698
-5.61310168
-5.17116170
-5.04333191
-5.30751571
-5.41930609
-6.07059974
-5.96191774
-5.71186757
-5.64027538
-6.24711904
-5.12034035
-5.86329409
-5.29952217
-5.82580838
-6.04313459
-5.16903492
-5.18681495
-5.91229101
-5.55712059
-6.27919100
-5.44329165
-5.77648015
-5.79555425
-5.81435767
-4.96634632
-4.49218671
-4.89101953
-4.65994597
-4.40626403
-5.32613382
-4.82958264
-5.82943317
-4.43660464
-4.10218012
-3.86339085
-3.62251218
-3.66627620
-2.71604179
-2.91323981
-2.48807592
-3.76558561
-6.00730560
-4.78723123
-5.32243453
-5.21869690
-4.88957563
-6.01295997
-5.03348400
-5.74705827
-1.06033998
-2.80443508
-1.89103092
-5.20182057
-5.78442002
-5.80452630
-6.58028752
-5.89219341
-5.46613134
-4.19169753
-4.97800917
-4.79240009
-3.97382137
-5.84072461
-4.90641046
-6.29903818
-5.96172754
-6.12810819
-5.84607493
-5.90252173
-5.37450419
-5.58608904
-4.28243910
-5.98252456
-5.93244590
-1.54506176
-1.59806710
-1.31797594
-2.26784751
-5.80682744
-5.13061243
-5.21129905
-5.79861716
-6.24355412
-5.84395236
-5.83687602
-5.79451076
-5.29321822
-3.11588203
-2.12674663
-4.29209191
-5.19276961
-5.15146854
-2.83352887
-1.65952398
-5.29793274
-5.22371864
-5.71877918
-5.88526411
-0.01067090
-5.50611864
-2.10433814
-4.30963294
-3.34693253
-4.64919699
-3.13643711
-3.98251678
-3.55686574
-3.78176220
-3.16104753
-4.71613844
-3.60051981
-4.03501974
-4.23321423
-3.72824890
-2.48789104
-4.07648134
-2.85988055
-4.52230101
-3.95168683
-3.00009667
-3.28967815
-3.35096521
-4.29798771
-3.88750432
-2.76490871
-3.10434104
-2.87141609
-3.08866919
-1.91329351
-4.06934416
-2.83125379
-3.93007357
-3.05818526
-2.93813737
-3.83765872
-1.19250053
-2.23068704
-0.85362598
-0.98793301
-2.78290404
-1.29835402
-1.10385458
-1.28445511
-1.58913227
-2.47189498
-0.20198148
0.22729541
1.40606585
-0.11532954
0.51180492
0.29015360
-3.38071285
-4.40066665
-4.70245692
-4.09478560
-3.43264932
-4.56931193
-4.87606886
-3.93092245
-2.03595283
-4.34473460
-4.04933454
-4.01498957
-4.21490039
-3.37606581
-3.39851770
-2.66927247
-3.13443011
-2.67383223
-3.75164811
-2.74182233
-2.99482455
-2.09647902
-3.75990225
-3.53168053
-3.25351294
-2.35633179
-3.25212906
-1.16777165
-1.96423398
-1.73022163
-2.92971979
-1.75230512
-2.83457750
-1.27308828
-0.59245023
-1.46355024
-0.77113866
-0.18370871
-1.05402663
-2.97343322
-0.52686246
-1.05652349
-0.24816860
-3.60969922
-3.34425722
-3.84077869
-3.42055933
-2.24871680
-2.23241451
-1.55216902
-0.91120855
-2.02415549
-2.03644764
-1.66854943
-1.31581297
-2.25825788
-0.35952751
-1.18496834
-1.27144257
0.86110327
0.07515992
-0.55846320
-0.73627253
-0.09292528
3.52584818
0.20431794
0.03788581
-1.13574776
-0.92976975
-2.44965364
-1.82774822
-1.99017290
-1.97004534
-1.99159928
-1.48883106
-1.57789916
-2.11724700
-1.66036171
-2.16579766
-2.36515811
-1.14269589
-1.46684438
-1.79895880
-1.75005633
-2.49963027
-1.66276432
-1.31699482
-2.45020046
-2.24684524
-2.02467498
-1.79317001
-0.90060672
-0.49988100
-0.65420322
-1.04248954
-1.91291858
-1.93449753
-0.19737417
-2.31137427
-1.20642128
-2.18434011
-2.48413099
-2.12535596
-2.34644455
-2.53330645
-2.01655243
-1.24297323
-0.85416684
-2.55171750
-1.40309866
-2.02630365
-1.28686795
-0.81097484
0.12479966
-1.28076745
-1.30577246
-1.57712204
-0.81962360
-1.96055921
-1.50656366
-1.30203501
-2.26157015
-1.28307830
-2.78871296
-1.37524567
-1.56706244
-1.51806139
-2.11804662
-2.02973097
-2.02069545
-2.27462115
-2.05668633
-1.65917985
-2.34451559
-2.67664824
-2.17811045
-2.38867280
-1.68216139
-1.80512973
-2.00104945
-1.95167185
-2.44975306
-2.18181172
-1.23980781
-2.47323790
-2.25603685
-1.37655132
-8.61981148
-8.60011029
-7.14972126
-8.74586482
-9.05421681
-8.85227959
-8.70199310
-8.64775739
-9.04125835
-8.51654887
-8.72099800
-9.28897268
-8.98130266
-6.74670529
-5.36380818
-8.53579012
-8.88746602
-8.66305345
-8.40782092
-8.26622288
-8.43253658
-8.35075886
-8.50344820
-8.52635396
-8.46874213
-8.70063105
-8.53216129
-8.35558181
-8.70025905
-8.15123548
-8.33939239
-8.08876009
-8.54979526
-8.03839866
-8.47500297
-8.24578116
-7.88623763
-8.37287440
-8.87148434
-8.32567079
-8.29709189
-8.04086337
-9.06606609
-8.10971227
-8.58767631
-8.54188836
-8.85553289
-8.67526083
-8.55572139
-8.54040764
-8.50604315
-9.18383329
-7.83481290
-8.27333261
-8.42792371
-8.48482982
-9.32660784
-9.21060882
-7.62254534
-8.33998311
-8.71682806
-8.98510635
-8.85894537
-8.98456554
-8.83568206
-9.45899190
-9.10110382
-8.85776704
-8.18145443
-8.39774208
-8.76138396
-8.50325194
-8.49767387
-8.03448969
-8.38090604
-8.55310452
-8.45762990
-8.63009962
-8.74844251
-9.01802389
-8.60715741
-8.34848573
-8.44002132
-8.44330162
-6.76572557
-7.63610161
-5.98726971
-6.65015428
-7.75740905
-6.96669181
-8.46733647
-8.54769917
-7.94078460
-7.94898243
-8.63118042
-7.96222178
-8.53790553
-8.27239178
-8.03885899
-8.92396832
-6.46070346
-8.16267728
-6.85723509
-8.76522885
-8.47654505
-7.93999401
-7.42142687
-8.54374684
-6.60884463
-8.06632720
-6.74733480
-4.06600852
-3.75271025
-7.27222260
-8.73475657
-8.01491347
-7.88340418
-8.68477567
-8.46049726
-7.44347678
-6.99890640
-8.23170348
-8.29723392
-7.56492179
-6.91555456
-7.58748639
-5.65392059
-5.84514493
-5.87278367
-6.11722285
-5.55990602
-6.24683282
-7.62123541
-5.96673037
-7.11016558
-8.71749013
-7.35027850
-7.24199360
-8.73320704
-7.91426447
-8.30196206
-8.50163835
-9.22949210
-8.29168189
-6.54072975
-5.62499507
-7.86882087
-8.43557086
-8.80114987
-8.61550395
-8.54386699
-8.34900903
-8.40517261
-7.88100522
-7.84029566
-8.16789205
-8.27085450
-9.47597815
-8.38222176
-8.24855232
-8.16325989
-8.08101389
-6.81797389
-9.59379310
-8.33809167
-7.03653647
-7.88543317
-6.91699772
-6.90000367
-8.09310956
-8.47079179
-7.16936792
-8.42555153
-8.47025814
-6.83905085
-6.78222083
-8.00887322
-7.81922434
-8.46944886
-8.80426218
-6.98646265
-8.62446370
-7.37196482
-7.93938582
-8.37761684
-7.58823107
-8.43014196
-8.50959117
-8.63076143
-6.49258171
-7.60847336
-8.64991867
-9.30855604
-7.58376540
-8.77044254
-8.60398228
-8.54517897
-8.69691255
-8.50738406
-8.80913984
-4.44579366
-4.84278569
-4.30903410
-5.65605655
-2.38115341
-1.95386636
-3.62878461
-4.86581924
-4.52754700
-4.86189083
-4.89049744
-4.47021323
-4.95661594
-2.41088199
-2.72698882
-3.88835964
-3.54948367
-4.82616041
-4.26556779
-4.84344818
-4.19693597
-1.72749399
-3.86718802
-5.02756747
-3.50560448
-3.89445342
-3.89008165
-3.21547461
-4.42989903
-3.87474620
-3.92538996
-5.03850258
-5.73260659
-4.92258391
-4.79775875
-4.58398577
-4.15079529
-4.35819336
-4.10561327
-3.95190278
-2.59632471
-2.17604292
-3.61387590
-4.08625625
-3.16697341
-0.60083107
-4.03266122
-3.20541757
-4.03141284
-1.36020555
-1.71428956
-4.06345420
-2.24886024
-2.04930122
-3.00135294
-2.15125444
-2.84901672
-4.53725883
-3.68962313
-2.64722236
-2.05739722
-4.09100946
-4.26048902
-4.45807513
-4.71004056
-3.84406107
-4.04091772
-2.53245957
-4.34312065
-4.53055940
-4.85544621
-5.20603328
-4.04094998
-4.35530175
-4.37944198
-3.30888669
-1.53840845
-1.33714945
-3.15119767
-3.29620599
-2.96636043
-4.70106879
-2.60508185
-3.75622287
-3.53603053
-4.26133668
-4.19665608
-4.80470288
-4.30430157
-3.53001830
-4.10302502
-3.99978131
-4.16499612
-4.66014474
-3.29078954
-1.73991353
-3.44601663
-3.22493548
-1.16500599
-0.10210633
-2.87080549
-2.32912146
-4.03962566
-3.40034629
-3.71670809
-3.77831605
-3.41962641
-3.28020430
-3.96371584
-3.25283534
-3.39941214
-3.84728695
-4.15456147
-4.97006676
-4.40449668
-5.06405309
-4.21576976
-4.18534593
-4.36046925
-4.26035257
-4.27944051
-4.65581582
-4.59333561
-3.96876122
-4.53305554
-4.96644513
-4.15764225
-4.97966257
-4.19432170
-4.47198371
-5.08668518
-4.28079869
-4.33615499
-4.77222009
-4.94008328
-4.33561199
-5.35358792
-4.16768744
-4.90752565
-5.03711484
-4.67718776
-5.02996728
-5.23159038
-4.63837899
-4.96479059
-4.21580679
-4.33903225
-5.02117524
-4.44527632
-4.29787871
-4.74025882
-4.81987834
-4.34774513
-3.64115369
-4.07048213
-4.59740771
-4.07698495
-4.59201148
-4.26483847
-1.06770095
-2.12481773
-3.19818288
-2.90874512
-4.30292742
-5.27201602
-5.02662266
-4.77306542
-4.68539858
-4.94992725
-4.68363950
-4.29998735
-4.82358409
-5.10747786
-4.23607038
-4.88277558
-3.71079402
-4.63094645
-5.07518087
-4.21179758
-4.80219550
-3.87100644
-4.66036885
-2.67409865
-4.89387520
-4.50114042
-4.80779171
-4.87895803
-4.24175058
-4.58337452
-4.14937432
-3.42696755
-4.63888411
-4.22059885
-4.99810969
-5.64415363
-4.72049371
-4.34149086
-3.70842946
-3.78639382
-5.08920023
-5.10117243
-5.19586436
-4.87821112
-6.20498372
-5.41896749
-5.21450576
-5.77056452
-5.00236877
-5.06235713
-5.20188930
-3.95826426
-4.29282324
-4.24931503
-3.86305458
-4.57805898
-3.93924396
-4.15627738
-3.99511345
-4.17188360
-4.23829422
-3.50702718
-3.94641370
-0.82496781
-0.30789319
-0.40835225
-0.71128239
-4.04294168
-0.82021191
-1.47890263
-1.67956935
-5.05686586
-6.49087064
-5.09655912
-4.72541865
-5.13660729
-4.80106247
-5.36080925
-5.81563614
-4.59965096
-5.80414468
-4.91531997
-5.01469633
-4.45955506
-5.39395848
-5.13015768
-4.71900849
-3.23843834
-2.36894890
-3.64936793
-4.16336213
-5.14871477
-5.11700641
-5.70158913
-6.52120102
-5.30401593
-5.50238207
-6.12785950
-6.08365127
-5.84273442
-5.28818675
-5.65042079
-4.80266482
-5.33269742
-5.52078337
-5.06612106
-4.06106554
-4.55830339
-4.43272590
-3.45862080
-5.09977889
-4.92476315
-5.14613993
-4.33401731
-4.48547512
-4.55084927
-4.55891262
-3.90164803
-1.24120785
-3.93507694
-3.83705525
-2.05227946
-4.91726312
-5.13931737
-4.89932729
-5.37659961
-5.23156029
-4.90750291
-5.45450916
-4.88397060
-4.79901717
-5.51935889
-3.96206990
-5.52056966
-5.65526260
-4.88299031
-5.36768817
-4.93036430
-4.97751706
-5.11134427
-5.61778384
-6.16549822
-6.86490193
-5.98987446
-5.38916217
-6.16649009
-5.44896044
-5.65162697
-4.23069584
-5.17368828
-5.52694912
-5.53651191
-5.37498971
-5.26518403
-6.51169953
-6.61763982
-6.85393707
-6.71063792
-6.62773300
-7.75967140
-5.87043598
-6.67652853
-6.44825543
-6.19205424
-6.36575206
-5.62371840
-5.79042309
-5.81175785
-6.19131557
-6.29667128
-6.00024332
-6.51444736
-6.20382616
-6.13443566
-7.08999868
-5.88608549
-6.74468115
-6.23293462
-7.37930251
-6.69432193
-6.67482394
-6.39918962
-7.40516409
-7.06073163
-6.63399810
-7.11823777
-7.30211476
-4.21533861
-7.21567666
-6.87293739
-4.39487486
-4.35832177
-4.26567719
-4.20840299
-5.81100717
-7.05793839
-5.44965870
-5.58059073
-6.30481533
-6.56502707
-5.98864088
-5.96553021
-5.60351671
-5.79743727
-5.75683266
-7.01806218
-6.27601450
-6.96076144
-7.70780008
-6.94605238
-5.26107181
-6.11341476
-4.01367963
-1.77540208
-5.21744081
-5.06708214
-0.22508421
-6.90471753
-6.42042330
-6.28243337
-5.94171330
-6.70945153
-6.33541280
-6.76127679
-7.06213997
-5.93521903
-5.98985804
-6.07692056
-5.69681724
-6.22956091
-5.38369240
-5.85117727
-5.84256172
-6.14852975
-6.69880868
-6.53264486
-4.15748969
-7.04320070
-6.88711502
-6.48965762
-6.35203290
-6.72472419
-6.56881079
-6.22012278
-6.60329646
-6.72653134
-6.33765766
-6.20430033
-6.66530222
-6.48196868
-7.15451621
-6.96888172
-6.55132061
-6.67777347
-6.61992268
-6.59508069
-6.66412360
-7.05287869
-6.78864367
-5.37759289
-7.08584094
-6.25893726
-6.65867034
-6.54668528
-6.55993169
-6.50405687
-6.86828253
-6.59853510
-6.53210207
-6.84183629
-6.66603238
-6.54448712
-6.72138070
-6.89864517
-6.54703322
-7.33051944
-5.29595002
-6.65215425
-6.85414555
-6.16538608
-6.50732111
-6.63054377
-6.68224196
-6.53906570
-6.62725391
-6.62560533
-6.49159730
-6.56025297
-6.85178923
-5.92208127
-6.38778209
-6.71559767
-6.40282565
-6.31807829
-6.78000867
-6.65569477
-6.49925756
-6.60592144
-6.98062889
-6.29003136
-6.44550791
-6.50177350
-6.44272961
-6.45537275
-6.81663327
-6.73177482
-6.79836062
-6.02499445
-6.78432332
-6.58116160
-6.56486398
-6.56394242
-6.70259932
-5.04951068
-6.59308208
-6.68315762
-6.67594189
-6.65400777
-6.83454684
-6.49882162
-6.60694790
-7.15304308
-2.62197170
-5.71044497
-4.45301271
-4.99679764
-4.87205243
-7.10257978
-3.99715683
-6.49481278
-6.23138942
-7.27992621
-5.39892533
-7.58637051
-7.16341597
-6.19641329
-7.66971372
-6.38456947
-6.48818367
-6.41944494
-7.53623351
-9.55807932
-9.19476847
-9.35744079
-9.46223087
-9.68911226
-9.53429386
-9.54254903
-9.41024807
-9.42405341
-9.67489877
-10.07986391
-10.59203555
-9.23233191
-9.82665312
-9.81580993
-9.74700618
-9.75352813
-9.76838204
-9.78290504
-9.52560453
-8.47684597
-9.68022019
-9.77409264
-9.43587916
-10.84958541
-9.27951813
-9.17309668
-9.33474822
-9.27818619
-9.98691154
-9.07715438
-10.18292270
-9.18418945
-9.96325917
-9.98037587
-10.17851511
-9.99327506
-9.97276344
-9.97449316
-9.58623735
-10.73372475
-10.73354906
-9.21967944
-9.08764438
-10.65392739
-9.35393370
-9.57818754
-9.33632418
-9.64863249
-9.56171248
-8.99410288
-9.16195118
-9.59010302
-9.07774511
-10.21409419
-9.27417930
-9.93422391
-9.92095970
-9.43017510
-9.38791493
-9.51041019
-9.33467947
-9.52933807
-9.37977675
-9.62009519
-9.70276656
-9.38347776
-9.89032612
-9.42019691
-9.49688687
-9.48028929
-9.38037946
-9.14042176
-9.30168795
-9.31911935
-9.26857842
-9.66678047
-8.31303224
-8.16179227
-9.30993013
-8.81234434
-9.84024862
-9.89427903
-9.39118683
-9.21943913
-9.55005433
-9.56024190
-9.14564108
-9.47519219
-10.63757104
-9.51786001
-9.55888473
-9.34641659
-9.38825348
-9.47940857
-9.23497655
-9.55838503
-9.38148474
-9.64536530
-9.51253192
-12.25798968
-13.12716245
-12.91345278
-12.35496955
-12.59973300
-12.51338245
-12.72026617
-12.26891589
-12.50442084
-12.51609581
-12.43752748
-11.88577602
-12.38087862
-12.16957291
-12.40338241
-11.28711014
-12.36367467
-12.37539672
-11.55712327
-12.32104184
-11.80506818
-12.67879925
-11.91944117
-12.25857050
-10.72667679
-11.51085753
-11.01980165
-11.28022626
-10.76894452
-11.19149284
-11.62947826
-6.69545249
-10.54235244
-10.59253785
-10.85675379
-11.51889972
-11.80138823
-11.96807383
-12.10160881
-12.17854401
-12.51083579
-11.81381036
-12.16457271
-11.70336567
-11.63177389
-12.35738426
-12.40529933
-12.38099614
-12.09766532
-12.80063116
-12.16674681
-12.96630349
-12.55460864
-12.14190845
-12.52310196
-11.36119088
-12.50868820
-12.65013653
-11.33332409
-11.94601875
-11.00956710
-12.10075930
-12.31980336
-12.37511285
-12.31052666
-11.58500313
-11.35857532
-12.24664012
-12.25198241
-12.44971225
-12.70589785
-12.57004082
-11.41444375
-12.27348171
-12.37149053
-11.92850076
-12.64305664
-11.85853263
-12.49755700
-11.66823426
-12.16032993
-12.42428148
-12.33623415
-12.24269028
-12.16856244
-12.18235383
-12.09740079
-11.30363225
-11.69839745
-11.20329450
-11.33517842
-12.30772313
-12.07955058
-12.13630313
-11.98709889
-12.19362438
-11.51207000
-12.78959707
-12.33570714
-12.21596669
-12.16450992
-12.10948581
-11.54955304
-11.61492321
-11.62068013
-11.54541856
-11.52344859
-12.05232735
-11.72324296
-11.45216337
-11.59703045
-9.71723535
-11.15149891
-11.04446323
-10.80607427
-12.07416840
-10.84385626
-11.03259051
-11.50938038
-10.70775166
-11.16014132
-11.01698230
-12.07208869
-13.22216812
-11.29687152
-11.08181280
-11.25398726
-11.19632633
-13.23328828
-13.51967743
-12.10570222
-11.58720178
-13.23180112
-12.28915163
-12.12868165
-12.14010251
-9.05542269
-13.07502935
-11.98691877
-12.42070963
-13.13787966
-12.64762011
-12.51795144
-13.49792719
-12.17504800
-12.30360816
-12.37152993
-11.62451139
-9.91447048
-13.30537085
-13.31387377
-9.57923014
-9.97620548
-9.96761571
-11.95249958
-13.11294911
-12.50422132
-12.64218973
-11.80624350
-13.61105924
-11.82027299
-11.60030418
-11.53643437
-11.49212456
-11.48355018
-11.33411543
-11.24615253
-11.38509566
-11.28260754
-11.24066276
-11.50814415
-11.99045544
-9.85195732
-11.31619623
-11.60366367
-11.70049808
-12.00903323
-11.77274504
-9.62079494
-10.80413560
-12.08345503
-10.33193809
-9.70260324
-12.71356626
-11.65494115
-10.76282199
-13.33438552
-12.05754781
-12.74605597
-11.70269981
-13.69707432
-12.31935561
-12.36606766
-12.16181168
-13.23124726
-13.67935907
-12.31028013
-13.65679642
-11.59868868
-10.53600104
-2.50762212
-1.62705248
-2.14725785
-1.69426747
-1.77804141
-2.21517971
-2.21099810
-2.27768796
-2.17020946
-2.20126071
-2.14194685
-3.44699301
-2.45930049
-2.26655850
-1.46532877
-2.88578876
-1.73573677
-2.10658484
-2.73051873
-2.39415073
-2.45217626
-2.42357938
-2.38909625
-2.19318943
-2.06447791
-2.43409590
-2.43459773
-2.58378351
-2.77452462
-1.84836513
-1.26524553
-1.40484097
-0.24686995
-4.04966717
-1.40590197
-3.56306180
-2.41543722
-2.31636086
-1.80418513
-1.70108974
-2.20342588
-2.39218324
-0.93809380
-0.82759230
-2.31641834
-2.69130554
-2.56567870
-1.73424059
-1.68949452
-2.52767557
-2.16230625
-1.10812557
0.19327233
-2.72321674
-2.14532748
-3.71212081
-2.12869053
-2.46959464
-3.34887200
-2.69570865
-2.90218424
-1.16281631
-0.18430803
0.46938449
0.77920117
1.16795558
-2.72084928
-2.70070119
-1.38541056
-2.37645078
-2.44613209
-2.36744346
-2.05796096
-1.79070061
-2.56045535
-2.27317978
-2.02164003
-2.17561971
-1.46792992
-0.41303474
-2.21804714
-1.66381168
-1.56406000
-2.68672962
-2.78766106
-2.62040721
-2.29190386
-1.96368584
-1.93425736
0.11772267
-1.54267282
-2.09074170
-2.22446730
-2.00554563
-2.33392516
-2.34191693
-2.23019009
-2.05940145
-2.77130741
-2.42550282
-0.93325377
-0.12309064
0.44916872
-1.12719164
0.94799902
-0.46062374
0.06927716
-0.32524499
-1.15066597
0.01459188
-0.10778991
-1.13879614
-0.42079056
-0.89291296
-1.08075330
-0.58432691
0.05978940
-1.09872832
-0.97802839
-0.14355987
-1.18120350
-0.89230082
-0.38872950
-1.15495399
-0.40173048
-1.15861377
-1.50980070
-0.38279961
-1.33078819
-1.29822504
-1.05514997
-1.11813118
-1.07252477
-0.37469404
0.84281094
-0.05751436
0.55825017
-0.71317426
-1.35728173
0.07493085
-1.42982807
-1.80833826
-0.39715154
3.04072121
-0.22543822
-1.23710616
-1.32222409
-1.46194675
0.16337315
0.71850162
0.77381571
-0.26844476
-0.96164423
-1.53343148
-1.06851159
-0.48205765
-0.99371771
-0.67577763
-1.01597610
-1.40005090
-1.06408564
-1.32823091
-1.51117286
-1.50103163
0.41080906
-1.43648622
-1.34807867
-0.37468092
-1.75779352
-1.48483975
-0.64774765
-0.78076437
-1.00808126
-0.89854938
-0.88628156
-1.24990471
-0.37159194
-1.14605579
-1.43423641
-1.16847769
-1.07583029
-1.04542929
-1.32501616
-1.14470033
0.22559593
-0.80236578
-0.84012327
-0.74914764
-0.22798978
-1.24965124
-0.37283535
-0.37523294
-1.58282341
1.03196769
0.28018535
0.17344580
0.98990733
0.80829971
2.54506663
-1.09596551
-5.77222452
-5.92669489
-6.33545413
-6.54139382
-6.64084479
-7.19538913
-6.60353312
-6.97016333
-6.60468280
-6.10570277
-6.15048107
-6.11363409
-6.57648342
-7.22866275
-7.10115226
-6.61993521
-6.51693336
-6.03123542
-6.84575165
-5.01655003
-6.71178782
-7.23178346
-6.73345280
-7.39780761
-6.15902694
-6.83649810
-0.89247602
-4.78401967
-2.60241736
-0.70400955
-6.57224130
-6.55996255
-6.45408894
-6.72292437
-6.27328286
-6.25091098
-6.38486047
-6.49417238
-7.35220912
-6.93653064
-7.27582915
-7.53024916
-7.06819960
-6.95746687
-7.67788868
-7.41037704
-6.97307649
-8.19558590
-7.48166570
-7.43671210
-6.59130495
-7.16265998
-6.33035781
-8.01558884
-7.40435471
-6.99553143
-7.83947301
-7.32260513
-7.00134106
-5.74472194
-7.29557306
-7.68375834
-6.94364535
-6.92174196
-5.47633702
-6.72562330
-6.77230013
-7.27551526
-6.33266234
-6.99893800
-6.46699345
-6.91455875
-7.10607281
-5.55588083
-6.98137640
-5.96823685
-6.65918203
-5.98977269
-5.26808842
-6.63098614
-5.89365731
-6.36324795
-6.37147347
-6.04089731
-7.28887904
-7.49688853
-6.78862343
-5.77006676
-5.62776834
-7.18055456
-7.97851879
-6.28807169
-6.86962724
-6.86518987
-7.40949342
-6.55812246
-7.50907027
-7.02380223
-7.58261485
-5.82835208
-2.36521531
-1.77978801
-2.65750969
-2.78394567
-2.41413018
-1.72682628
-3.27618259
-4.25168866
-3.20841388
-3.52403068
-3.35233662
-3.13162800
-4.09896049
-4.22753783
-2.55057782
-1.88716615
-2.21391272
-1.13777978
0.66596838
-3.70795090
-3.52732535
-3.37817239
-3.69438630
-3.49565014
-3.29116205
-3.59069161
-3.54952712
-3.87515123
-4.44023450
-3.84045229
-2.41380989
-3.62943275
-3.39755638
-2.39707820
-3.01249511
-3.00331465
-3.25171700
-3.31074192
-2.72409856
-3.34322114
-3.11150267
-3.02078727
-2.98159503
-3.22722703
-3.84105728
-2.97405920
-2.75590772
-3.00650833
-2.99558839
-2.98336950
-2.27961268
-2.60390366
-2.91512746
-0.81940616
-0.57144033
-2.86851190
-2.79308411
-2.69788533
-3.10380065
-4.15075176
-3.54910954
-3.48984241
-4.35647831
-3.73222717
-4.13540037
-4.81710530
-3.67121600
-3.32537896
-3.69215970
-4.26985276
-4.36547854
-4.13958227
-2.99060593
-3.25931910
-4.40130556
-3.95016215
-3.62993383
-3.30948253
-3.65626908
-3.52413175
-3.73011430
-3.92082620
-3.22531849
-3.46551293
-3.76290033
-1.73831229
-3.25506721
-2.62351182
-3.41167552
-4.08040548
-3.49091969
-3.11640752
-2.61576971
-4.20551169
-4.35797356
-2.94132770
-2.09811187
-2.47362437
-2.43670966
-2.85629403
