-8.89775183
-7.17390724
-7.76440364
-8.27100928
-5.27395140
-6.22929051
-7.14139137
-6.37772437
-7.77838622
-7.66555354
-8.05566970
-8.69407842
-8.33406064
-7.84404500
-7.47460658
-8.23887739
-7.98911994
-6.83712731
-7.65194684
-7.47943848
-7.73845793
-8.89111986
-8.35140626
-7.86436338
-7.76301646
-8.73608478
-8.48587421
-7.66866769
-7.94742578
-7.71665228
-8.67638929
-8.63786309
-8.65448076
-7.91760567
-7.60190624
-8.32215825
-7.76541970
-7.51141258
-6.18499547
-7.18411154
-4.96910762
-7.12447908
-7.06490099
-6.99564596
-7.68259304
-4.76952617
-5.19914571
-6.01915071
-6.25667209
-6.02596581
-7.54667389
-7.16606498
-7.45192340
-8.08753100
-8.99009762
-7.41525248
-7.20879727
-7.17438316
-9.20103689
-8.45528471
-7.40807611
-7.49005995
-8.20553024
-8.51774772
-8.28866547
-7.94640742
-7.38555820
-8.40309090
-6.53825558
-7.68852137
-7.60243749
-8.06209572
-6.90426163
-7.40767761
-8.20013762
-8.07989879
-8.36840188
-7.63277035
-7.96703332
-7.31090379
-8.46708050
-8.17810063
-8.43878151
-7.59797071
-7.47776531
-7.08851200
-7.32229763
-8.42666252
-8.55076615
-7.31527061
-8.10137316
-7.42897901
-8.46813064
-8.51535726
-8.12571070
-8.66568386
-8.41125171
-8.48748787
-8.15210938
-8.40401192
-6.82876938
-5.94149775
-6.60069536
-7.11481279
-6.11861660
-7.50355890
-6.12339967
-6.92047236
-5.59187401
-7.45386230
-5.43751038
-6.76903125
-6.36631478
-6.04679662
-6.79768612
-5.91369374
-6.33673978
-5.84376444
-5.87979538
-5.07880626
-5.86965504
-6.53883839
-7.10040526
-6.58678309
-6.41660535
-7.97119658
-5.19649562
-7.13113038
-6.97617090
-5.77542302
-6.42732553
-5.42769481
-7.13469931
-4.17464642
-5.51549208
-2.68113505
-4.68425747
-4.24053732
-4.86075562
-5.12435562
-4.10135195
-4.85310045
-6.81853395
-6.67776200
-6.23951194
-7.42482635
-6.56506085
-6.62335292
-6.74979672
-7.77833708
-6.55784321
-6.49754924
-8.14055244
-7.61404098
-6.98838980
-5.84072376
-7.76621210
-6.56518203
-6.46346559
-5.57295099
-7.11603371
-6.47700134
-6.51313335
-6.01756614
-6.22570022
-5.12084807
-5.41248109
-6.54826154
-5.55621642
-6.45750142
-6.64794388
-3.45202711
-3.47828761
-6.79977456
-5.44399931
-6.43323590
-6.36568300
-6.01611299
-6.02900986
-6.24051424
-6.44188376
-5.26583042
-7.10238060
-6.69269215
-5.21572619
-5.75403664
-5.36366187
-6.78604075
-5.82237537
-4.87498568
-6.33348312
-6.18107192
-6.86499736
-4.48553276
-4.03394678
-4.58643247
-3.98548417
-3.11779588
-2.96145088
-0.39935430
-4.80965510
-5.58274007
-4.67094411
-4.58147384
-4.92686093
-4.87423466
-5.34386055
-6.55229308
-6.03345958
-5.50820981
-6.11377165
-5.50458695
-5.00203465
-6.52253778
-6.20510419
-6.07134383
-6.07027001
-6.25654826
-6.43786576
-6.49360350
-4.24120171
-5.44159543
-5.65652396
-6.70755196
-6.82465308
-4.44164416
-2.34216816
-6.01892136
-6.57639723
-6.82718662
-6.43858419
-6.61385640
-5.45236024
-5.88920828
-6.36180762
-4.60966348
-3.82254197
-5.51458835
-5.12600747
-6.17065495
-5.48062921
-5.40228178
-5.41276472
-4.80251458
-5.98099045
-5.66235457
-5.69874555
-4.40649927
-4.16569414
-4.59514366
-4.09441782
-4.08445315
-6.18542453
-5.37681116
-6.44089138
-5.83680830
-6.89732103
-4.55294999
-4.89855206
-5.92248698
-5.13756504
-6.39339190
-5.84223271
-6.77713735
-6.37752526
-6.06374572
-6.68094982
-6.66854188
-6.68563224
-6.42052652
-6.26594836
-6.77117488
-5.50473276
-6.67076915
-6.75554265
-6.09848979
-6.23027186
-6.72189327
-6.43599014
-7.21102127
-6.87500408
-6.53965471
-6.24969697
-6.19043677
-6.52515716
-6.44893617
-5.92651715
-3.93366983
-3.64010969
-4.18396153
-3.86097460
-2.70374236
-4.03980055
-3.99948045
-5.91855458
-6.55941102
-6.73296043
-5.80261600
-6.58044809
-6.58393570
-7.36977599
-7.01093511
-7.09771884
-6.62996317
-6.79073053
-6.83774497
-8.44774741
-6.34885930
-7.06839678
-7.34098555
-8.02715658
-7.24126115
-6.47863694
-7.44220185
-8.25019569
-8.22400657
-6.48603115
-6.51215776
-7.19058204
-8.34402416
-7.47573126
-7.27835233
-6.99409403
-8.34167105
-2.93710213
-7.09843331
-6.78954084
-5.57130801
-6.54348388
-7.25780533
-7.17834443
-7.10649092
-8.03226028
-7.14924397
-7.68298927
0.94238275
-6.89723245
-6.99112410
-7.55707984
-7.90987059
-8.19291531
-8.14461321
-4.66372294
-7.77162429
-4.19246604
-1.66128985
-2.93022441
-8.61884021
-7.90295185
-8.02166495
-8.55999479
-8.00896509
-6.80251285
-7.58619482
-7.97595135
-8.16811470
-7.68036717
-7.63434997
-7.34826248
-8.76260706
-6.09746631
-5.44841836
-8.29182894
-7.14120742
-8.73374475
-8.40655031
-6.94279817
-7.50738908
-6.96860188
-7.34026046
-5.31127753
-4.94099668
-6.98793269
-7.37342120
-7.55942312
-6.77014462
-6.96052820
-6.28668671
-7.86040091
-8.13550693
-5.85371947
-3.75011028
-7.81647240
-6.26070295
-6.59839017
-5.76990693
-7.79884535
-4.33815866
-6.67185118
-2.88666671
-8.04543482
-7.78318647
-7.46189168
-7.77486255
-9.15325047
-8.29866333
-7.29143429
-8.78346004
-7.89050402
-8.59974263
-1.76903017
-3.77236433
-4.50042731
-1.68726578
-6.23548184
-5.05140998
-6.29979822
-4.55600924
-5.28430529
-4.97801394
-5.18703292
-5.74513607
-5.73511839
-6.91600677
-1.32604698
-4.98678775
-4.40265555
-5.16610296
-4.80238377
-5.34025421
-5.16813077
-5.26592209
-5.13824232
-5.20854153
-3.67404421
-5.35344505
-4.92777717
-4.45745473
-5.42344609
-4.38417699
-4.30712321
-5.24820327
-3.82848215
-4.67361958
-4.80082969
-5.17689636
-3.54884697
-3.98145562
-3.37841866
-2.87032682
-4.35804883
-3.94151724
-2.48707403
-4.14551954
-4.32041792
-1.57022915
-2.06851168
-1.09869197
-5.17179033
-4.06494724
0.90364204
-1.23526928
-1.68260693
-2.89278850
-5.24894438
-2.81223856
-5.06607984
-5.97476972
-5.39055677
-5.47029179
-6.20952667
-4.78322504
-4.97326576
-5.95992617
-4.46164529
-4.64485129
-2.98724635
-5.94977946
-6.07085281
-5.04468261
-4.93892561
-4.96443193
-5.39358240
-4.87176266
-5.03858734
-6.09165463
-4.22433403
-4.88163686
-5.36683057
-4.57290265
-4.98631767
-5.29585611
-4.90744342
-4.26482232
-4.53738665
-4.32152475
-4.69790260
-1.94555130
-4.20065763
-4.36221841
-2.42988185
-3.51033839
-2.37925919
-2.36025420
-3.67964342
-4.34972515
-4.16795502
-5.34486497
-4.85763720
-2.73837092
-11.84542941
-11.81184534
-10.78349429
-8.37543861
-10.56807511
-10.75750167
-10.46273804
-10.73261155
-10.96929992
-10.84596606
-11.01521241
-10.96746539
-11.63971390
-11.67575484
-12.13366130
-12.45177012
-11.89011307
-12.02587706
-11.48502769
-12.06945535
-12.24810562
-11.87280333
-12.11151979
-11.73186480
-11.60552453
-11.97233475
-12.16654635
-12.27045761
-11.71159133
-8.59104466
-10.71873518
-10.67226660
-8.81695486
-11.54242682
-11.48965094
-11.21310950
-11.45572634
-11.74325838
-11.74328550
-12.43054081
-11.57347283
-11.78679410
-12.32270961
-11.84752112
-11.64384401
-11.92901802
-11.52885159
-11.55757066
-11.54715765
-11.42045885
-11.29999107
-10.85011822
-11.55004495
-9.96166749
-11.08710773
-11.29113922
-11.33151982
-11.18351320
-11.68139737
-8.80557979
-8.23558416
-6.01851247
-6.71076619
-9.15666883
-9.64127262
-8.32934164
-11.12752930
-12.20234817
-11.88855025
-12.03478484
-12.45751730
-12.21130934
-12.44586651
-12.24855933
-11.76016420
-11.35426555
-12.00170480
-12.19016176
-11.21312716
-11.67036328
-10.37583385
-11.98729995
-11.59974106
-11.34038183
-12.67038851
-11.19129380
-12.99275806
-11.54896777
-12.13938901
-12.13372048
-11.91741456
-11.16240668
-13.43624512
-12.14860303
-13.17168219
-11.91990265
-12.14378486
-12.12251056
-11.84279616
-11.90070244
-7.58908607
-6.57047126
-7.59876186
-7.70170158
-7.06389616
-7.42262774
-6.49556116
-6.22503265
-6.81358035
-7.11620428
-7.09546831
-6.77973235
-5.25091000
-6.40366520
-6.92472227
-3.22587245
-5.37819462
-5.59594273
-2.53730834
-4.39372656
-6.80342718
-6.69142073
-7.94086692
-7.43517115
-7.74202081
-7.39253220
-7.97893021
-7.69770181
-7.90351221
-6.99117124
-8.07424688
-7.30012500
-7.95077106
-7.02052788
-6.52167723
-6.84304428
-6.95549912
-6.70148268
-6.54498525
-6.56050090
-6.73429634
-6.43805929
-6.82338153
-6.72444371
-8.04830449
-8.57197956
-7.01569702
-8.34219780
-7.75104200
-7.90726494
-7.39475715
-8.06021364
-7.11964512
-7.22666425
-8.07476927
-7.92509605
-7.83791953
-6.99182407
-7.54772828
-8.28738177
-7.11075239
-6.85783640
-7.42008316
-7.92861489
-8.37174348
-7.04366973
-7.81650192
-6.93624741
-7.86192945
-5.64370823
-5.94648663
-7.21678370
-6.36200471
-6.41926088
-7.84008670
-6.71633180
-6.87931036
-7.29065215
-6.51989960
-8.31832097
-7.20213339
-7.57205861
-6.49429870
-6.72298569
-6.69568160
-7.12357611
-7.75811929
-6.93090489
-7.62441556
-7.26054534
-6.73724358
-8.12469890
-7.57087894
-7.66413131
-8.03068510
-6.81105014
-7.41571045
-7.47587284
-7.21439844
-8.30764629
-4.68538592
-4.03406453
-4.17956970
-3.91185076
-4.26079078
-4.63710884
-4.26256436
-4.83834315
-5.20867532
-4.18904093
-4.45505756
-5.52257840
-4.49657085
-5.61601001
-4.93165927
-4.42564781
-4.67904326
-4.00621047
-4.66635983
-4.82810531
-4.49773004
-4.76313074
-4.65717117
-4.68079361
-4.90826973
-5.40433974
-4.79502949
-5.00272521
-5.03172470
-5.35030016
-5.12441545
-4.84914586
-5.74963829
-4.75313201
-5.02427730
-5.05870167
-4.77759088
-5.22711697
-5.64116287
-5.02370194
-5.45875102
-4.72377185
-5.00223379
-5.19186907
-4.81813484
-5.19867847
-5.13109416
-4.74921513
-4.65852067
-4.59325615
-4.68018757
-4.45681450
-5.02200746
-4.38225068
-4.16452552
-4.29370650
-4.56007741
-5.04216202
-5.02790903
-4.99194201
-4.90108411
-5.04471581
-5.09024341
-4.47042430
-4.47972801
-5.06911791
-5.19255357
-4.81626544
-5.32964226
-4.61337507
-4.98786711
-4.73675202
-4.55980534
-4.71457113
-4.78703149
-4.33194996
-4.57202317
-5.13055722
-5.16503399
-5.42696147
-5.42471922
-4.85030391
-5.25078516
-5.28967267
-5.32268181
-5.50214539
-5.28022685
-5.08959953
-4.95863294
-5.33720930
-4.59056202
-4.58077514
-4.75025866
-4.65983412
-4.74592797
-4.48128733
-4.42729410
-4.68712687
-5.10949570
-4.83500424
-1.57765407
-2.34364335
-1.69830224
-1.93578012
-1.79055681
-1.99900200
-1.98794387
-2.34379292
-2.49249594
-2.12702807
-2.37454975
-2.48407997
-2.22213784
-2.31311981
-2.14666348
-2.99158722
-1.53008618
-2.83935766
-2.69902498
-2.87015243
-2.70154818
-2.62030693
-2.38488272
-2.55643408
-2.43989628
-2.70336124
-1.43043082
-2.10293935
-2.04759586
-1.68402339
-1.68746537
-2.66231296
-2.40697993
-2.57024883
-2.49345707
-2.42113968
-1.85998291
-2.59911539
-1.61981305
-1.17311655
-2.36131026
-2.06796908
-2.19801967
-1.34632530
-2.31070765
-2.46266476
-1.90938104
-2.18496517
-2.12174438
-2.37825404
-2.03957588
-2.92954421
-1.82311810
-2.50466541
-2.40984322
-2.57271601
-2.37964193
-2.04466072
-2.57324910
-2.36592880
-2.99310713
-2.68322946
-2.70941284
-2.46835982
-2.22631081
-2.19995465
-2.36443940
-2.60205824
-2.88308928
-2.69881358
-2.68821988
-2.45306309
-3.26094562
-2.81453942
-1.92120881
-3.13831597
-2.30319671
-2.38744516
-2.61035635
-2.25025354
-1.80779513
-2.13155273
-2.21859623
-2.51550633
-2.49882889
-2.09698554
-2.20954698
-1.79954895
-2.01104499
-2.32303867
-3.01037562
-2.52117274
-2.46647922
-2.96204666
-1.84694440
-2.23479567
-2.54669759
-2.01002838
-2.37552019
-2.92585589
-7.54462555
-6.77481380
-6.92802878
-8.00392851
-7.48005971
-7.70421124
-9.23778624
-7.76377861
-6.96647527
-7.86487387
-8.09201192
-8.20053013
-8.55517365
-6.97724163
-7.46867454
-8.54708359
-8.02371002
-7.70719507
-7.60920953
-7.02445752
-8.25870010
-5.71475885
-6.98486779
-6.86073598
-7.02588054
-6.91504298
-6.47354189
-6.71506101
-6.85183117
-5.68924564
-6.21469002
-6.61935474
-6.06101328
-6.20030041
-6.31340611
-6.16699639
-4.92410188
-6.93643256
-6.65548694
-6.42670132
-7.06501157
-5.79014021
-7.37613513
-7.95352750
-9.64684609
-8.19234267
-7.18585163
-8.40774862
-9.57379961
-9.12328043
-9.22886091
-8.15896103
-6.93210576
-8.47318351
-7.33498475
-6.81760810
-7.15653109
-7.74229798
-6.46693452
-7.84697423
-7.55858191
-7.83460777
-7.85880761
-7.28145266
-7.33000487
-7.23090924
-7.08269974
-5.94735715
-7.34846812
-6.97812657
-7.36886603
-7.20343065
-4.44342695
-5.10785346
-6.26932289
-6.90122482
-7.23888886
-6.31282594
-6.85706202
-6.75555666
-6.38813206
-6.85257059
-6.95769695
-5.83897325
-4.48498233
-7.38782974
-5.90560179
-5.82832558
-6.18845783
-5.94352105
-8.41809791
-8.24894908
-7.96205599
-7.85412041
-7.93951167
-7.92149986
-8.26967737
-8.14424602
-7.97930068
-8.28121119
-2.12160157
-2.17462222
-2.59985714
-2.41833634
-2.22262615
-2.42739842
-3.61832181
-2.51637770
-2.89062757
-3.64501868
-5.20689190
-3.64639905
-2.82515576
-3.19465426
-3.14262025
-2.66196804
-3.78521370
-3.33620789
-1.07429350
-2.71991953
-3.14784885
-1.07300573
-0.66770667
-1.55938732
-0.49207571
0.07529043
-1.79725406
-0.33441260
-1.32186272
-0.89814483
-0.07423176
-1.28400523
-0.28022067
-0.63328577
-0.47066543
-0.54355033
-0.32016511
-1.01421738
0.28881769
0.65788179
1.77207685
0.55840007
0.34920610
1.08994348
0.66186148
-1.85972777
-1.47785734
-2.03993850
-2.52123683
-2.43390296
-3.51846685
-1.81463227
-1.80545614
-2.03906327
-2.55791718
-1.37223168
0.05017070
-1.94998092
-1.28947023
-2.40016846
-2.14699931
-0.94983611
-1.34068756
-0.61914066
-0.57030179
-1.31607558
-1.53003835
-0.80574524
-0.71693828
-3.71074216
-0.99567886
-0.04106627
-0.11467582
0.18023695
0.16956167
-0.41957418
0.28878734
0.12780470
-0.78551593
-0.18193709
-0.35942868
0.78943190
0.25543635
1.22866181
0.70166236
1.44511377
1.41630128
0.78541899
-3.87351025
-2.66890009
-2.71055606
-2.24228987
-2.18918398
-2.53984064
-3.16734235
-0.08156443
-0.06730846
-3.45431123
-3.60158421
0.32553473
-5.87847251
-7.11123507
-6.69048397
-6.05665906
-6.61417188
-6.63011707
-6.00429283
-6.64725518
-6.80110619
-5.27259725
-4.87607730
-5.48694457
-5.27722094
-6.00842199
-6.18740649
-4.14856282
-2.03343759
-3.56921367
-3.54404625
-6.42990298
-2.78579927
-2.46504610
-4.63956120
-3.35982578
-4.34317279
-3.96487095
-4.17740487
-3.11700452
-3.17005541
-5.04151548
-4.10507977
-4.23393389
-4.47705341
-5.45476046
-5.63175944
-5.69469270
-5.51334979
-5.46078309
-5.30718138
-6.02663867
-5.30852144
-5.36965638
-6.30340973
-6.72232735
-5.79308493
-5.50433184
-6.52139604
-6.37424517
-6.50430780
-6.68933880
-5.83740476
-6.84870224
-6.54770289
-5.06412100
-6.01473268
-5.82603730
-5.92065826
-6.86809518
-6.58392683
-6.22497661
-6.24157742
-5.95054004
-5.15916337
-3.79801864
-5.24570298
-3.85222669
-5.31136073
-4.52993916
-3.94294975
-5.33766964
-5.27055025
-5.88508557
-4.25075075
-5.69562701
-4.35537901
-5.74358642
-5.75265533
-5.62359028
-5.63423059
-5.11519478
-5.96072078
-5.90286388
-5.54671265
-4.45320327
-5.91900614
-5.88855740
-5.47424980
-5.88371678
-5.93973905
-6.84242302
-5.94807559
-5.90236822
-6.44233028
-6.29596897
-5.92160915
-6.47902235
-6.43592513
-5.67287501
-2.07723617
-3.59685891
-2.87310032
-3.71529941
-2.95590645
-4.11588464
-2.52539932
-1.36796648
-1.30051658
-1.73069592
-1.47961071
-2.27370686
-3.22959128
-0.99556677
-2.89837465
-3.92901145
-4.14354215
-3.80497357
-2.18033883
-3.89056418
-3.09345610
-2.71323865
-2.71137295
-3.07587907
-4.37111712
-2.35952620
-3.59211003
-1.93852089
-3.13826868
-3.69505800
-3.17643984
-3.69553692
-2.03956021
-2.65027260
-3.94661867
-3.21683867
-4.21181510
-3.45537212
-1.64609095
-3.62933508
-3.41161679
-2.21374280
-4.16522690
-1.21510951
-3.94760725
-3.33100020
-4.09853248
-2.63103581
3.93555317
0.86971420
1.23875618
1.46488390
0.88158355
-2.02480856
-3.33113155
-2.66308896
-3.08597139
-2.30283305
-2.32226709
-2.72723293
-3.41992630
-2.51656389
-3.75385669
-2.45830693
-3.04964360
-2.36871396
-2.89253486
-1.88591071
-1.70388292
-2.71502179
-1.80041707
-3.28891976
-0.10217849
-2.74365653
-2.22424140
-0.92521931
-0.58399904
-1.98291843
-2.27951498
-1.43488400
3.01458659
-1.66915555
-1.94829653
-2.77163095
-2.58178805
-2.02646211
-2.13329327
-1.82019959
-3.42124234
-1.80140392
3.37593709
0.07625222
-4.06144551
-4.57329714
-3.09061429
-3.93346955
-2.36996939
-2.67257924
-2.70987932
-4.25295189
-3.24191264
-1.98906721
-5.16669377
-4.90309447
-5.13886497
-3.48481057
-4.23412783
-5.09681428
-4.74362981
-4.03164739
-4.22499631
-4.53098515
-4.27738110
-5.53222631
-4.42485123
-4.23947230
-4.71827330
-5.37159798
-4.90739186
-4.41852234
-4.19005480
-4.60812804
-3.75442319
-5.60725715
-4.78692804
-3.80421245
-4.89252563
-4.34271206
-4.67474039
-5.17057959
-3.94832392
-4.01331197
-4.45964755
-3.39726894
-5.85519997
-4.32989731
-4.85453911
-3.65190844
-3.08792492
-3.70067398
-2.62607647
-0.74083858
-0.52302898
-2.71115084
-2.92363300
-2.10803150
-2.27519129
-3.85953171
-4.02601241
-4.85954886
-4.30715756
-4.69222175
-5.16578681
-5.42298165
-5.65986960
-4.72211515
-4.09399874
-4.26648083
-4.23457510
-5.21606566
-4.57792896
-3.35191682
-4.71753912
-4.57463417
-4.30497116
-5.53149235
-3.99298323
-4.23031131
-5.21571116
-5.16843842
-4.88388049
-4.31300382
-5.78132959
-4.35979143
-4.26838694
-4.11498532
-4.21738039
-4.50433972
-5.51370976
-4.34743710
-2.40874857
-4.36895396
-4.78644799
-4.53606874
-4.40061731
-3.83710764
-4.09755504
-2.82327927
-3.94164396
-3.52070323
-3.44647411
-5.14682975
-4.63437265
-4.48946015
-4.62312812
-4.42931353
-4.60085991
-4.53294951
-4.60821669
-3.34596249
-4.75277399
-4.74222793
-13.00258465
-12.74622993
-12.81053975
-12.51920975
-12.48949438
-12.64968640
-14.06183638
-12.60779067
-12.12271830
-12.79472248
-13.09492959
-11.31901265
-11.99546698
-12.39260378
-12.43504242
-12.37378515
-12.32488490
-11.79135128
-11.90532598
-11.77668090
-10.25897028
-10.42386955
-9.72727490
-12.50575918
-10.37237861
-9.97586021
-9.97751363
-10.05094170
-10.48542142
-10.84512991
-10.39742765
-10.81665226
-12.45634544
-10.39323623
-12.13787268
-11.96217959
-10.46700236
-10.43123799
-11.87011595
-12.55526843
-12.51608194
-11.19660759
-11.37744769
-12.25593253
-12.21227351
-12.52423004
-11.21049133
-12.60587227
-11.73506637
-12.12776421
-11.20938698
-9.75769226
-10.88565243
-10.47777443
-10.25811150
-11.86859681
-10.36909531
-11.51687856
-9.94464407
-10.14487571
-9.84413590
-10.40188318
-9.03752626
-10.27935780
-9.81436357
-12.03441059
-12.39729175
-9.75407367
-10.92412230
-12.33453560
-11.12846340
-10.79044314
-12.84225522
-12.38638479
-12.32804881
-12.30969648
-12.89308077
-12.91722456
-12.75088401
-12.24756204
-12.19667528
-12.44491022
-10.35422836
-10.73424367
-12.20416631
-11.56354011
-11.79949808
-12.51701243
-11.54404505
-12.35138257
-12.54491174
-11.11924082
-12.20210006
-11.00840844
-11.14977679
-11.07693239
-12.68119316
-13.10462349
-12.35072463
-11.39725656
-8.68300429
-7.76301682
-7.90359625
-7.97983359
-8.29212516
-8.73465010
-9.23671694
-8.08574151
-9.01216089
-8.60360929
-8.45597573
-9.07049254
-7.70293055
-7.73115861
-7.41648404
-7.70903493
-7.27503378
-6.80091710
-7.18813930
-7.54042097
-6.94506450
-8.62009301
-8.58512840
-8.28337509
-7.62764627
-8.17786096
-7.78358507
-8.45129828
-9.23194411
-7.68562778
-7.76987196
-7.85305980
-8.49725311
-8.03303931
-9.32261508
-8.28243861
-8.09314870
-7.90075020
-8.63401364
-7.73450850
-8.21164573
-7.90022495
-7.99745858
-8.14950567
-8.64220166
-8.93278518
-8.05474148
-8.30273235
-7.82161319
-7.82516272
-8.58947896
-9.43644146
-8.22846650
-8.04255125
-8.29967624
-8.14256823
-7.81567024
-8.07281704
-6.71191627
-7.06845098
-6.25905907
-6.35016514
-6.86816368
-7.42551264
-6.57301141
-7.06057427
-7.58336027
-8.38037714
-7.99252062
-9.34860109
-8.40546944
-8.01376395
-8.96276892
-9.29733516
-8.64143222
-8.67180535
-8.24286904
-8.71202167
-8.43413641
-8.30302808
-7.49285952
-7.91447649
-8.09129045
-7.77991526
-8.50105168
-8.43635142
-9.23987007
-8.26590173
-7.51174335
-8.36141240
-7.60635054
-8.92034382
-7.73729229
-8.53967602
-8.30425052
-8.54171406
-8.72071844
-8.28501586
-8.46768860
-8.54731764
-6.24253744
-6.29741149
-5.68573795
-7.38808693
-6.51906980
-6.47616267
-6.31189699
-7.03482893
-6.42480580
-6.32224239
-5.96032113
-5.34181314
-7.74604374
-7.34215316
-6.67935806
-6.02526118
-6.16682081
-5.92905489
-5.98085119
-5.98535877
-5.85710043
-3.89943421
-6.08616188
-6.45458855
-6.17389201
-6.82207507
-5.93814621
-6.63241235
-6.32274610
-5.32442197
-5.50724893
-5.68493720
-6.23505135
-6.36352346
-6.28911355
-6.54397713
-6.59041877
-6.00108263
-7.02745302
-7.37760432
-6.81241240
-6.50095960
-6.28461638
-6.35936789
-7.31587851
-6.74505196
-7.08839785
-6.21580581
-6.21628160
-6.97670327
-6.59412449
-6.22185769
-6.51708262
-6.65363086
-7.29092357
-7.42837017
-6.25672903
-6.63394829
-6.98272290
-4.74275398
-5.34421963
-2.68975034
-3.86908067
-4.02767803
-4.86391863
-3.21094116
-6.72946915
-6.23094802
-6.60492457
-6.35445922
-5.50411601
-5.99939413
-6.17020314
-6.37028673
-6.17113526
-6.14359247
-7.46885914
-6.77291499
-6.84888158
-6.31569122
-7.30328659
-6.27830702
-6.28248554
-6.43586782
-6.94683612
-7.00527014
-6.11143626
-6.65256945
-6.44763322
-6.27406240
-6.95301439
-6.34958156
-6.07716389
-7.02635595
-5.62326444
-6.50588979
-6.32833335
-6.86931043
-7.33598035
-7.06792031
-12.41924166
-12.26484895
-12.11168665
-12.42061044
-12.42719548
-12.18547365
-11.97645889
-12.41648449
-12.73270643
-12.79671709
-11.80384627
-11.76257344
-11.94989990
-11.53710364
-11.99019802
-12.21072584
-12.01299238
-14.05214643
-13.73113821
-12.41505258
-12.01846419
-13.96973637
-12.48840290
-12.27211981
-12.60172945
-12.10206628
-12.85277432
-12.60597462
-12.65952083
-12.32941911
-11.91811184
-11.11823828
-9.81948929
-13.32189087
-11.42787711
-12.75240034
-11.49160692
-12.08022045
-11.99604055
-10.40175275
-11.07908583
-11.43097291
-9.14125662
-7.87897194
-8.51159522
-8.21018141
-7.88301903
-9.92449012
-11.26812377
-9.37705009
-9.87424627
-14.27184226
-12.43087972
-13.74404842
-12.27216547
-13.62425276
-12.53642439
-12.21253409
-12.04440646
-12.24420499
-12.51771699
-11.65810464
-11.70110820
-11.81106641
-11.66739402
-11.54514677
-13.86721040
-12.36603104
-13.32229824
-13.48102706
-11.51099518
-12.37591898
-12.24546848
-12.32198922
-12.49857013
-12.26999129
-12.37041179
-12.51662482
-12.65558991
-12.64165556
-10.07076591
-12.07694317
-10.19597207
-11.76291818
-11.87927233
-13.23610989
-11.62262487
-12.07560417
-11.73961163
-11.19812793
-12.49085129
-10.91169324
-9.94115849
-10.91433735
-11.26758403
-10.03960419
-9.78935253
-9.80422777
-12.08368830
-12.06564675
-2.79353830
-2.68021027
-3.65693102
-2.51878863
-3.12093374
-1.80785566
-3.26498239
-2.45496548
-3.25808718
-3.22290213
-3.25570762
-3.42526755
-3.83459157
-3.83434193
-2.62423601
-1.93075892
-0.95476265
-1.42369570
-1.46146715
0.22652893
-2.03825037
-3.44647162
-1.51460141
-1.99520025
-3.48270002
-3.75906622
-3.61620188
-3.36819499
-3.08709337
-2.80360749
-3.05860336
-2.99864851
-3.42516389
-3.29340723
-1.86591268
-3.30212428
-3.48198658
-4.01658500
-4.12357709
-3.34843318
-3.86084274
-3.81159704
-3.67854957
-4.31819684
-3.81541365
-3.94611674
-2.87004580
-3.68035082
-3.63880806
-3.73765951
-4.14578275
-3.14095585
-3.45563226
-4.17594478
-3.32677388
-3.02966681
-3.36131620
-3.65959952
-3.55261505
-4.13156638
-4.34399997
-3.56185469
-3.26777123
-3.77402858
-3.19614601
-3.81083673
-2.27368658
-1.05396378
-1.13921704
-1.39145737
-2.31564778
-0.77904447
-1.15687508
-1.96159735
-1.98125591
-2.36536678
-2.68455398
-3.00179225
-2.22490833
-3.42910707
-3.34039000
-3.65829484
-2.73536303
-3.17877509
-3.01792149
-4.12670473
-3.17731173
-3.00876552
-3.01676956
-3.14509256
-2.29022605
-3.00338071
-2.89865094
-3.49111954
-3.68353347
-4.44875928
-3.91674378
-3.08996127
-2.76833056
-2.56681456
-8.67846338
-8.73972563
-7.63553408
-7.46344442
-6.61932766
-7.63736871
-6.43878562
-6.82909228
-8.77574436
-6.66602390
-7.50026338
-8.26697978
-7.01262186
-8.08536083
-7.91916566
-8.15873556
-7.39781242
-8.02384961
-8.46471976
-6.87557949
-8.17000019
-7.30795693
-9.55059193
-7.13324432
-6.88831912
-6.80146726
-6.92237831
-7.32545936
-6.88239582
-7.11546408
-6.76308021
-2.19615249
-3.77657139
-3.23924000
-4.57201161
-3.67920338
-4.51756553
-3.78616118
-7.52980699
-7.62201011
-8.49729411
-8.33349370
-7.98609802
-7.45572832
-8.47234653
-7.58886819
-7.59269826
-8.37349396
-8.04459859
-8.36833955
-8.56014387
-8.63639316
-8.56838052
-8.50875499
-7.10128068
-8.43507405
-7.55819227
-8.25479018
-8.73498376
-7.84892166
-8.49086546
-7.71299025
-8.30979280
-8.32471579
-8.37938292
-8.15687055
-7.97732918
-7.39064787
-7.93671303
-7.19866163
-7.13527616
-7.52836792
-8.58634856
-8.13781154
-8.29548090
-6.92207231
-6.92476942
-3.89718941
-4.86465747
-4.42634300
-6.82602016
-6.26947810
-5.90204617
-6.92436335
-7.51279017
-7.11263333
-8.12342587
-8.24922451
-8.20385229
-7.31935448
-7.43226076
-8.25492914
-8.41684959
-8.26628679
-8.24599908
-8.46500566
-8.24522283
-8.38727873
-8.28205765
-6.88946855
-6.20597625
-7.51527321
-6.35029607
-6.03455704
-6.93332881
-8.01068997
-6.22069470
-0.82862983
-4.64596401
-4.57994565
-5.97805102
-7.48148278
-5.56485971
-7.65412093
-7.56874253
-7.55144258
-7.53804259
-7.29641684
-7.76904343
-6.53491183
-6.64912539
-8.18105305
0.16155130
1.20582561
-5.18831215
-6.85197020
-5.53508769
-5.12615447
-5.03780869
-6.52309493
-6.86591928
-6.64595672
-6.51202882
-6.62679637
-6.68697354
-6.44550541
-6.87876584
-6.39192859
-8.15714651
-5.57528925
-5.35082472
-5.62303335
-5.66791414
-5.86910184
-7.01185839
-5.55071199
-5.07200701
-4.70702037
-4.99443340
-4.81265091
-4.27214333
-5.03317581
-4.93973849
-5.01451330
-5.11392011
-1.19902607
-2.23628964
-2.73921229
-0.25458013
-7.09997650
-8.17864360
-1.94694105
-0.56618376
-0.98302318
-2.19015193
-1.67301988
-2.61438622
-0.95773194
1.20729018
0.71551212
-0.80923770
-8.45661508
-7.23084166
-6.25539515
-6.81088519
-6.38318125
-6.88328508
-6.41900920
-6.84574960
-6.97189216
-7.36924662
-6.48528942
-6.28491272
-6.56065191
-6.36712333
-6.41241899
-6.66602452
-5.53380455
-4.67257977
-5.38138639
-5.39994946
-4.70921115
-2.91058989
-3.42699121
-3.53789853
-3.97795301
-4.21977711
-4.97744468
-4.96846809
-5.54728797
0.09425749
0.78501846
-0.02839493
1.02114884
0.02938295
2.35168874
0.71491351
0.28305272
4.30778684
0.82065120
0.45351523
1.31082066
1.89490060
2.36906071
2.34264787
2.08317578
2.82272615
0.91936945
0.28988885
0.70223705
0.71955944
1.43343887
0.45134952
1.04477519
2.16006464
0.18062783
1.16826927
0.97335548
0.44988262
0.95750393
0.66611460
1.87110337
0.97520653
0.88359068
0.34934376
0.95886784
0.60215436
1.02888446
0.98060289
1.13802827
1.19948156
0.23179216
-0.59812072
0.49183970
0.25340500
0.51776101
-0.18856875
0.56887850
0.46237941
0.92027173
0.98772761
-0.26473672
3.14983906
0.71620017
0.96462998
0.45312383
2.75464600
1.92390137
1.23060265
0.87319762
0.53211367
-0.21477909
-0.38437704
0.12161876
0.26863013
0.64671362
0.50241304
0.25449053
0.80524809
0.56508017
0.43615438
2.06768115
0.38574903
0.62991582
0.69258564
0.19323387
1.44526425
1.57496159
0.65671816
0.68377343
0.97828455
0.95561433
1.62511925
-0.07613561
1.88023157
0.12643994
0.51374664
0.08237191
0.47276017
0.16058760
0.43256960
0.72606378
1.37642015
-0.07376020
1.50036564
0.55544787
1.48322005
-0.95983294
0.07959372
0.29935705
-2.72466534
-3.09089047
-2.37653797
-1.52802993
-2.55141200
-2.12720158
-2.16679642
-1.83881638
-2.68277709
-2.20581776
-2.12854824
-2.96553870
-3.21487456
-3.99545905
-2.93541161
-2.52348322
-2.26349305
-1.99013483
-2.12466443
-3.51687534
-2.09958626
-2.28747811
-1.87704886
-2.91021813
-2.88926829
-1.93664821
-3.86864567
-1.91843134
-2.11289280
-3.07974159
-3.16678116
-3.30853062
-2.77283261
-0.32238980
0.09398375
-1.01162989
-1.07521515
-1.21410573
1.73042311
-0.83539978
-0.61311946
-2.07470364
-2.91469601
-2.36783178
-3.18205467
-2.60457236
-1.62270983
-1.95169480
-1.09666854
-1.68916144
-1.40802376
-1.94464344
-2.25405971
-1.98750626
-2.74516024
-2.77663065
0.20035223
-2.82802965
-3.04029249
-3.54505357
-3.10528709
-1.61150060
-2.96451230
-1.96553810
-2.03930249
-1.98107796
-2.01065370
-1.86227278
-2.42681380
-3.20059778
-3.33983614
-1.47419531
-1.63529366
-2.91841733
-1.50999186
-1.52605615
-2.43661820
-1.67509623
-0.08613776
-2.12617722
-2.29552431
-2.15564186
-2.21102543
-0.87226827
0.12473338
-2.92683956
-3.25704307
-2.26361572
-2.59281777
-1.47856539
-1.67335393
-1.94971045
-0.89075947
-1.18794019
-1.17092996
-1.80871597
-1.99106358
-1.77652339
-1.73181847
-0.87647409
-5.27269669
-5.30796615
-4.98743044
-3.85575116
-3.70314374
-5.94213300
-5.63533698
-6.04988251
-5.70534697
-6.28037780
-5.65204206
-5.66652896
-6.16216325
-6.06321677
-5.94921448
-4.55850897
-6.37233503
-5.86245473
-6.24744715
-6.91276126
-5.71502656
-6.75211334
-6.76921425
-7.10938170
-6.25977001
-6.93558323
-6.89497608
-6.93193566
-6.90132365
-6.32958368
-7.22767851
-6.67117862
-5.58368003
-7.03908429
-5.59336196
-6.80784455
-7.17621776
-6.05656191
-7.29156593
-6.84995505
-6.83774832
-6.53168033
-6.31477395
-6.87137797
-6.48079876
-6.97684956
-6.33368648
-5.63104363
-6.52456877
-7.41489101
-6.39281538
-7.26487406
-5.63477295
-6.55109661
-6.16777425
-7.18455525
-5.30494831
-5.19996102
-6.46712892
-6.19164124
-5.53028984
-6.12669303
-6.13670734
-5.44229069
-7.42858556
-5.16040822
-5.73231436
-6.02657784
-4.96129143
-5.92388072
-6.07130598
-5.68124991
-6.75754663
-5.67888398
-5.09186505
-5.91011052
-5.75919102
-6.51278603
-6.41175878
-5.94749968
-5.95635433
-5.99768116
-7.30289604
-4.22541463
-5.44740319
-6.90787702
-7.05212928
-5.27350365
-5.94459906
-6.70468010
-5.65612693
-5.68658134
-5.95547593
-7.07693971
-5.28462544
-6.43859875
-6.22378971
-7.04417515
-5.67337352
-3.74454577
-0.74618760
0.96366100
-2.83291035
-1.14912225
-1.32656768
0.49299831
-1.30362172
-0.94212008
-1.92480878
-1.57740740
-0.66250671
-3.30521439
-1.34296687
-2.97751199
-3.07043439
-3.02026736
-3.02253135
-3.10189126
-3.03753117
-3.26122037
-3.31687584
-3.24573764
-3.14627889
-3.28358074
-3.12243307
-3.21491669
-3.27038153
-3.17802626
-3.51209784
-3.02806491
-3.27674588
-3.32620156
-3.07741248
-3.25793439
-3.20087497
-3.68153253
-3.34328088
-3.30198184
-3.24160612
-3.30820844
-3.48036972
-3.54904327
-3.53613249
-3.51168061
-3.44187936
-3.30174456
-3.45548544
-3.45371345
-3.25371675
-3.37897288
-3.50991287
-3.25613544
-2.79308212
-3.23526058
-3.15551405
-0.26649007
-0.72691464
-0.13518187
-3.06375962
-2.90230654
-2.18987056
-2.27209384
-3.00591978
-1.36727222
-1.54875037
-2.03324777
-2.10881622
-1.70935525
-0.51636554
0.14879405
2.74715149
-3.48439478
-3.33369805
-3.15432588
-3.00009317
-3.03250568
-3.32304247
-3.16524179
-2.86511802
-3.11345430
-0.30215485
-3.25889610
-3.48150364
-3.26477703
-3.40244089
-3.29343459
-3.26088746
-3.48417984
-2.96166304
-3.28018082
-3.25676069
-3.21327282
-3.32055625
-3.41328716
-3.39732717
-3.06945205
-3.23834816
-3.18950011
-3.91079581
1.03350939
-1.27549074
-1.65215763
-0.40711371
-1.78607633
-0.81053683
-1.99453116
-1.09737079
-1.46548557
-0.98914571
-1.29156613
-1.78525903
-1.87754394
-0.56980412
-0.98806148
-2.24318848
-0.82365778
-1.90406390
-1.83605966
-1.14865951
-1.33580630
-1.07670325
-2.08524691
-2.31717077
-2.79881428
-2.54898127
-2.62859591
-2.35648942
-2.31573767
-2.39564576
-2.22044584
-1.63511582
-1.38722566
-1.90089233
-2.38933008
-1.12669759
0.16054943
-0.93955570
1.37065105
1.50488718
-0.27025054
0.71277546
3.48152731
-1.26710882
-2.79703643
-1.52340726
-1.01588189
-1.96603922
-0.84003502
-1.17873716
-0.74357744
0.25196595
-0.67032551
-0.81999754
-2.27316680
-0.90448656
-1.11067445
-0.82687134
-2.20723068
-1.70810823
-1.43130846
-2.13555425
-2.07818619
-2.23526058
-1.68475104
-2.20301817
-0.78162204
-0.62823108
-1.09059533
-2.03403135
-2.64021681
-1.83980632
-1.87909486
-0.60820263
-0.71713390
-0.13304564
-2.03703444
-2.26669790
-2.54495206
-1.97683083
-2.41594266
-1.61996278
-1.75619129
-1.78469995
-2.43841777
-1.63210199
-2.14215901
-1.68143598
-1.54618895
-0.95710365
-1.61680157
0.50230720
-0.10280080
0.68278515
-1.13161032
0.41543526
0.10355172
-0.52125376
-0.69350007
-2.16206827
-1.67983854
