3.66978407
1.99849882
3.01320246
2.50179256
2.13009647
1.45736916
4.44248060
3.24045488
1.89689635
2.59335265
3.95580049
2.93630402
2.22676203
2.94110055
4.84152431
2.58245958
2.31523912
2.94099997
2.44036569
3.96285993
2.92625260
3.30465461
1.92457408
1.89585309
1.96617709
1.52899343
2.62737989
1.97003650
3.37932713
1.83927101
2.85862805
3.13414970
6.38695915
6.12328993
4.42414853
4.24923033
3.45663007
2.39992007
3.40830322
2.61388893
3.09321282
3.03466291
2.49031807
1.75834892
1.23907626
2.55463827
2.09371136
2.22343645
1.59468485
2.68945395
1.39155270
2.11486534
1.11356894
3.02308430
1.89567954
1.61652412
3.23412666
2.16208244
1.26114294
1.72696697
2.46886829
1.84813002
2.83562075
2.12745704
3.85114077
1.41927364
1.91043406
2.79932516
2.03592099
2.17901356
2.32147842
3.42595270
2.16676687
2.68480814
2.25512178
2.22155902
1.50293611
2.17463296
1.14536738
2.34966975
1.78378852
2.01299702
1.31904854
2.05713653
2.96854984
2.57745650
2.78797815
2.42077536
3.73849507
1.92647438
3.29926415
3.12401720
4.07108232
2.70186837
1.27936486
3.22380925
3.15995593
1.82227252
1.35793628
3.19773233
-5.58494115
-4.55088380
-5.56666909
-6.01745478
-5.40136391
-5.53287965
-5.99287506
-5.17086948
-6.18407125
-5.39326288
-5.51815901
-5.23553506
-5.64353706
-5.85559902
-5.58375284
-5.33391122
-5.90614622
-5.54058528
-5.14257063
-3.07903067
-4.65980503
-4.78640431
-4.66114558
-4.41720813
-5.21609322
-5.22624469
-5.98500411
-4.49188407
-5.08119901
-4.86567116
-4.61358315
-6.65929672
-5.53842038
-4.95460343
-5.28069679
-5.83742475
-5.55576929
-5.89094212
-5.96796828
-5.95721211
-5.89575249
-5.57422115
-5.57430269
-6.45331058
-5.52931244
-5.99360880
-5.73919251
-5.64685368
-5.67851510
-5.53793674
-5.56658302
-5.61928399
-6.11379475
-5.73108630
-5.42429475
-5.22003102
-6.76383673
-5.87961051
-5.47833049
-5.20723856
-5.39253217
-5.50388508
-5.16448653
-5.37172795
-5.42218867
-5.31298019
-6.09705599
-4.72457092
-6.08782950
-5.39681921
-5.85950810
-5.30441563
-5.53139108
-5.13137668
-5.43718676
-5.70882533
-5.50573363
-5.60419636
-5.38607920
-4.44006731
-4.75280895
-5.68901463
-5.03224181
-4.33119466
-5.26365812
-5.15032283
-5.75369020
-5.99696217
-5.29499947
-5.70890357
-5.21148392
-5.30271519
-5.82281969
-6.13938244
-5.78559682
-5.33094066
-5.90686328
-5.95308838
-6.11007859
-5.55724872
-4.59741189
-4.91741872
-5.33276513
-4.19042529
-4.44082624
-4.15684043
-4.58373464
-4.27667117
-4.33779748
-4.10851988
-3.10120391
-4.34838402
-3.53335030
-3.56164047
-4.05460477
-4.58939984
-3.19462376
-4.70234120
-3.78561344
-4.77526653
-3.47654066
-4.81810944
-3.49673439
-3.92701799
-2.80177184
-3.86849492
-3.89622611
-4.13249006
-2.04594648
-3.54142373
-3.87025300
-3.50708095
-4.95343935
-3.72700946
-3.63335716
-3.57002949
-3.56158800
-4.12801723
-3.55944541
-4.62687725
-3.27362967
-3.79745831
-3.94752973
-3.50426529
-4.16927121
-3.09770659
-3.58677640
-4.13510086
-3.46444599
-5.01658808
-4.37983723
-4.03668359
-4.19158370
-4.25190841
-3.71193884
-4.19541094
-4.97868049
-4.01719947
-4.36567298
-4.20834286
-3.57486400
-4.60100089
-3.49512819
-4.02072790
-4.53056295
-5.55342162
-4.45090846
-3.82265335
-4.63618883
-4.69863553
-4.69432336
-4.60661132
-4.85945603
-3.26584018
-5.09196717
-4.66251172
-4.91348820
-3.66459613
-4.42981117
-4.75420803
-4.87465046
-5.22518768
-4.91532960
-4.42581262
-4.33170015
-5.04033353
-4.58408459
-4.89451632
-5.01544603
-4.43591028
-3.53491452
-4.41520765
-4.65119322
-4.46306353
-4.31479656
-4.63666812
-4.47159495
-4.16565191
-4.41171341
-5.15497578
-1.46439067
-1.52445769
-4.18534455
-1.98895947
-2.00767648
-2.08912526
-2.21541769
-2.18254924
-2.19292328
-3.87111140
-3.77155756
-3.89598229
-3.61428040
-3.92187163
-3.32132337
-3.64284642
-3.24007927
-3.87441835
-2.63076486
-3.76465410
-3.81799324
-2.03396160
-3.53230142
-5.15904519
-3.90647138
-3.71457185
-4.03996107
-4.06566510
-4.37237696
-2.35100377
-2.39043471
-2.27763006
-1.99541685
-2.38983065
-2.52283221
-5.94662999
-4.60986560
-4.46234801
-5.23960447
-4.42743558
-2.57542485
-2.31246713
2.41117694
-1.89252799
1.03102115
1.07424006
2.33065922
-1.44826952
-2.03782394
-1.83578277
-1.69023967
-2.85929169
-3.65121853
-2.43135712
-2.49840425
-2.34843783
-2.45470315
-3.51186812
-2.80050384
-2.94002579
-0.97019933
-1.45271208
-1.61615698
-3.64075297
-3.93411815
-3.89522921
-3.27041580
-3.78171172
-4.22507826
-2.80267501
-3.00066645
-3.43370803
-5.48711328
-4.02228914
-2.64782772
-2.64658194
-2.41420536
-2.31050307
-4.59041185
-2.12261997
-2.32304969
-4.06303194
-4.39487436
-3.52619968
-2.51395014
-2.37144894
-2.19900436
-2.78704686
-2.31951453
-4.24983151
-2.68635867
-3.85892765
-2.01354282
-1.88002693
-2.01347547
-1.89731959
-1.74649545
-1.63453739
-1.39781088
-1.63047181
-1.57343682
-1.08016237
-1.48460697
-1.10047276
-1.70333901
-0.82771937
-1.97204552
-1.25951736
-1.45710518
-1.08154108
-1.36646303
-2.41024426
-1.03525272
-1.07275119
-0.62707245
-1.07409952
-0.77742329
-1.14767738
-0.80012185
-1.81522740
-1.79420844
-1.48206968
-1.28880473
-0.68944163
-1.32059194
-1.25421367
-1.53836330
-1.26575226
-1.15471743
-0.92093916
-0.12376210
-0.27079430
-0.87634663
-0.75910547
-0.31747493
-0.74067928
-0.51724170
-0.70478897
-0.42066238
-0.73123661
-1.17120983
-0.94437340
-0.84108994
-0.26666226
-1.41294776
-0.11153829
-0.56947330
-0.73394105
-1.21722920
-1.06321911
-1.04662003
-1.27951064
-1.37248363
-1.33916978
-1.27077173
-0.64072121
-0.91874155
-0.99849310
-1.02325665
-1.09108031
-1.19988997
-0.71844178
-0.85009562
-0.65543310
-0.88061126
-1.65777424
0.07302529
-0.54570524
-1.50171771
-0.51323142
-1.08666286
-0.79144159
-1.01425713
-2.19180682
-1.22829083
-1.10475006
-1.82412108
-0.88706500
-1.65660565
-0.90941560
0.90452424
-0.31875601
-0.01986378
0.84663592
0.62470792
-0.62951544
0.13422643
0.47135931
-0.43881942
-0.16697069
0.31121496
-1.52411387
-0.53594060
-1.01880511
-0.75361723
-0.83122075
-0.59384739
-0.80015757
-0.26475591
-0.77821702
-7.07343379
-6.95915561
-6.63784001
-6.84207245
-6.72314281
-6.86011767
-7.77056014
-6.75489396
-6.73222419
-6.92546208
-6.90560115
-7.50200448
-6.97379576
-7.05752000
-6.37402809
-6.38021724
-6.23839368
-6.46842608
-6.21236774
-6.21689402
-6.07628718
-7.03624323
-6.75941602
-6.55487899
-6.61916063
-6.06681457
-6.42853556
-6.48953481
-6.47708032
-6.59474341
-6.49852535
-6.64922943
-6.43782280
-6.84041838
-6.81873339
-6.44468753
-6.37758986
-6.95320133
-6.48447862
-6.83580149
-6.80787405
-6.62567645
-6.68310571
-6.61442167
-6.44027421
-6.96906058
-7.05181274
-6.80359413
-6.69186720
-6.75484308
-7.44473601
-6.50710762
-6.77300821
-6.30985994
-6.73234556
-7.34352094
-7.31537923
-7.34818985
-7.10396835
-7.16793105
-6.78460942
-7.06704820
-6.81966958
-6.56518087
-6.25263280
-6.49814658
-5.70743430
-6.48291350
-4.60363324
-5.00906266
-4.98842705
-5.24934190
-5.64379527
-7.31826968
-6.74888196
-6.88339147
-7.04269076
-6.04969239
-6.61002807
-6.35998984
-6.74253050
-6.08135803
-6.64463937
-6.63789663
-6.49173657
-6.31070858
-7.13055922
-7.11064368
-7.54248720
-6.68168448
-6.79056785
-6.37286771
-6.63037403
-6.45589552
-6.23623643
-6.65368687
-6.97561640
-6.53122167
-6.99112589
-6.11136026
-3.28806679
-2.80721592
-2.64855709
-2.62122286
-2.54268669
-2.56430537
-2.65139942
-4.32071420
-3.01368668
-2.91416713
-3.36095871
0.19488758
0.13324404
-1.00723212
-2.64776584
-0.83121170
-2.42259048
-1.15558139
-2.82193367
-2.51512107
-1.89329808
-1.96047583
-1.40056030
-2.90198221
-3.28854500
-3.08101569
-3.00438754
-2.17220625
-2.69542358
-2.99325055
-2.72359048
-3.00630330
0.08694861
0.05927634
-2.35062498
-2.32808657
-2.28292728
-2.48539775
-3.21523097
-4.40891893
-2.92912689
-2.92669615
-2.54356753
-2.57725988
-3.61813372
-2.23144074
-2.28184893
-2.37540547
-2.45618736
-2.37587215
-2.50333405
-2.97513824
-1.81692819
-1.81743875
-4.61852214
-3.96212462
-2.68638429
-2.97728301
-1.07337628
-3.09040536
-2.62483701
-2.54352582
-2.92283833
-2.95748754
-3.05622299
-3.46764715
-2.45987253
-2.38675633
-2.75738836
-2.26357315
-2.54488855
-2.01231289
-2.43416850
-2.37621117
-1.45504312
-2.12436102
-2.34322152
-1.79918044
-2.13515903
-3.09338914
-3.24805316
-3.18803902
-2.26103355
-2.47889406
-2.64062534
-2.48440423
-3.78370259
-2.08872852
-2.80488812
-2.89064361
-1.88708902
-2.79474673
-2.48034611
-2.37760945
-1.97500925
-2.29329486
-2.49093832
-1.87977194
-2.40189354
-2.27916396
-2.82281189
-2.13834246
-2.88715826
-2.73274289
-2.58105301
-3.01423093
-2.34626424
-2.45889741
-1.98487779
-2.93628292
-0.60493889
-2.85402421
-2.34639999
-3.06655454
-1.80577364
-3.11146899
-2.59478810
-2.90646694
-3.00126716
-2.79469648
-2.63246745
-2.96347375
-2.57550734
-2.27129039
-1.25682083
-1.94013467
-2.75304954
-0.79530068
-2.16320620
-2.66949126
-1.58170334
-2.11659593
-1.26317170
-1.62049892
-0.79043466
-0.83290151
-0.63898317
-0.51075920
-0.14740334
-1.73172307
-2.53631173
-2.53658737
-2.01248350
-2.24384823
-2.70035527
-3.00517675
-2.38986791
-2.81243905
-2.68625955
-2.91506959
-3.48117352
-2.38055479
-3.19122204
-3.03779149
-2.79361694
-2.72248721
-2.62401177
-2.70691573
-2.67368388
-2.82256422
-3.18274926
-2.68523814
-2.78052143
-3.01365540
1.38944044
-0.03091587
-2.52249635
-1.95237657
-2.52853692
-3.28259179
-2.98640593
-2.58183854
-2.63720395
-1.82814919
-2.82208418
-1.78262130
-2.10051339
-2.15809599
-1.52755960
-2.32431897
-2.25350724
-1.74014738
-0.79727329
1.34705909
0.06096636
1.36137660
-1.62516713
-0.73334053
-1.46272079
-2.75388915
-2.87391355
-2.57985125
-1.79829584
-2.44293981
-1.75525484
-2.92705746
-1.65057917
-2.74435214
-3.05828224
-3.01739090
-1.86137726
-1.34117870
-2.07550091
0.01673220
-0.79223794
-0.58057029
0.51897628
-0.51031439
-0.48811890
-0.42733701
-0.63052262
-1.35355911
-2.24489603
-1.71181572
-1.90914313
-1.92884670
-1.64665800
-1.43577357
-1.70825114
-1.26516839
-2.03382144
-1.48205382
-1.75147656
-1.29749988
-1.72833729
-2.41973234
-2.06996396
-1.67485251
-1.58415909
-2.18866068
-1.82978259
-1.09354958
-1.49730762
-0.93220101
-1.05534338
-1.81060335
-0.56615690
-0.80413278
-1.79885431
-1.56683369
-1.34735582
-2.15003269
-2.54958084
-1.67679158
-1.70129546
-1.88688992
-0.01124730
-0.56548764
-1.48068182
-2.23153302
-1.82992849
-2.19685905
-2.09405296
-1.71315183
-1.61620709
-2.25798711
-1.03836498
-1.77057378
-2.02223376
-1.05788702
-2.22130920
3.96607043
2.29166200
-0.20914871
0.03798953
-1.90289567
-0.59050530
-1.03666994
-0.43132397
-1.33228462
-2.01444378
-2.00775522
-2.21549377
0.51007372
-1.43831613
-1.93444100
-2.08231630
-2.54110131
-0.74317431
-1.76786389
-1.65807334
-1.73106511
-1.67567028
-2.09630431
-1.53034273
-1.63983746
-2.43744515
-2.05216893
-1.35561516
-2.00856230
-2.48145403
-1.75255624
-1.40855553
-2.80602522
0.01537702
-1.03793353
-1.55135766
-1.25413163
-1.16179149
-1.40789490
-2.04995745
-0.51904582
-1.09007168
-2.79430161
-1.25663917
-1.08645582
-0.76693224
-0.64145813
-2.22217055
-1.62865152
-1.42093223
-2.50801157
-2.44938102
-2.30172704
-2.32054655
-1.77610073
-2.09458603
-1.60831684
-2.02556740
-2.17635851
-2.89223957
-1.38081827
-3.15655283
-3.05569725
-3.75263203
-2.66278729
-2.29915572
-3.10432492
-1.49337917
-2.36542443
-1.20706426
-2.55916973
-0.81587609
-0.54589796
-1.42018454
-2.89867400
-1.48690685
-1.27541374
-1.16899621
-1.10471720
-3.34475566
-2.34496088
-3.31370960
-2.47508239
-2.54198675
-1.84035126
-1.14102344
-2.56589182
-2.35820013
-0.48289157
-0.43465429
0.53629174
-0.83998576
1.76011282
-0.69511208
-0.03390823
-1.98857651
-1.00312425
-2.48101195
-0.43129665
-0.83331013
-2.76122396
-1.03501736
-1.88755478
-1.68658332
-1.25550849
-1.84664559
-2.49819921
-1.75224994
-1.87947471
-1.16512503
-1.24668836
-2.24477269
-1.79512685
-1.61972028
-1.33245835
-3.17507019
-3.12031371
-3.23726451
-1.81564401
-2.48736111
-1.86840477
-1.47648889
-1.88015048
-1.76575672
-1.97524207
-2.90240612
-2.75063628
-1.58635288
-2.63389920
-2.45915733
-2.66259539
-2.14920394
-2.80457351
-3.23613998
-2.09548015
-1.96765104
-2.32951550
-3.41956060
-3.36377393
-3.34192075
-3.00510467
-3.95578665
-3.85035097
-3.40674024
-4.18659524
-2.81790603
-2.40925602
-2.81422496
-3.34039528
-3.29038502
-2.85888187
-3.62003491
-3.83185974
-2.73027506
-4.26876170
-3.94589166
-2.71742377
-2.73356205
-3.81640638
-3.81953945
-2.31505230
-3.90875419
-1.59809780
-1.94939836
-0.77248372
-1.06553530
-0.25855275
-0.96218563
-1.06076931
-2.54277620
0.13479484
-1.01289300
-0.86318528
-0.54139616
-3.53918433
-2.34378830
-3.32996557
-2.12415351
-2.72956953
-4.57358891
-2.49715633
-2.08423329
-3.82868911
-2.21385757
-3.78083460
-2.22819596
-2.52254054
-2.19982388
-3.06020589
-3.98544684
-0.30970373
-3.29123354
-1.66867709
-2.37025435
-2.71194756
-2.59962643
-2.93609072
-3.05030310
-3.10066245
-2.87131806
-3.24716501
-3.61885073
-2.65440344
-3.25388786
-3.03196744
-4.18854363
-3.32396866
-4.27870055
-4.25832795
-2.71966211
-2.72912745
-2.94720894
-2.36552257
-2.24629692
-2.41830507
-2.11376824
-1.96228341
-1.26611400
2.71198997
0.06134907
0.60371751
1.15810104
2.25152608
-1.74446418
-2.54786267
-2.64972044
-3.16256750
-1.69254798
-3.39065592
-3.25342341
-3.05321162
-2.56703703
-3.44208572
-2.57062631
-1.76171035
-3.14563470
-2.79008981
-3.05196073
-1.66469613
-4.84854126
-5.76245553
-4.78807654
-4.92899882
-4.93055527
-4.97865834
-4.49422337
-4.94472766
-4.68705129
-4.44216491
-6.43454267
-4.59792046
-4.32758191
-4.54728481
-7.33394824
-6.92387343
-7.16282886
-6.75577306
-6.86911350
-4.88690936
-6.91713951
-6.82031234
-7.72695978
-6.90835906
-7.61130034
-6.82664591
-6.82344429
-4.00745963
-3.98005643
-4.05766158
-3.24329905
-4.17800213
-3.81227156
-3.89186403
-3.65287821
-3.70672017
-6.70414269
-6.53661041
-7.45490795
-7.44952521
-6.55064956
-6.18828367
-5.72921660
-5.55185814
-6.15772630
-7.28750230
-6.85115779
-3.63910080
-5.03740506
-4.75573433
-8.16662419
-5.46278758
-5.34140443
-4.61359208
-4.87023525
-4.83968964
-3.89950343
-6.30638773
-7.02918465
-6.37619777
-6.46673917
-7.50750462
-9.37917594
-7.10186726
-7.10400113
-8.20607717
-7.28513178
-5.48695465
-6.85529484
-7.05071814
-6.22446186
-6.49317803
-7.69507697
-7.77011230
-6.33244647
-6.75293155
-6.46318814
-6.41023214
-6.55127027
-4.69730994
-4.34989991
-4.05824045
-7.46599468
-7.23419937
-7.34432488
-5.51039049
-5.75556426
-3.16139198
1.27838359
-1.56234695
-1.33196517
-1.55370051
-4.75322568
-4.34005917
-4.15384286
-3.86173361
-4.02595601
-4.24523840
-5.23198672
-6.10347498
-15.03204362
-14.97432895
-12.63667158
-13.96053310
-13.95098112
-12.22364471
-12.26248477
-12.25040934
-11.22819453
-11.85123488
-11.96389498
-12.23863111
-11.93449170
1.32040591
0.95198032
0.99792936
1.07394603
1.24771244
2.37613626
1.18375865
0.59447721
1.67289113
-0.98686410
-0.34558147
-0.88269648
1.80412755
1.31302128
1.34430347
1.33888168
0.14968790
0.84772489
1.08560154
0.47802205
1.40101487
0.90696765
0.63687981
0.67069381
0.30602126
1.97124468
1.62095329
1.73652601
1.55733151
2.03092462
1.60929599
0.68587713
-1.57307311
-0.93165689
1.07052957
0.33128158
0.44105186
-1.19918619
-0.98858161
-1.24959804
-0.31063192
-0.29657327
0.32940342
0.49366330
-0.79589548
-0.23657138
-0.09116433
-0.72150563
0.04884872
-0.38653507
-0.01253193
-1.22295698
-0.92259481
-0.75987620
-0.14286965
0.09618668
-0.45498500
0.09565765
0.43256928
1.00412282
1.16190722
3.12573636
2.65685712
3.59749743
3.00278397
2.13021478
1.72186930
0.95719758
-0.60459443
1.19758302
1.02299476
1.79601998
1.39006979
-0.90749728
0.66733925
0.55575415
0.40915141
0.56818517
0.76661144
1.47212140
0.21544746
0.19558407
0.62595570
-0.03563654
-0.06423902
-1.79131310
-0.56387107
0.08337950
-0.47938460
-0.48815057
0.00673515
-0.82311803
0.09064823
-0.37208368
-0.31022248
-0.23270493
0.39307716
0.41648591
-0.36222754
-0.28535857
-5.53029499
-4.60278657
-5.07095649
-3.98105660
-4.08000096
-6.60753087
-5.19765432
-5.45390813
-3.88349037
-4.61439080
-3.55505629
-4.11472524
-5.14495994
-5.61508790
-4.76176583
-5.22340038
-4.82739840
-4.56692604
-5.03370167
-5.20733072
-6.26007471
-5.71893507
-5.91348520
-6.14937536
-6.25403604
-4.92226920
-4.21098392
-6.30001729
-7.11274468
-4.18747964
-5.52719852
-6.18028105
-3.43471396
-3.87602146
-4.87203078
-4.57993242
-5.13830229
-4.94609435
-5.00061113
-4.54216879
-5.40798673
-4.98115626
-4.29886481
-5.26605413
-5.30082796
-5.50301078
-5.43281577
-6.20654909
-5.09891585
-5.66695323
-5.10955669
-5.13790548
-4.86806978
-7.04056192
-5.77840082
-2.63628811
-3.81191992
-5.14589975
-4.48085778
-6.23742726
-5.83935020
-5.33028857
-5.31919995
-5.39614350
-5.76697295
-5.55990222
-5.80994907
-5.76536782
-5.41856834
-4.60748046
-5.52400138
-4.91310346
-5.18564936
-5.82174854
-5.09480465
-5.39796748
-5.12739543
-5.91897768
-4.09770411
-5.86798780
-4.57369064
-5.92782048
-5.53944609
-5.49079608
-4.95070850
-5.77933780
-5.67030457
-5.52757482
-6.59175547
-4.13239182
-5.42860910
-5.89787688
-5.45550370
-6.14449473
-6.96340269
-5.68782107
-5.55484203
-5.43309308
-5.45435492
-5.31101123
0.86987452
1.53035165
1.30978983
0.26187971
-1.68163986
1.00123301
1.83261107
-0.33741860
-0.68693101
1.43836558
-0.31749676
-1.47259124
1.98305144
1.37774387
1.56134830
0.95473951
0.87053080
0.45930719
1.83235511
2.46810011
3.68988190
3.74153138
3.34896499
3.65372360
3.04509356
3.64658014
3.63471484
3.28040817
3.12180803
4.84739889
4.38651353
3.27066468
3.26125406
2.74527251
2.94424262
3.14216555
3.65402967
3.45534791
2.93594216
5.08687691
4.94905550
2.91430716
3.28866796
2.02819600
-0.50932745
2.58211884
-0.32460667
-0.09755474
2.86272579
-2.62083344
-0.13919929
3.27020651
0.09252733
0.49653002
3.68318721
0.29121204
-1.20926281
0.66546524
3.46329557
3.33080288
3.64050884
3.68230628
1.44106841
1.42750384
-0.03790455
0.36275663
3.68555390
3.53125519
5.08169562
5.15344512
5.26066324
7.20732847
7.24156173
6.79676033
8.54356935
3.55652447
3.13094082
3.41388910
3.62751342
3.90154485
2.93182588
3.32642556
3.28226040
3.16691830
2.91662668
5.04046521
3.19521050
3.29493091
2.83320529
2.56537691
2.61183810
1.63945376
0.49513144
0.39074642
0.07492138
1.79935248
1.74503128
-0.12354939
1.84430550
2.09973538
-3.14203361
-1.57987632
-1.84107678
-1.91994260
-1.78021841
-1.23243916
-2.80397903
-2.17689435
-3.28365012
-3.14361430
-3.15819246
-3.53062492
-3.25976345
-3.57361912
-2.84111313
-3.18760246
-2.87907745
-3.02671079
-3.48345498
-4.05399455
-3.92304032
-3.83096630
-2.81770028
-3.14515032
-3.91714662
-3.52864034
-3.66268432
-3.62367965
-2.95396281
-3.32642252
-4.14928153
-3.38447426
-3.06656325
-3.65140196
-3.00081901
-2.86142785
-3.01964624
-3.29020562
-3.91933417
-3.19265649
-3.53393948
-3.38736524
-3.57847432
-3.07151282
-3.36789395
-3.28885650
-3.04034956
-3.92732518
-3.96847819
-4.22393823
-3.82360379
-3.64349769
-3.04795739
-3.40172335
-3.27430552
-3.84619797
-3.46855398
-3.41286660
-3.66944411
-4.08595112
-1.90389109
-3.29607129
-2.69519373
-2.41823321
-2.19397086
-3.23833985
0.24462416
-2.18277081
-2.73559350
-3.12561098
-3.58655822
-4.17546047
-3.62686055
-3.63316398
-3.39535352
-3.59817585
-3.27438859
-3.32510958
-3.51034469
-3.94059587
-4.24460494
-3.31415536
-3.42513532
-3.29557758
-3.48364639
-4.18858682
-3.40538065
-3.80837199
-3.95067425
-3.20825317
-4.06691684
-3.85818352
-3.39172212
-3.73860203
-3.74845094
-3.81081067
-3.47352564
-3.73286917
-2.85153508
-3.82971215
-1.35733161
-1.19420261
-0.55652138
-1.45528391
-0.38496261
-2.09165949
-1.56501496
-4.53232854
-3.81578270
-5.23492393
-4.23050148
-3.97478336
-4.27960054
-4.43159788
-4.36153470
-3.39286191
-3.48354814
-4.97842441
-3.03343436
-3.74042654
-4.02756972
-4.02679663
-3.86855751
-4.08038667
-4.62096211
-3.89326081
-4.64107396
-3.18541560
-2.91588406
-3.08385773
-3.12540850
-3.69227679
-3.19821408
-3.06490187
-4.72983024
-2.18929423
-3.31450992
-3.49548553
-2.38776598
-2.40220797
-2.85352271
-2.46200411
-3.30009220
-2.67374943
-2.60730795
-3.56342034
-1.37732770
-1.72369901
-1.53245005
-1.59723136
-2.77111445
-1.57061558
-1.84181030
-1.71571441
-1.41236501
-2.04628144
-4.89799528
-3.87328869
-3.65789263
-4.06510622
-3.40828852
-3.77642664
-1.79845710
-4.73683423
-3.48439591
-4.41146045
-4.14839388
-4.35668706
-3.60552005
-3.75202578
-4.14925318
-4.58497535
-3.05318098
-2.59672555
-3.45333734
-4.35615152
-3.40738866
-3.42823026
-3.55000273
-3.98068611
-2.18342271
-2.14479736
-2.53443360
-2.56946308
-2.89034780
-2.76960962
-3.76490550
-3.44825610
-2.66035787
-3.67289449
-2.56256068
-3.14898626
-2.02084032
0.30261328
-1.89076755
-1.55541804
-0.85679542
-1.72994802
-1.63590016
-1.81299605
0.65719842
0.35930836
-4.42555959
-3.57743559
-3.54690798
-3.38183746
-3.56990766
-3.96632227
-2.78913226
-3.68430552
-3.78193664
-3.06235815
-2.81196617
-2.77877041
-2.43251508
-3.03098954
-2.48928702
-2.74939249
-4.27743227
-3.35372271
-4.40201554
-3.81360637
-2.89778402
-2.44908514
-2.61299308
-1.65284057
-1.48935748
-1.33481140
-1.57127902
-1.63678182
-1.69097226
-1.79436488
-1.77147778
-1.95811076
-1.76248474
-0.28524144
0.32673018
-1.40411228
-1.09954266
-0.08943789
-0.44290425
2.55455334
1.60697818
3.62333696
2.40347195
-1.80213673
-1.85197980
-2.14969872
-2.57937145
-2.23972342
-2.83108955
-2.94216384
-2.38155026
-2.89470132
-1.90531548
-2.96944231
-4.38689830
-3.16605490
-3.54543553
-3.96998314
-4.04392954
-2.92664862
-2.84021827
-2.87895109
-3.36069745
-3.90738370
-3.16287393
-3.46177935
-2.81277389
-2.52637940
-3.01829059
-2.71809418
1.77204774
-2.92937753
-4.11796481
-2.49308258
-2.61058189
-4.51867578
-3.43508335
-3.51576365
-2.46110715
-2.37721463
-2.67679491
-2.80134677
-2.04564862
-2.68805984
-0.38608093
-0.45070200
3.08143124
-0.01852258
-1.08576119
0.44534889
-2.18503236
-3.93006415
0.30131466
-2.25332439
-3.98900066
-2.36764046
-2.96211448
-2.88282287
-2.10773719
-2.59957466
-1.89472572
-1.99458457
-2.24383847
-1.76452519
-1.16911942
-2.64218750
-2.37965894
-2.27377541
-1.98608554
-1.50113057
-2.00123466
-2.29683364
-2.03880717
-0.97102863
-2.15638181
-1.41291886
-2.09297589
-2.32480863
-2.37311023
-1.91787665
-2.29924003
-2.30556533
-2.17136103
-1.71504595
-2.11748827
-1.84729656
-2.21559304
-2.79719073
0.06992145
0.94444211
1.46628975
2.98709563
-0.08080924
-0.40124515
0.05901024
0.54136202
-0.54545366
-0.66994947
-1.27491039
-1.57093129
-0.93381715
-0.79113376
0.16304529
-0.51841433
-0.77735943
-1.19552781
-0.85857514
-1.40311527
-1.48567521
-2.68843803
-1.62057335
-1.91765675
-2.15434856
-2.13232616
-2.07262701
-2.41547522
-2.81402257
-1.86884995
-2.26022673
-2.12449224
-2.12548967
-0.91410599
-2.00276624
-0.58369245
-1.95860499
-2.20663037
-1.10717751
-1.85424461
-2.37383877
-2.25805525
-1.25717725
-1.91639851
-1.72075256
-1.84029936
-2.09350888
-3.15922783
-2.24987975
-2.29490318
-0.10226868
0.05719864
-0.40165292
0.05238233
-0.60055037
-0.40481083
0.58256224
-0.65678922
-0.18896579
-1.33787250
-2.09940256
-1.89492002
-1.31350511
-1.62745774
-1.15435406
-3.19266190
-0.74645035
-0.91198356
-1.27921300
-0.67837009
-2.17546218
-2.57907425
-3.29515573
-3.11009674
-2.31131804
-2.19175914
-2.24782544
-2.94176329
-2.14529874
-2.32091952
-2.77519701
-2.18398844
-2.33746484
-3.15768447
-3.57006808
-2.03364367
-2.74851673
-2.93617237
-3.15942101
-2.33449641
-2.04322005
-2.06624963
-2.71854635
-2.20749639
-2.36077432
-2.24257276
-2.06697633
-2.19334960
-2.43382208
-2.36709970
-2.58841145
-2.27572157
-2.52854340
-2.14604717
-2.14892424
-2.13473901
-0.45681174
-2.78364943
-2.24246182
-2.48546706
-2.61040942
-1.61884630
-0.81120622
1.08883068
-0.70678686
-1.41954965
-2.23787053
-2.27101791
-2.37991903
-2.24525389
-2.42455605
-3.08955415
-2.41651621
-2.26416768
-2.27746264
-2.14729840
-2.15751256
-2.33090295
-2.24773993
-2.93253831
-2.50470401
-3.14599752
-3.53398118
-2.10983217
-2.83411855
-2.83019070
-2.19138545
-2.78611906
-2.85675057
-2.68201274
-2.50450690
-2.18141833
-2.33888043
-2.60203191
-2.99740018
-2.52640474
-2.65820317
-2.80762310
-2.60389757
-1.99039375
-2.07733041
-2.52224247
-1.71647800
-2.56632038
-0.95716777
-2.65837985
-2.13586836
-1.79002130
-2.15190739
-1.20373367
-1.48566703
-1.31673875
-1.14842880
-1.46911242
-0.47765366
-0.86027154
2.67600193
0.16080834
-2.47622187
-1.49961214
-3.68740532
-3.47166084
-4.86877966
-5.37480717
-5.48381642
-4.17268517
-4.58700471
-2.47265942
-4.40791504
-3.44772643
-3.11238804
-4.75241637
-4.27347918
-4.60425076
-4.59543207
-4.23430204
-4.08836434
-6.38027273
-4.18870381
-4.69115765
-4.91271557
-4.31288001
-6.45960281
-4.17917660
-3.69375984
-5.85574967
-5.96303003
-5.23314080
-6.38848586
-4.86722266
-4.27909838
-3.87656076
-3.89607324
-4.41862541
-4.01949646
-4.86690171
-5.02665144
-4.75989671
-4.49121135
-3.88324458
-3.00845061
-3.25103244
-5.82925155
-4.22192055
-3.15756982
-3.59157345
-5.96694162
-3.53931724
-3.61445736
-4.10861155
-4.06057570
-3.23985615
-3.57678694
-3.81431067
-4.77256219
-4.65910628
-4.05069293
-4.93540094
-2.94423035
-3.55776032
-2.02446800
-4.28059575
-5.68276412
-3.88235518
-0.64761621
-0.91103478
0.11010146
-0.64498511
-1.27279284
-2.81098712
-5.42054169
-4.83126845
-4.79777469
-3.95463204
-2.88484849
-4.78525862
-4.11531602
-3.95625099
-5.00097550
-4.29524064
-6.01836116
-5.99380706
-3.88903948
-4.52511250
-4.89228414
-3.67544838
-6.40993655
-5.05775964
-5.24432799
-4.82676109
-4.11513950
-4.26184098
-6.30460702
-3.43693942
-6.47294124
-6.19602763
-4.30741380
-0.86478847
-1.52735033
-1.71388364
-0.98581151
-1.41393518
-0.95527143
-0.55561960
-1.06997505
-1.06281049
-0.73529663
-1.00159024
-1.00539591
-0.96146273
-0.82800437
-0.10635437
0.23168908
0.37899343
-0.16174921
0.02764119
0.18665018
0.11570269
0.02793699
-1.76038267
-1.17911318
-1.17322041
-1.14018246
-0.99353451
-1.09777241
0.23296211
0.50918100
-0.09138256
-1.52951347
-0.72359032
-0.77243126
-1.37479199
-1.75065993
-1.07207254
-0.52179478
-1.29333584
-0.61194901
-0.93313220
-0.63020218
-1.05617866
-1.02897015
-0.68669498
0.85385269
-1.25787859
-1.22475184
-1.48750106
-0.77998402
-1.04256318
-1.19505676
-1.59850980
-0.98800581
-0.94698104
-1.06473177
-1.22111147
-1.15644541
-0.81034305
-0.50145311
-0.33004997
1.33946826
-0.39102840
3.11804433
0.90277719
-0.37480547
0.32538259
0.64188792
-0.63756797
-0.65363063
-0.52255209
-1.00491796
-0.41960196
-0.57909149
-0.40796994
-1.32961041
-0.60132822
-0.64113911
-0.89689589
-0.84526231
-0.77063877
-1.73889154
-0.96009795
0.27652755
-0.84276351
-0.99252698
-0.34448303
-0.81217867
-0.64812769
-0.02248811
-1.97260004
-0.60310935
-0.86711342
-0.83205866
-0.35570943
-0.40035086
-0.21178282
-0.33768584
-0.77639410
-0.61415348
-0.53073724
-0.65983271
-0.65840341
-5.02984374
-5.02562913
-4.65859578
-5.32707390
-4.51436800
-5.16575422
-5.62039473
-4.73545636
-4.90435854
-5.16879424
-4.49573974
-4.54326749
-5.37833295
-4.67450430
-2.73087965
-3.60077848
-5.14232133
-4.95171886
-3.99254231
-5.23066025
-3.97891617
-4.75700608
-4.47668459
-3.96840875
-4.00130937
-4.48838876
-4.59661945
-5.03078581
-4.35926009
-4.32807820
-4.83560085
-5.20204155
-5.75851778
-4.34948414
-4.51073017
-5.25793060
-2.21031441
-3.65231654
-4.16345154
-2.33019937
-4.21443500
-3.95790049
-5.14661153
-4.63923821
-4.16942012
-4.47560662
-4.82773170
-4.23097233
-4.35528091
-4.74768320
-4.93766255
-4.29952016
-4.74656804
-4.57192213
-6.09954254
-5.02505582
-5.02611935
-4.98481318
-4.88277161
-4.84776281
-5.16725371
-5.30232919
-5.62161063
-5.29388528
-5.15528124
-5.46135094
-6.02024451
-5.19148164
-4.82035513
-4.42399892
-4.81600403
-4.66158931
-4.83839879
-4.39802173
-4.51356427
-4.76821490
-4.99189974
-4.28613051
-4.21671192
-3.91485459
-4.60208467
-4.79298536
-4.84660755
-4.38329647
-5.48607137
-4.81134953
-5.19155452
-5.68015751
-4.87489524
-4.67366474
-5.39286518
-4.82480425
-4.48700458
-3.37484990
-4.18168088
-4.29319260
-3.81620673
-4.67556153
-4.87820630
-1.73402548
-4.43751405
-3.93666602
-5.37926348
-4.44348447
-4.14303729
-5.38934819
-4.14249827
-4.01696481
-5.37158549
-4.58666435
-5.39450881
-5.25863987
-5.02069207
-4.59471599
-5.73991898
-5.58197342
-5.61914648
-4.78193626
-5.16768866
-4.57539627
-5.39196174
-5.71686275
-5.32492065
-4.97300796
-5.22896878
-5.66266879
-5.08762381
-5.83344970
-6.20633329
-6.09138098
-5.93711029
-4.58833566
-5.70363936
-5.40513191
-4.95643770
-5.91860799
-4.90075014
-5.34926070
-5.59870891
-5.59389690
-5.04796505
-5.74322655
-5.04494867
-5.07928171
-4.76857857
-4.31275075
-5.97500845
-5.98728826
-5.73146259
-5.73064199
-5.05753662
-4.82009056
-6.19443800
-7.09410155
-4.88981031
-5.54786461
-5.27115344
-6.30026628
-6.06396097
-5.65970174
-6.23942461
-4.59636363
-5.09017825
-4.44350294
-5.06066820
-4.67260551
-5.08571315
-4.80864236
-4.68601708
-4.78310613
-5.83073927
-4.80841529
-5.99127686
-5.56822811
-5.64866745
-5.82913155
-5.40904212
-6.01667088
-5.04946796
-5.77164401
-6.02802104
-4.94326016
-5.10602387
-4.94230889
-5.87570725
-5.12809269
-5.16142318
-5.79120369
-4.89864919
-5.97443480
-5.74509919
-5.47320232
-5.89046155
-5.09779839
-5.57614424
-5.44872445
-4.87959046
-4.99068940
-6.04742160
-5.69281207
-1.60697815
-1.85834418
-2.28588865
-0.41781918
-0.79363428
-1.00358787
-0.34794189
0.56040211
0.49967723
-0.09049116
0.03970502
0.45682301
0.35970288
-1.96985826
-0.59028117
-0.35808990
-0.94323442
-0.90695003
-1.54290893
-1.71020961
-1.72819154
-2.13458489
-1.77276355
-1.85092808
-2.08986345
-1.96578261
-2.15402444
-0.38880477
-0.65778465
0.04803309
2.19584328
2.46368656
2.31832998
4.46153575
0.96688756
1.90665694
-1.90542026
-2.54622513
-1.53490764
-1.77753995
-2.34848412
-2.19159431
-2.38809089
-2.46121668
-1.71659325
-2.10501685
-0.77024006
-0.24015402
0.10965753
0.21567417
0.42106526
-0.18005282
-0.58002137
-0.09891218
1.24126473
-0.82228705
-0.62385634
0.15027479
0.55848976
-0.23562253
-1.24845019
-0.93247115
-1.48234078
-0.65981162
0.24065190
-0.74222598
-1.80604084
-2.26196964
-1.26308268
-1.90392683
-1.65203421
-1.91765151
-2.19025438
-1.67912137
-1.71837330
-0.66444132
-1.38650251
-1.52788019
-1.58872700
1.23131955
-1.58394483
-1.12193216
-2.10836720
-2.15686599
-1.29583894
-1.67612592
-1.58365756
-2.20905489
-2.06209546
-1.87788956
-1.85669417
-2.20712654
-2.09711036
-1.94516960
-2.46862663
-2.09346687
-2.03040081
-2.00900849
-2.09446866
-1.94897791
