-10.09542315
-9.99542015
-10.39740657
-8.83380482
-9.51858655
-10.95849348
-10.58539611
-9.56636071
-8.86705141
-8.64793267
-10.67916195
-9.80476349
-10.74380196
-8.56597558
-9.44914013
-10.54340802
-9.38201156
-9.69424090
-9.22524036
-8.83446659
-9.98063944
-8.84026727
-9.08326271
-9.58191394
-8.88859830
-9.97936229
-9.53703296
-9.05629716
-9.15082746
-10.80333112
-8.09515709
-8.71615509
-9.99062559
-8.66160952
-8.74710279
-9.52689578
-9.00285820
-9.65196715
-8.96715598
-10.43895458
-9.37723026
-9.09871229
-9.29842514
-9.70772693
-10.45296567
-10.54286907
-10.97495606
-9.32233304
-10.14501983
-10.70427827
-9.87190894
-10.73630495
-10.92401868
-8.96439455
-10.16514008
-9.38082870
-8.78485939
-9.29831969
-10.60497355
-9.40918731
-9.01826754
-9.06340740
-9.54101277
-10.82763797
-8.94487385
-9.30882680
-9.56316643
-8.29625331
-9.30977301
-9.17820475
-9.82379564
-9.72268520
-9.04595649
-9.55091419
-10.07484334
-9.37899958
-9.78258371
-8.57330095
-9.38166136
-9.96525555
-8.84910795
-10.48796267
-8.60389954
-10.49361222
-9.04409972
-10.62305907
-10.15232195
-9.86046033
-9.40666419
-9.10532166
-9.50660554
-10.73986953
-9.61808219
-9.02676046
-9.03542399
-10.40346102
-9.65264122
-8.82265022
-11.18851579
-9.74919438
-9.40359085
-9.03725296
-9.00603319
-9.03877910
-8.85198650
-8.99900132
-8.99921442
-8.92981319
-10.44764885
-10.43640198
-10.91902534
-10.66813006
-11.20626202
-9.36833989
-11.51362626
-10.91300330
-9.39569936
-10.53977376
-9.99585212
-10.38868545
-10.49467021
-8.55358740
-8.99082475
-8.77080292
-8.53310901
-8.53259569
-10.34352493
-9.16363780
-9.54913555
-11.18448494
-10.80369832
-10.82328788
-11.74961649
-11.47362838
-10.81159809
-11.58749092
-11.78654228
-11.21951014
-11.78975857
-11.21871240
-11.65812746
-10.07254784
-10.46083099
-10.49169789
-12.05496612
-11.93077708
-10.88261810
-11.37765876
-11.33362552
-11.30640056
-11.07573140
-10.23815114
-10.61947120
-10.57829070
-9.12841994
-10.64587814
-10.80687469
-10.95739739
-9.17818747
-10.54005454
-10.56490842
-10.88651623
-10.59597513
-10.68818809
-11.46008807
-9.70692597
-10.81968909
-10.67537761
-10.23664343
-8.35944659
-4.36171690
-6.49274535
-8.68853067
-8.68722948
-10.49951557
-8.73643451
-8.86138540
-10.38148440
-8.80294309
-8.93640554
-8.84361289
-11.26946585
-9.49366797
-9.90561668
-9.01387128
-11.71247901
-10.60072486
-10.87281181
-11.83877012
-10.08762431
-11.32367870
-9.67197736
-11.22572428
-11.22761468
-12.09735229
-11.04401430
-11.54733535
-10.61689511
-11.28400581
-11.54602129
-15.17512205
-15.13205855
-15.36329744
-15.02038374
-15.55941308
-15.31387807
-15.57337624
-15.07247925
-15.09507417
-15.35980995
-15.37947261
-14.54619532
-14.83613643
-14.62973678
-15.22078221
-15.29097024
-14.93767949
-14.50927993
-15.44469385
-14.23223876
-14.62292805
-15.07065428
-14.59435581
-14.72648077
-14.98812301
-15.53584045
-15.06292875
-14.86902844
-15.19768536
-15.14693527
-15.30566306
-15.21741258
-15.37757567
-15.88277023
-15.27407447
-15.64469013
-14.97461637
-15.65809837
-15.07651183
-15.40344291
-15.58762568
-14.57304133
-14.60667285
-15.19259092
-15.38666672
-14.81184993
-15.09726357
-14.78813132
-15.47193727
-15.50068458
-15.25519642
-15.81281213
-15.05339116
-15.40038116
-14.85277626
-14.78526283
-15.68291825
-14.92828512
-15.53848841
-14.81392717
-15.50566529
-15.54763067
-15.08558153
-15.57845730
-15.22216500
-15.60093793
-15.64175045
-15.01797251
-15.37724422
-15.67350506
-15.30922689
-14.59750201
-15.89287708
-15.01158164
-15.48942287
-14.79397533
-15.47152668
-15.78721956
-15.22321522
-14.86739065
-15.70274334
-15.27447643
-15.05494133
-15.48368115
-14.80782074
-15.19522890
-15.81523914
-15.46135584
-15.37199827
-6.81144325
-14.84073566
-14.49239710
-15.54281363
-15.10924259
-15.47351952
-15.20267441
-15.61919990
-15.45362006
-15.17082723
-15.52880003
-8.72618875
-9.07508822
-8.00228361
-8.45375442
-9.14385635
-8.48675885
-8.37713749
-8.09254782
-8.19801977
-7.55129019
-8.02249485
-7.07497705
-6.01103198
-8.95871752
-8.32719029
-9.05398271
-8.97471636
-8.67958933
-8.53316617
-7.77991833
-8.42386853
-9.09011565
-8.45141298
-6.77180169
-6.73909429
-6.95978497
-9.03901594
-9.09333069
-4.82094858
-5.64544532
-8.30121354
-8.36516132
-8.61207305
-3.34804605
-8.91053464
-8.59876751
-8.39347359
-8.42273810
-9.26333998
-8.38421575
-8.73174107
-8.53360850
-7.94051634
-8.37709410
-8.97352939
-8.92833799
-8.42931745
-8.99755408
-8.94222230
-8.88464670
-8.49131789
-8.83118491
-8.80493338
-9.17133903
-8.06649336
-8.99645260
-8.18705065
-8.84428851
-8.27936352
-5.27481013
-6.06309481
-4.47127390
-4.29626352
-3.27474634
-3.20398904
-8.81417979
-8.74883527
-2.41423886
-2.23757422
-3.28907808
-2.10379808
-2.40810498
-1.93031206
-8.35383217
-8.38231139
-8.63918260
-8.41503989
-8.57311792
-9.05107184
-6.80952470
-6.15191341
-6.74448478
-6.55505776
-8.84637358
-8.90669008
-8.61827384
-9.08194221
-8.00520400
-8.29528646
-7.02005691
-5.86284121
-8.64841128
-8.92389413
-8.26187707
-8.47479564
-8.40565243
-4.53250026
-8.70089469
-4.88330307
-8.71704358
-11.63189568
-10.68691740
-10.68212453
-11.07643819
-10.23816582
-10.01406285
-10.25359689
-10.49041416
-9.31388685
-8.46983013
-8.01272320
-8.32423321
-9.84734657
-10.09105010
-11.20717852
-11.28073237
-11.01015565
-10.78046171
-9.95754360
-10.09235343
-10.02834391
-10.92235096
-10.78425096
-9.88906594
-10.46786890
-10.57543006
-10.22513627
-9.12356642
-9.45457384
-10.93781372
-9.92020276
-10.16393742
-9.83849400
-8.41488662
-9.26358889
-9.14681161
-9.05929459
-10.63916755
-9.22572070
-11.28933866
-9.74294789
-11.31877433
-11.48673565
-11.17756272
-11.48434100
-9.15931051
-11.37323292
-9.33313133
-9.39986534
-9.02309329
-9.43860684
-9.24322483
-10.37137764
-10.83617371
-9.73474893
-10.32367019
-9.81616577
-8.32653807
-10.27072784
-8.26312013
-10.17109726
-10.63251039
-10.05285063
-8.56378953
-9.79595762
-7.80359371
-7.73104620
-7.60517754
-9.12799628
-6.54863355
-10.68883011
-11.36807045
-11.20608125
-9.30538722
-9.62576141
-9.45682045
-10.02460129
-10.38982173
-9.58397085
-8.83344680
-9.47483331
-10.18035018
-11.05075110
-10.95454204
-9.33513949
-8.56745018
-10.26778749
-9.67058717
-10.83058560
-11.00648303
-9.68918562
-11.43015889
-10.71751196
-11.03810803
-9.37345213
-11.53881194
-11.53513385
-11.13367756
-11.26482680
-11.50816605
-9.77131520
-10.05574211
-9.34109131
-8.90358336
-9.80107663
-8.70720965
-9.22347597
-9.20294130
-9.78395642
-9.08921651
-10.07047587
-10.80218318
-9.63721872
-9.96667788
-9.57278662
-9.95725112
-10.16241199
-10.45766950
-10.19794214
-9.78782854
-10.52209009
-10.85994238
-10.34572383
-10.46552141
-10.50941519
-11.22198209
-8.50093025
-11.45539685
-11.32707979
-10.87038399
-10.83797158
-11.20609039
-11.00309550
-11.21190641
-10.62660220
-10.11899033
-10.77917569
-10.72598432
-10.73477222
-10.81952298
-11.25848557
-10.11335633
-10.89967208
-9.96403757
-11.53596841
-10.38264385
-10.17699304
-10.18417860
-9.39252689
-11.04996525
-9.20718332
-8.72632693
-8.88785059
-8.81558467
-9.22051135
-8.78204200
-9.23988558
-8.80425514
-7.57050388
-7.94477323
-9.65833368
-9.56752462
-9.44524142
-9.67601530
-8.97817696
-8.72865943
-9.81243556
-8.99202124
-9.43419119
-9.55380935
-10.93056089
-10.49159779
-9.08281076
-10.32036781
-10.15661468
-10.12856760
-10.48453330
-10.32397539
-9.87308249
-9.80091633
-9.49350490
-11.02701645
-10.56302039
-10.52049138
-11.02353342
-11.03898851
-10.09183758
-9.65850759
-9.59808628
-10.15917539
-10.56494294
-10.05709321
-10.08191178
-10.30564424
-10.24749821
-9.96494043
-11.78657049
-10.20009592
-11.61052133
-11.08397627
-13.31744367
-13.55813965
-13.34802815
-13.32489864
-13.79672607
-13.96726095
-13.72295005
-13.63444347
-13.37391448
-13.67573493
-13.77591346
-13.56436768
-13.47771443
-13.67281648
-13.08781343
-13.53192036
-13.61467911
-13.42058369
-13.13243502
-13.64772836
-13.19263008
-13.40019375
-13.33703260
-12.89542811
-13.36019003
-13.83499827
-13.45156543
-13.00941824
-13.40321787
-12.99193971
-13.38996970
-13.16794109
-13.27004023
-13.45116185
-13.47596886
-12.86681650
-13.03776205
-13.19404355
-13.25972568
-13.17396272
-13.33218214
-13.29484668
-13.54503638
-13.39449321
-13.97057069
-14.17692276
-13.83738344
-13.55150100
-13.61927983
-13.56915863
-14.07046848
-14.11082922
-12.87921722
-12.43505600
-12.52504867
-14.20252566
-14.58263198
-6.24176394
-13.34315568
-13.75686273
-13.74242195
-13.50830424
-13.89467495
-13.89808947
-13.39252003
-13.74055453
-13.87730034
-13.26304500
-13.09669044
-13.79572965
-13.62641689
-13.33933677
-13.31156608
-13.50890029
-13.30608638
-13.62765905
-13.45984640
-13.54672918
-13.31899244
-13.23102850
-13.17355438
-13.55233217
-12.87423161
-13.16867111
-13.10251362
-13.21951097
-13.19463605
-13.87497535
-13.25384721
-13.31612913
-13.10436036
-12.90930866
-13.18425159
-13.37195034
-12.87512311
-13.28149761
-13.22897622
-13.03708335
-13.07561849
-13.44687206
-8.93308748
-8.95628829
-8.76771956
-8.33186996
-8.74351550
-8.56805725
-9.03830173
-8.14725940
-7.90496404
-6.05572696
-8.79233921
-7.50451095
-8.44096251
-8.68178751
-7.83714534
-7.85266031
-6.85806749
-7.77038226
-8.55440120
-8.23781950
-8.65381954
-7.76005204
-8.81639117
-8.74644446
-7.67816142
-9.18873480
-8.68952327
-8.78967069
-8.51407341
-9.09010713
-8.70957923
-8.96342605
-8.69265120
-8.82423684
-8.38188685
-8.98202552
-6.14615618
-9.05255238
-8.44944332
-8.36011342
-8.46223916
-8.45494911
-8.51947142
-8.53531451
-8.48864212
-8.49069149
-8.36948882
-8.63410799
-8.59293311
-8.76306350
-9.28223795
-7.88014238
-8.20082845
-9.62586688
-8.70882190
-8.73240729
-8.38173212
-8.78885327
-8.77207709
-8.12179670
-8.61300492
-8.44752099
-9.03243750
-8.68868177
-8.94449708
-8.79606178
-7.57038216
-8.51033535
-8.18589631
-8.46697430
-7.59485862
-7.91328157
-7.97274093
-8.28810382
-7.13215666
-8.78119598
-7.85525909
-8.93291269
-8.84776317
-8.97945906
-8.68639142
-8.11871305
-8.76769052
-8.63373038
-8.83320550
-8.67766913
-8.82509307
-8.87424339
-8.80706316
-8.67284811
-9.57405685
-8.38970316
-8.69492648
-8.61936635
-8.11731950
-8.19683555
-8.10546343
-8.77618073
-9.49276942
-8.86285059
-7.80917964
-9.20989516
-8.45100262
-9.54311185
-7.58798736
-8.11349510
-5.16383124
-9.48575342
-8.68739123
-8.90241704
-10.20630561
-9.22797977
-9.74529183
-9.82093803
-9.68894739
-9.57494386
-9.79254778
-9.25522045
-10.67003064
-8.94515766
-9.98211459
-9.80536219
-9.47837567
-9.25782514
-10.49206971
-10.55312156
-9.95558469
-9.92626809
-10.21088692
-9.68648870
-9.75548487
-10.30590449
-9.81059428
-11.63841075
-8.77359443
-10.03827562
-10.02092000
-10.19298792
-11.80248847
-9.59413220
-10.72863138
-9.24471405
-10.55650158
-9.27523098
-9.80795206
-9.55682324
-11.40222070
-9.95440684
-10.75587764
-10.08921458
-9.13464456
-8.07225268
-9.12544422
-9.32542114
-8.91999566
-9.32761802
-8.81116826
-9.08565692
-8.93059010
-9.60351367
-9.77096096
-9.69730172
-9.49217155
-9.12850409
-9.64586220
-9.65107178
-9.55207897
-9.64269707
-9.51138135
-9.77284210
-10.16672915
-9.09323964
-9.04127491
-9.25761142
-10.29931962
-9.33327848
-10.18732762
-9.35129416
-9.67860811
-9.90216055
-10.23490931
-10.27216063
-10.71743340
-9.91486027
-10.27708759
-9.39291737
-9.70916275
-9.44088855
-9.76717106
-10.35269077
-10.60046169
-9.63301482
-9.62278317
-9.64190943
-10.49961162
-9.98391798
-10.20474965
-9.15123808
-8.92227192
-9.53557511
-3.50025675
-4.61760779
-4.42631900
-4.50909916
-4.42173579
-3.50356566
-3.72240448
-4.33000018
-3.59785863
-3.77941482
-3.55508249
-3.50611825
-4.63399992
-3.08431529
-3.21504591
-3.40353419
-3.99568054
-3.13233726
-4.17952096
-3.42864147
-3.08651286
-4.39013729
-3.06718624
-3.37918892
-3.42263596
-3.94926931
-3.34966052
-3.54172407
-3.59915234
-4.31119827
-3.63848873
-3.28993113
-2.88525973
-2.88343819
-3.60694179
-4.12105795
-3.06710125
-3.33966174
-3.63783921
-2.23924105
-3.10874687
-3.65612323
-4.04817919
-3.18211734
-3.40152536
-2.56914171
-2.72186406
-0.77210016
-1.84496136
-3.76901155
-4.08358293
-4.39780129
-4.43961168
-4.53077705
-3.08285413
-4.71408745
-4.25367352
-4.89699693
-4.11945137
-4.02160334
-3.37905918
-3.33656784
-4.18572901
-2.88015054
-3.62086868
-3.70254578
-4.63463120
-3.61783698
-3.47453387
-3.41458317
-4.33683925
-4.89807274
-4.73357372
-3.54914975
-4.62142394
-4.31106660
-3.33828790
-3.36751652
-4.23483502
-3.39207650
-4.36051984
-3.25255053
-3.94861166
-2.45370699
-3.56086377
-2.87487450
-4.31112470
-4.41017871
-4.21205465
-4.65568424
-4.29642078
-4.21999701
-3.91958927
-3.55779576
-4.33203787
-4.03406100
-4.54018443
-4.68674888
-4.57220836
-5.00695361
-11.38129512
-12.36732187
-11.15406992
-12.38805306
-11.50453197
-13.84342405
-13.42846768
-13.22777176
-13.00819533
-13.61606309
-13.53245457
-12.64703819
-13.48545747
-11.74427744
-11.33588389
-12.91998169
-11.62742685
-11.50233780
-11.50621985
-12.80815593
-11.36887001
-11.63393802
-11.48068965
-13.05302332
-13.37422549
-12.05334309
-11.65272035
-11.99168608
-11.07309810
-12.64656169
-12.43499600
-11.60700181
-11.88050862
-11.69672284
-12.67079847
-11.85798280
-12.38544834
-12.28389682
-13.34507456
-13.24781125
-12.53581146
-12.91987696
-13.38484566
-12.73577462
-13.31154035
-12.64314773
-13.27396974
-12.36822845
-13.15373901
-12.30200159
-13.27368592
-14.16914821
-13.57239363
-14.10535842
-13.31350690
-12.83473899
-14.63433203
-13.29629560
-12.59601096
-12.76752217
-13.45701780
-12.49577582
-13.33828229
-13.47897637
-12.12286136
-12.26136485
-11.73290421
-11.55075935
-11.16007833
-11.44122645
-12.82543363
-11.65308817
-13.30417106
-11.62612884
-11.60771948
-12.79153413
-12.52148215
-13.00272737
-12.64395702
-14.02621264
-12.13424114
-11.98842454
-13.39225065
-12.40954330
-14.05805442
-12.77073701
-12.94190887
-12.92224401
-11.35930932
-11.24463010
-12.23412142
-12.21456399
-14.53534485
-12.77915080
-12.28717978
-12.48973284
-13.35017407
-13.99355487
-12.49127813
-14.51847781
-7.92947640
-7.98014518
-8.20782488
-7.63157818
-5.64791625
-5.36468025
-4.65887959
-4.89498875
-7.52348872
-8.60856273
-6.47133757
-6.83951199
-6.42364558
-5.15470087
-8.10036841
-5.16896823
-7.94772114
-5.24092246
-5.67649537
-7.53079002
-8.05565682
-7.03994427
-5.75910586
-8.05612835
-8.17413688
-8.01188738
-7.95973217
-5.61966703
-7.88325022
-7.93963783
-8.11173271
-7.74064894
-5.58100096
-4.26314286
-7.74403258
-4.65446606
-4.50493210
-5.12305823
-7.04302139
-4.39590313
-6.29497220
-4.63790012
-6.12809997
-6.14055926
-7.94108350
-7.81533350
-4.92259899
-6.56326808
-4.63011323
-6.09192936
-4.44231780
-2.72165405
-8.07701355
-8.56041191
-7.95202953
-7.51967785
-7.47025076
-6.58337053
-7.20000547
-8.49360053
-7.33049877
-7.50618267
-7.73135945
-8.00642292
-6.57398176
-4.73638394
-7.64860175
-4.55802008
-4.68756475
-5.19064016
-7.79760481
-7.20606428
-5.73376490
-6.24961666
-6.75870305
-5.65283225
-5.00777270
-8.05200058
-8.52757671
-5.66998707
-8.01124710
-4.95067608
-4.11835179
-3.92329765
-4.81253029
-1.70088543
-3.76939803
-4.49180767
-4.65236228
-7.65585442
-4.71779610
-8.04585694
-7.93575191
-7.99866898
-4.74609280
-7.83384548
-5.04464623
-5.15800263
-7.85309292
-7.92390216
-10.12138370
-10.12712421
-8.26966536
-10.41117478
-9.67566008
-9.41167104
-9.74328753
-9.87925647
-10.47963668
-11.12092507
-10.07277701
-9.83723102
-9.81560977
-10.39868809
-9.28487838
-9.42037577
-8.92174758
-9.35350299
-9.18563415
-9.61682466
-9.10797724
-9.51248132
-8.95905422
-8.68845560
-9.43364693
-8.97860630
-8.15046643
-8.77072940
-8.01111321
-8.09638407
-8.56202852
-8.08649000
-6.52639328
-9.91852476
-10.29568006
-10.48495958
-9.42046926
-9.61576407
-10.32383086
-9.97042981
-10.11245114
-9.91624614
-9.99611173
-9.31250910
-9.33858997
-9.59617838
-9.17424362
-10.03877154
-9.61412723
-8.99205786
-9.77805160
-9.35968755
-9.46186195
-10.79787975
-10.36300175
-10.66476405
-9.95517998
-9.74034513
-10.68549061
-10.10283457
-9.83601501
-10.55029556
-9.04463103
-9.54613197
-8.45780679
-9.63598037
-7.98174937
-8.78315982
-8.82360274
-9.00255351
-8.33701517
-10.46863359
-9.87536495
-9.54708392
-9.63436222
-9.88511089
-9.81610083
-9.39094361
-10.71094306
-9.93607166
-9.64471580
-10.12210633
-9.99992227
-9.38682375
-9.37243817
-9.88260232
-9.55731003
-9.23674249
-10.56577056
-8.60352816
-8.79973726
-8.23700613
-10.21577449
-10.77096057
-10.50051806
-9.54873194
-9.98650701
-11.45761326
-10.18407413
-10.69379910
-6.26790579
-6.36469412
-6.98145613
-6.95777205
-6.27794913
-7.10652687
-2.96013563
-4.30181646
-5.13041071
-4.09729850
-4.75077189
-3.71077466
-3.39817708
-3.03302668
-3.32491380
-7.13568923
-6.79447458
-4.76709097
-4.85529364
-4.96746844
-6.19095829
-6.49101365
-5.97488152
-5.39309765
-6.00593319
-5.83546283
-2.43273940
-1.55760017
-2.19739578
-2.44614404
-2.79019230
-1.98181665
-1.83051443
-2.10369399
-1.34274106
-6.52686841
-6.34675749
-6.11988854
-6.41259091
-6.33799404
-7.74623987
-6.51868558
-6.19735628
-6.79907952
-6.12722305
-6.33598019
-7.40707240
-6.07068409
-7.15571441
-7.21536489
-7.12664726
-5.45657723
-7.15765667
-7.18105072
-3.29858260
-6.31576342
-6.01573154
-5.00310845
-6.27841326
-6.09622764
-4.94186768
-4.61282081
-4.02853026
-2.63963883
-5.54856186
-5.27152310
-5.58899799
-6.21713431
-6.08803600
-6.01306448
-6.49633144
-6.21780084
-6.47968235
-6.09725818
-3.86612538
-4.36575045
0.39642261
-1.06841426
-1.40423457
-0.99709977
-1.11304416
-1.43839922
-1.82980374
-4.13243642
-4.37678245
-2.05298951
-4.47432432
-5.08510766
-4.82685116
-3.89030891
-3.12290945
-3.76869924
-3.91780201
-4.79202458
-5.94633298
-6.31314573
-4.86310321
-4.94936445
-2.75321298
-4.01832844
-5.08260433
-5.22269598
-4.94716450
-4.84599318
-4.67678068
-5.02697112
-4.76315072
-5.21727317
-4.83990767
-4.56370259
-5.32882371
-5.03941667
-6.05691362
-4.07563587
-2.77984328
-3.81359298
-3.97015624
-3.92833203
-4.03769996
-4.88608287
-5.06631388
-4.24958588
-4.57223492
-4.88196466
-4.21395964
-4.68332968
-4.64633018
-4.69003703
-4.57309712
-4.39098961
-4.62793098
-4.22832601
-4.65832060
-4.39823585
-3.56314166
-4.44924626
-3.36168978
-1.92160275
-2.12114626
-2.73835361
-2.32763858
-1.91227368
-4.67493104
-4.73440199
-5.23880737
-4.79738934
-5.78717612
-4.97279729
-4.85095184
-3.95696315
-4.99278626
-4.87197568
-5.16330873
-6.04248505
-5.35105287
-5.43972952
-5.65128503
-4.91431558
-5.28607651
-5.46495378
-5.24426197
-5.01529015
-4.97045848
-4.55814739
-3.74301688
-5.77350773
-4.09299257
-4.10520389
-3.89105251
-3.82554582
-3.85294781
-3.95483703
-3.87680980
-4.73162508
-5.04628505
-4.63181416
-4.97019435
-4.78416459
-5.11056359
-4.79541443
-4.83685622
-4.93875563
-4.92963961
-2.41235140
-1.87712205
-1.51041072
-0.91548566
-1.73263927
-1.81152204
-1.89263713
-4.61195596
-4.01297086
-2.80815638
-3.46912936
-3.17138625
-4.03687453
-4.14492769
-3.78579170
-3.66720991
-1.94358181
-8.54580691
-8.34594858
-8.53200424
-8.14258712
-9.20558513
-8.64779744
-9.31365953
-9.20808000
-8.07220583
-8.03257826
-8.75924261
-8.97941204
-7.99835565
-2.84404659
-3.05459957
-3.36040102
-8.00708367
-8.86360257
-4.51772503
-3.85423932
-4.61691648
-3.26081938
-2.93159100
-3.23875086
-3.11226094
-8.48477323
-9.41109652
-8.02130539
-8.34740067
-7.89624891
-7.62293565
-7.45568399
-7.66698500
-7.24386730
-7.82041068
-7.58554257
-7.52783583
-8.10479911
-7.72681032
-7.58448776
-7.46017089
-7.46604775
-7.19181918
-7.09179538
-6.35135737
-7.02185295
-5.87514558
-7.20102194
-4.85787855
-8.02340275
-8.03552262
-8.04953373
-7.83672437
-8.23391676
-7.55239026
-8.47447220
-8.15703346
-8.47860780
-7.91528913
-6.04541202
-7.82333452
-5.81252611
-3.96855924
-7.89447326
-7.77287275
-8.32328034
-8.16273256
-8.45793306
-5.91475202
-5.96941873
-6.79038818
-6.12616786
-6.36476696
-5.66761644
-5.64257664
-8.21861119
-8.41066843
-2.51318802
-2.02202518
-2.43599837
-3.51655143
-2.04628796
-3.04555918
-2.60208418
-7.95397947
-7.59656351
-7.74985158
-7.87331589
-6.23636889
-7.89743787
-7.21796954
-7.22899381
-6.98133248
-6.95020772
-7.13215299
-6.56661052
-7.19647796
-7.09108801
-7.44846226
-7.16354298
-3.46075495
-3.46701007
-5.10538859
-4.26076912
-2.41378325
-2.96309751
-2.76760672
-3.21290402
-4.18338229
-2.00357731
-2.50670819
-4.15632353
-3.14468411
-4.28500001
-3.21774231
-3.11015224
-3.14985901
-2.67012874
-3.54612599
-3.97826562
-4.96694500
-3.93821845
-4.43719011
-3.51840500
-3.21015979
-4.79847285
-3.82721592
-4.02799997
-4.71857893
-4.13690068
-3.23417412
-3.04906495
-2.41519896
-2.16996583
-4.49343185
-2.22335146
-4.18005903
-2.15419005
-3.20948070
-0.25160294
2.23069441
1.24225035
-4.01197903
-3.18677754
-4.37970986
-4.93587951
-4.10625275
0.67330696
-4.52526943
-4.96309427
-4.21118688
-3.94380194
-1.57180176
-4.06306586
-4.10724885
-1.31881199
-4.53383920
-0.99609976
-1.39266242
-1.21987401
-1.06720789
-0.99747369
-2.20060111
-1.03829631
-1.24542289
-2.91399240
-4.21878378
-4.18488321
-3.15820984
-4.17769865
-3.43729177
-1.31518536
-2.99346343
-3.73262465
-4.01177799
-3.49409679
-4.45217841
-2.92230535
-4.12848832
-4.07000972
-2.91987356
-2.84194933
-3.47484839
-4.91985299
-3.29981291
-4.17965746
1.12816767
-0.46639518
1.24720007
-2.64376775
-0.55854838
-0.47873871
0.05744835
-0.95952450
-0.33160163
-0.40789750
-0.98957025
-0.78929982
-1.07669721
-1.52947562
-15.47508774
-17.05840923
-17.02307152
-15.43663590
-17.08855697
-15.44003436
-15.50407156
-15.89374275
-14.26055042
-13.77179201
-14.17614981
-13.98607118
-14.80117641
-14.29187757
-15.87494086
-16.56410702
-16.67454058
-16.32510849
-18.06485530
-16.54340011
-15.94741279
-16.58740604
-16.92830935
-18.52583176
-16.59458227
-16.64282326
-16.44151862
-17.80666230
-16.84193755
-16.43303336
-16.51234268
-16.70075095
-16.61991287
-16.68427346
-16.99687558
-17.05986485
-16.10326608
-17.17898618
-16.04041826
-17.16435056
-16.79888559
-15.48322353
-15.19982668
-14.71702145
-16.14949103
-15.95515408
-14.72609125
-13.98658539
-14.14289433
-14.43463161
-14.11413503
-16.51589940
-17.03285830
-16.20872217
-17.33379051
-17.62973790
-16.74105386
-15.33141066
-16.91366091
-15.95591158
-15.23529187
-15.37931836
-17.21625382
-17.12212278
-17.17455866
-16.52735889
-18.15369256
-16.42728481
-16.77393770
-16.57313336
-16.55897963
-17.82375594
-16.53342750
-16.63805041
-18.04814824
-16.59779072
-16.62513273
-16.52302790
-16.68355098
-17.02356061
-16.41590491
-16.71036807
-16.94074230
-16.44342988
-16.77302975
-17.62722986
-17.03641928
-16.62472435
-16.50008290
-17.98249362
-16.58538773
-16.58390039
-17.51510439
-16.88978083
-16.44945026
-16.96737423
-16.75932707
-16.63041003
-16.65742493
-16.34715456
-10.70708528
-11.72700122
-10.81728676
-10.06006170
-10.28559255
-10.82836030
-11.28019645
-11.37128103
-10.02122019
-10.98826636
-10.18376642
-11.20855477
-10.66006169
-9.64532607
-10.45912754
-9.81587840
-11.04681941
-9.59491581
-10.10900193
-10.77245151
-11.29261507
-10.38187888
-10.01281292
-10.29576932
-10.30785233
-10.72081922
-11.01815126
-10.90603300
-10.07565378
-10.29621323
-11.76107390
-10.03976670
-10.67411311
-11.22637874
-11.09893242
-10.96144244
-10.59667557
-9.84757410
-10.66148245
-10.48149466
-10.83379313
-11.47591137
-10.54539197
-10.42745212
-11.08541680
-10.65004253
-11.93573736
-10.63617623
-11.54180792
-11.86255177
-10.33902672
-10.46063714
-10.96512733
-10.03065861
-9.40614318
-9.98307653
-10.62823824
-9.73797128
-6.89461828
-10.56203007
-9.98575731
-10.12489628
-9.61107726
-10.73974417
-9.84028082
-10.19234097
-10.29878252
-10.27804862
-10.30523648
-9.57327976
-10.61566956
-11.26923234
-10.65094492
-10.42996397
-9.61237559
-10.29796495
-10.67621796
-10.33754064
-11.65173854
-10.47445672
-10.25882434
-10.33847100
-12.37744469
-10.40351705
-10.20565642
-10.70983656
-11.65763826
-10.66934464
-10.39517637
-10.70499244
-11.87258190
-10.54866424
-11.70977931
-10.47772102
-10.46445950
-11.01186846
-10.47456126
-11.88517998
-10.78716697
-10.72423911
-9.55730385
-10.60549216
-8.47395863
-8.92581959
-9.34220687
-8.84553193
-9.58335234
-9.83184497
-7.78308962
-9.98486624
-10.29107229
-9.40449311
-9.92606272
-9.96069870
-10.04595115
-9.84790750
-9.48986266
-10.15460770
-10.50736179
-10.06711765
-10.33454970
-10.44954260
-11.19321799
-9.79733616
-10.29483492
-10.78808783
-10.46486046
-10.55023645
-10.09150764
-10.05228017
-10.15548858
-10.68713966
-10.27902302
-10.12198273
-10.42649951
-9.74963678
-10.06019873
-10.09832301
-10.25743865
-10.39837400
-9.59392378
-10.16019405
-9.75997436
-9.71941680
-9.87717315
-8.99580869
-10.73074737
-9.97068666
-10.10013494
-9.55616535
-10.23959544
-10.02866351
-9.91238232
-10.06418191
-9.69660480
-9.96729270
-9.87184261
-10.73364032
-10.46809330
-10.32456679
-10.57109194
-10.02380450
-10.52466214
-10.32617760
-10.75887154
-10.67465669
-10.43247330
-10.67980099
-10.56200482
-9.70953408
-10.03426308
-10.90903439
-10.68592178
-10.51509907
-10.39041690
-10.30194672
-10.44487199
-10.32953893
-10.34605832
-11.19659878
-10.67760129
-10.60639952
-10.65527165
-10.15017354
-9.72480018
-9.98202669
-10.71997701
-10.63451034
-10.78812166
-10.85047912
-10.35553949
-10.56133281
-9.94324813
-9.99056369
-9.49524119
-10.51661574
-9.73921761
-9.72502358
-9.56729318
-10.56065114
-6.99164434
-6.37743276
-7.20063687
-6.83750783
-5.88436572
-6.95278511
-7.34580349
-7.44507863
-6.93577352
-7.21161355
-7.24062866
-7.44185899
-9.24310674
-7.60685135
-6.68985752
-7.62686221
-6.74268932
-8.33634552
-8.06654685
-7.48741296
-7.58580237
-7.06477409
-7.05575754
-7.80194099
-8.48093890
-4.85586199
-4.98512854
-5.72542239
-4.43814019
-5.10605611
-5.90995944
-4.09316921
-5.00126709
-7.92653912
-5.92807362
-6.52989486
-7.09520068
-6.39542390
-7.01817135
-6.55989705
-7.11641998
-7.37627530
-7.07573661
-7.20300282
-7.20959629
-5.68825819
-5.82901237
-6.32868119
-6.35693302
-6.20147514
-6.08502216
-5.73278112
-6.66807083
-6.34837750
-5.97001940
-6.19167688
-6.18930039
-6.89933379
-8.02300824
-7.37856203
-6.77475812
-6.64425188
-7.55649077
-6.96562336
-7.66912355
-7.92417401
-7.38334515
-5.61645852
-8.38405292
-7.71327896
-7.53691302
-6.16488629
-4.64946775
-5.17031362
-4.99980171
-5.11307390
-5.16745142
-6.70109657
-5.99703704
-5.83674707
-3.15972648
-3.79017028
-4.39683475
-3.17964375
-4.36095118
-3.81773728
-4.03114163
-6.77019504
-6.32733086
-6.92923254
-7.23740279
-6.81443375
-6.61610765
-7.46035535
-7.07469379
-7.74985885
-6.84236687
-7.15377544
-6.03526565
-6.95844778
-12.81124929
-13.02237123
-12.80175275
-12.65477405
-12.85723477
-12.71152641
-12.93434385
-12.39858782
-13.23321568
-12.68760611
-12.92002321
-13.32622148
-12.99416160
-12.52195005
-12.68613444
-12.53406327
-12.77646486
-13.26591696
-13.04404594
-13.13662055
-12.90771566
-13.13072618
-13.07907188
-12.86404690
-13.04086431
-13.51355058
-13.83032053
-13.18808160
-13.65150972
-12.72796547
-13.23253485
-12.63331060
-13.33211620
-13.67754418
-13.66966443
-10.04524188
-12.48764851
-11.87316166
-8.84733236
-7.58092629
-7.20848289
-6.03934356
-9.74072718
-12.26358048
-12.79087789
-13.24941830
-12.66754863
-12.71824224
-12.82378042
-12.00952716
-12.86318617
-12.82111523
-12.88072810
-11.86451847
-12.77302946
-12.98242743
-13.15728565
-12.11271378
-13.10911725
-13.76226638
-13.15759049
-12.81264339
-13.07898306
-13.13500145
-12.73991716
-13.32415517
-12.68737495
-12.59965381
-13.32626246
-13.43573341
-12.98201357
-13.70567464
-13.06067072
-13.17327315
-13.30809228
-12.88406139
-13.18029148
-13.47855941
-13.52661129
-13.41320067
-13.44622269
-13.18966247
-13.27723249
-13.19230635
-13.01328567
-12.99623550
-13.20018505
-13.35078831
-12.20078951
-12.78866393
-13.60815681
-12.67409975
-10.01999869
-9.66435615
-9.88827438
-12.28844800
-12.17701240
-12.28751001
-12.52579922
-10.37454637
-9.39545216
-9.40247882
-10.07746013
-9.83460888
-10.68839531
-9.41888763
-10.75358126
-9.90936626
-9.72733998
-9.18873944
-9.82427661
-9.64931661
-9.89518693
-9.40918644
-10.05582432
-8.79942704
-10.42237310
-10.03617313
-8.80491739
-9.92437460
-10.40846697
-9.17022020
-9.09646237
-8.86310559
-9.15472505
-10.71076191
-10.64204751
-9.01706266
-9.02793668
-9.80435138
-8.96654552
-8.75061322
-8.57927991
-10.64397150
-9.28105784
-4.97622778
-9.56419108
-3.80635134
-6.44645625
-5.32209415
-5.51534199
-3.55239729
-6.32341732
-5.71006392
-10.11038804
-10.23349629
-9.02086041
-9.27653180
-9.06687391
-9.97963346
-8.71179085
-9.90225349
-10.06852292
-9.36825309
-9.51460991
-9.77147596
-9.58692364
-7.99308517
-6.81947607
-9.05475475
-9.38280895
-9.41546973
-9.81700179
-9.83954375
-9.88809514
-10.77376881
-10.12121864
-9.69751748
-9.24461233
-8.94748804
-9.85500798
-9.17678808
-9.88835990
-9.29937573
-9.63529930
-10.14924684
-9.80999518
-9.02907656
-10.01511003
-9.94891709
-9.07911467
-9.19155065
-8.90091791
-8.94396385
-9.70579980
-8.67433614
-9.33777352
-9.99562348
-8.11136127
-10.00116078
-8.77240753
-9.62930867
-9.69188921
-8.14351138
-7.61080547
-8.65227840
-9.13828041
-6.09494996
-7.97805162
-9.42090919
-5.00994511
-4.47126393
-3.84662368
-5.03225021
-3.99450021
-4.87283037
-4.92158062
-3.52021617
-4.33059179
-5.36803648
-5.01044891
-3.53842677
-3.19532126
-3.05125351
-4.41264518
-3.46921831
-3.01403802
-2.32091069
-3.44738619
-3.60419233
-3.13842419
-4.28180566
-1.35279776
-1.65529377
-2.96760499
-1.97258498
0.57354471
-2.80707872
-3.89621656
-4.47574731
-3.28707592
-4.53013689
-4.51427766
-4.86864398
-5.53917488
-3.60820436
-3.72479634
-4.53411897
-5.60840875
-3.61443418
-4.78810624
-4.48387679
-4.43775779
-4.57599247
-4.12972352
-4.46227743
-4.40923538
-4.58203494
-4.49979642
-2.53869087
-4.92516549
-5.05632353
-4.39412417
-3.89683791
-3.33235394
-4.36508545
-4.09936282
-4.19480875
-3.23330766
-4.13136836
-3.82135636
-4.26471913
-5.14514764
-3.85318438
-2.53830230
-3.97433080
-2.86249996
-2.03905690
-3.10902089
-3.50422363
-2.98540074
-2.53494391
-1.67209181
-4.20772666
-2.73145999
-3.21517978
-4.94674896
-4.36853977
-4.49194308
-3.69310083
-3.05682439
-4.61183152
-5.12408361
-4.02864857
-4.56692673
-4.29357164
-3.72631461
-4.79099235
-4.37313653
-3.20762520
-2.91051534
-5.48379261
-4.01909061
-3.72483035
-4.90759014
-5.07698781
-4.57832470
-5.03217278
-4.61189620
-4.63796446
-2.31995187
-7.02510341
-7.32839470
-3.80269021
-4.90945721
-3.10691750
-0.82360374
-5.36763250
-6.69052198
-6.29831024
-6.52565021
-7.20356785
-6.08319825
-5.86938707
-6.30048778
-5.95777311
-6.19451671
-6.71079200
-6.61126275
-7.29555068
-5.85754396
-7.47947353
-6.40968041
-7.22594110
-7.63430952
-7.52989305
-6.85046241
-6.88636842
-6.97364768
-5.95354701
-5.32034930
-7.14361223
-7.22453582
-6.96516583
-6.51677036
-6.77634023
-6.30640633
-7.38377047
-7.44024909
-7.61008462
-6.13362613
-8.07256437
-5.86058994
-6.53697951
-6.46465941
-6.93960065
-6.85419339
-7.86038715
-6.30000364
-6.70407956
-6.96468300
-7.16430020
-7.78859956
-6.77878630
-7.15605910
-7.32003895
-7.16412106
-7.11780446
-6.78499446
-6.82185236
-5.08136966
-5.44988561
-5.86597756
-4.57400289
-6.24470722
-5.78715803
-5.64753140
-6.08653900
-6.28299164
-6.67113250
-6.51231749
-6.78228146
-6.63156651
-5.89105582
-6.83195955
-6.47862386
-6.82688155
-6.27359106
-7.12010360
-6.09209910
-7.10826002
-7.28941089
-6.87119039
-6.21387174
-7.01235173
-7.11176695
-6.41318850
-7.01597952
-6.03773609
-7.04585977
-7.45079977
-7.00775335
-6.49368507
-6.27063195
-6.63789224
-7.77824824
-7.47980055
-6.92898069
-6.27539131
-6.82834204
-5.87552555
-6.84639053
-6.47078256
-6.21673967
-6.58739198
-5.86140560
-7.26943573
-6.34034371
-5.77422061
-6.99067191
-6.32140410
-6.42189993
-5.79587943
-6.33568341
-6.53202292
-5.76129494
-6.14396310
-5.44989867
-5.36304654
-4.67110025
-5.91401072
-1.01439520
-6.28091162
-6.62657712
-6.72998585
-6.49635989
-6.03844239
-6.42269442
-7.03591583
-6.24124987
-7.54808525
-5.92524202
-6.20270392
-5.32509465
-6.01683445
-5.84086539
-5.55378055
-6.09632199
-6.47770445
-6.94359106
-6.32574571
-5.76858649
-6.36772469
-6.37569779
-5.53630374
-6.73985956
-5.99595583
-6.69682084
-5.53627638
-6.43826254
-6.52081491
-5.85859031
-6.72212756
-6.56175087
-6.23012378
-5.48739398
-5.85834207
-5.81920009
-6.22596052
-6.38593328
-5.75130944
-5.30213459
-5.91199750
-5.40231989
-5.42021232
-4.93981991
-5.65486536
-5.91577725
-6.12557668
-6.49791266
-6.59878864
-5.63228042
-5.77427478
-6.88080345
-6.49342497
-6.63508933
-6.18034060
-6.14856941
-6.22083474
-4.89162187
-5.91385159
-6.14614212
-6.99793547
-6.65165827
-6.42068957
-6.21747808
-6.17335012
-6.72959057
-5.85211618
-6.42161846
-6.17108775
-6.62815689
-6.82345893
-5.90870829
-6.14624010
-6.54182766
-6.27058456
-6.83763497
-5.97739263
-6.29205581
